0	-96.0	-128.0	-38.0	-39.0	-24.0	1.0	79.0	-1.0	77.39
1	3.0	37.0	21.0	-33.0	17.0	-59.0	17.0	21.0	89.48
2	53.0	104.0	66.0	-68.0	-1.0	-12.0	31.0	29.0	96.42
3	48.0	-13.0	-28.0	-22.0	36.0	-30.0	-33.0	-11.0	94.89
4	121.0	114.0	26.0	69.0	21.0	-2.0	-12.0	-19.0	95.33
5	-95.0	-52.0	-31.0	-47.0	5.0	0.0	-54.0	6.0	101.57
6	-17.0	-67.0	-53.0	-18.0	9.0	-11.0	22.0	-21.0	99.04
7	-24.0	40.0	31.0	19.0	8.0	30.0	-32.0	44.0	109.37
8	-72.0	-15.0	41.0	-13.0	-17.0	-2.0	-44.0	-14.0	109.11
9	66.0	-99.0	-19.0	-61.0	-11.0	-23.0	-21.0	-17.0	105.23
10	86.0	-71.0	112.0	39.0	34.0	6.0	5.0	16.0	105.63
11	-102.0	-87.0	-59.0	54.0	-10.0	7.0	22.0	-26.0	98.02
12	-98.0	-114.0	-79.0	82.0	1.0	21.0	47.0	-11.0	95.55
13	46.0	3.0	-11.0	-67.0	25.0	-3.0	-7.0	40.0	97.66
14	70.0	109.0	18.0	37.0	-16.0	9.0	-7.0	22.0	103.87
15	-22.0	-121.0	67.0	93.0	19.0	-3.0	25.0	-14.0	104.75
16	-51.0	5.0	-57.0	-128.0	-11.0	-14.0	53.0	-21.0	94.89
17	-56.0	-39.0	-48.0	127.0	27.0	22.0	-22.0	-10.0	101.29
18	127.0	93.0	29.0	-16.0	-2.0	2.0	-28.0	-13.0	94.11
19	-62.0	51.0	-68.0	107.0	1.0	-9.0	-13.0	-12.0	98.02
20	41.0	41.0	31.0	29.0	-6.0	28.0	22.0	37.0	96.51
21	48.0	73.0	38.0	76.0	11.0	7.0	-20.0	-2.0	99.04
22	-121.0	-42.0	-90.0	-74.0	55.0	10.0	3.0	-2.0	106.56
23	-49.0	-107.0	49.0	56.0	55.0	12.0	-13.0	9.0	106.56
24	-83.0	127.0	-35.0	34.0	-16.0	-73.0	-30.0	-2.0	109.24
25	-26.0	62.0	-31.0	-67.0	9.0	72.0	17.0	-17.0	108.25
26	72.0	53.0	79.0	-67.0	2.0	-11.0	-7.0	5.0	108.08
27	37.0	23.0	-53.0	-6.0	-8.0	19.0	-9.0	-26.0	106.78
28	14.0	104.0	37.0	14.0	29.0	-11.0	12.0	3.0	101.57
29	66.0	84.0	17.0	13.0	-82.0	-7.0	20.0	-17.0	108.71
30	-56.0	-55.0	27.0	-15.0	22.0	-25.0	-37.0	-16.0	99.31
31	-111.0	64.0	25.0	50.0	25.0	25.0	-22.0	-2.0	108.71
32	113.0	-83.0	-56.0	-60.0	-17.0	20.0	12.0	45.0	109.11
33	2.0	15.0	-101.0	95.0	-20.0	-1.0	19.0	-2.0	109.72
34	-52.0	55.0	53.0	-29.0	16.0	42.0	-49.0	-8.0	109.37
35	-102.0	-31.0	-47.0	-5.0	-67.0	-18.0	-48.0	-13.0	105.63
36	-20.0	-66.0	9.0	42.0	-3.0	-40.0	45.0	16.0	95.55
37	73.0	99.0	7.0	28.0	20.0	29.0	32.0	5.0	96.42
38	71.0	-68.0	-32.0	-16.0	-2.0	-17.0	-22.0	10.0	77.39
39	4.0	-52.0	10.0	-26.0	-18.0	-22.0	42.0	22.0	89.47
40	121.0	127.0	-53.0	-15.0	14.0	-6.0	-96.0	23.0	71.16
41	110.0	-93.0	17.0	101.0	15.0	-1.0	-16.0	42.0	65.58
42	-26.0	-98.0	5.0	-54.0	-16.0	19.0	-9.0	-38.0	73.23
43	0.0	-88.0	-23.0	108.0	15.0	16.0	-38.0	-24.0	75.37
44	-55.0	7.0	-53.0	-4.0	-16.0	-7.0	-14.0	22.0	71.16
45	127.0	37.0	63.0	29.0	-8.0	3.0	6.0	30.0	90.92
46	-127.0	62.0	22.0	-109.0	-24.0	44.0	-11.0	21.0	84.24
47	88.0	-55.0	60.0	55.0	7.0	-12.0	0.0	28.0	82.82
48	-128.0	-89.0	37.0	33.0	27.0	25.0	-24.0	-1.0	79.6
49	-21.0	106.0	15.0	48.0	-15.0	-9.0	-2.0	6.0	89.47
50	127.0	87.0	75.0	2.0	-62.0	-23.0	-37.0	27.0	69.49
51	6.0	-113.0	-38.0	-21.0	17.0	33.0	108.0	33.0	89.48
52	122.0	94.0	-86.0	-62.0	17.0	60.0	51.0	-9.0	68.84
53	-86.0	-24.0	1.0	-2.0	6.0	31.0	-52.0	-15.0	75.36
54	28.0	-32.0	-10.0	74.0	23.0	58.0	103.0	-44.0	73.23
55	-111.0	-54.0	77.0	-62.0	-21.0	11.0	-11.0	3.0	77.73
56	96.0	-17.0	-84.0	-3.0	-19.0	-56.0	0.0	-17.0	59.68
57	127.0	-128.0	-33.0	20.0	31.0	4.0	32.0	8.0	57.14
58	11.0	127.0	52.0	25.0	7.0	45.0	-33.0	-28.0	54.89
59	-56.0	54.0	-94.0	57.0	-2.0	-81.0	6.0	-30.0	55.23
60	35.0	-128.0	110.0	30.0	40.0	12.0	-46.0	35.0	55.23
61	127.0	1.0	26.0	-57.0	-60.0	-20.0	34.0	32.0	52.51
62	-64.0	44.0	74.0	18.0	38.0	-1.0	19.0	49.0	50.45
63	74.0	98.0	-47.0	5.0	3.0	35.0	-21.0	-36.0	48.91
64	44.0	73.0	23.0	-58.0	14.0	-8.0	-73.0	-57.0	47.24
65	-14.0	-83.0	-95.0	-16.0	-9.0	-24.0	58.0	8.0	47.9
66	126.0	46.0	-44.0	-29.0	3.0	-95.0	-7.0	35.0	48.31
67	-7.0	48.0	69.0	-16.0	57.0	8.0	-1.0	-3.0	46.42
68	10.0	-7.0	19.0	123.0	15.0	18.0	-70.0	-58.0	46.47
69	-64.0	-120.0	-58.0	56.0	-1.0	2.0	-16.0	-23.0	46.47
70	76.0	37.0	-44.0	58.0	-21.0	-10.0	51.0	16.0	47.28
71	28.0	-127.0	-26.0	23.0	9.0	-3.0	-24.0	64.0	47.28
72	-67.0	114.0	-128.0	-9.0	-6.0	16.0	-21.0	-14.0	52.44
73	-128.0	-84.0	114.0	112.0	-5.0	-10.0	-24.0	40.0	51.04
74	127.0	-24.0	2.0	-59.0	18.0	-2.0	3.0	-25.0	52.44
75	-128.0	89.0	-8.0	38.0	17.0	-7.0	-19.0	2.0	48.91
76	-58.0	-80.0	9.0	-42.0	1.0	22.0	116.0	35.0	67.14
77	72.0	38.0	19.0	14.0	29.0	12.0	-22.0	42.0	61.45
78	-89.0	-18.0	-4.0	28.0	3.0	17.0	-37.0	4.0	57.63
79	-84.0	120.0	20.0	-37.0	-18.0	35.0	-3.0	38.0	57.63
80	-6.0	-107.0	37.0	-67.0	-4.0	4.0	-15.0	-71.0	59.68
81	19.0	-5.0	-43.0	-15.0	15.0	0.0	13.0	-8.0	65.58
82	106.0	2.0	25.0	29.0	2.0	-1.0	-25.0	15.0	69.49
83	127.0	-51.0	22.0	41.0	40.0	-20.0	-10.0	-23.0	63.75
84	-39.0	-69.0	80.0	-18.0	-8.0	29.0	-71.0	-2.0	69.04
