0	-89.0	48.0	-10.0	-18.0	8.0	-12.0	11.0	20.0	52.86
1	82.0	-26.0	8.0	6.0	-15.0	-4.0	-25.0	11.0	75.45
2	-27.0	22.0	7.0	-10.0	27.0	0.0	-14.0	2.0	52.97
3	84.0	79.0	42.0	-128.0	12.0	16.0	-20.0	-26.0	54.41
4	-72.0	-76.0	42.0	-27.0	-10.0	39.0	70.0	-19.0	52.97
5	-128.0	45.0	41.0	26.0	11.0	1.0	-3.0	-32.0	62.6
6	9.0	61.0	19.0	-4.0	-11.0	0.0	-36.0	-85.0	58.9
7	-87.0	-71.0	79.0	40.0	-13.0	-33.0	-23.0	-25.0	52.86
8	61.0	18.0	-89.0	-69.0	-13.0	-8.0	-3.0	-17.0	55.24
9	127.0	50.0	69.0	103.0	-11.0	3.0	12.0	-74.0	70.08
10	-128.0	-114.0	-71.0	26.0	-39.0	6.0	7.0	28.0	53.16
11	-53.0	-61.0	-13.0	-67.0	-4.0	-23.0	-43.0	7.0	70.08
12	-92.0	70.0	-45.0	-75.0	2.0	-1.0	8.0	-42.0	54.06
13	-114.0	-103.0	82.0	72.0	17.0	4.0	3.0	8.0	52.46
14	61.0	-101.0	5.0	78.0	16.0	-14.0	-16.0	29.0	63.57
15	-81.0	33.0	-26.0	-62.0	-7.0	23.0	2.0	13.0	57.32
16	14.0	113.0	-28.0	8.0	-4.0	-16.0	-2.0	-21.0	69.72
17	-65.0	-48.0	-21.0	92.0	39.0	-13.0	-24.0	19.0	76.53
18	33.0	101.0	-71.0	-38.0	-3.0	-1.0	-13.0	5.0	75.45
19	4.0	-89.0	-9.0	55.0	13.0	-5.0	-10.0	-12.0	85.02
20	47.0	47.0	-12.0	45.0	-7.0	15.0	14.0	-64.0	74.23
21	-116.0	-13.0	68.0	0.0	33.0	-13.0	-5.0	-14.0	63.57
22	68.0	-128.0	42.0	92.0	17.0	28.0	-6.0	15.0	69.72
23	50.0	114.0	1.0	-22.0	14.0	-40.0	28.0	21.0	66.53
24	18.0	-94.0	-54.0	1.0	-1.0	27.0	-24.0	-29.0	94.5
25	-21.0	71.0	-61.0	57.0	-12.0	-18.0	80.0	55.0	94.01
26	-79.0	-24.0	-49.0	31.0	-13.0	-64.0	-92.0	-5.0	100.29
27	127.0	117.0	23.0	-54.0	-10.0	9.0	-6.0	39.0	88.3
28	-26.0	26.0	39.0	-4.0	-12.0	-3.0	3.0	-5.0	94.01
29	-81.0	12.0	23.0	11.0	29.0	35.0	-4.0	6.0	93.38
30	82.0	-86.0	-52.0	-16.0	-3.0	-10.0	-5.0	14.0	84.63
31	71.0	127.0	-19.0	74.0	-1.0	-42.0	-3.0	-11.0	77.38
32	90.0	-87.0	-6.0	6.0	9.0	-10.0	4.0	-15.0	85.02
33	84.0	26.0	23.0	-56.0	12.0	-11.0	-8.0	53.0	77.43
34	70.0	-94.0	-12.0	91.0	5.0	9.0	-24.0	-26.0	107.96
35	-92.0	-66.0	-66.0	95.0	-20.0	-11.0	-16.0	11.0	101.12
36	-128.0	22.0	30.0	-25.0	32.0	5.0	21.0	-28.0	102.89
37	-28.0	18.0	-10.0	1.0	3.0	15.0	5.0	24.0	102.49
38	100.0	-11.0	-128.0	64.0	-3.0	-20.0	25.0	-19.0	102.41
39	20.0	2.0	-12.0	-49.0	22.0	13.0	17.0	-65.0	107.24
40	-94.0	84.0	-14.0	35.0	6.0	5.0	-12.0	31.0	100.29
41	19.0	-43.0	34.0	-46.0	4.0	8.0	8.0	-14.0	85.81
42	12.0	46.0	-60.0	-53.0	-36.0	34.0	4.0	28.0	97.52
43	-4.0	-106.0	-38.0	-67.0	24.0	3.0	-25.0	7.0	95.23
44	117.0	-116.0	10.0	-92.0	7.0	37.0	-16.0	-21.0	102.49
45	-128.0	-78.0	8.0	0.0	16.0	-34.0	-14.0	-6.0	107.41
46	3.0	-75.0	-84.0	24.0	0.0	-9.0	60.0	-35.0	108.39
47	80.0	92.0	47.0	-21.0	-12.0	-12.0	-10.0	-41.0	107.96
48	-33.0	-128.0	-19.0	28.0	-26.0	-28.0	13.0	13.0	108.47
49	41.0	-38.0	15.0	-30.0	18.0	9.0	-54.0	-25.0	108.15
50	-48.0	110.0	3.0	-28.0	-21.0	16.0	-9.0	22.0	108.8
51	-71.0	-34.0	-9.0	-65.0	23.0	-18.0	-22.0	58.0	108.61
52	2.0	-30.0	-32.0	66.0	12.0	25.0	-36.0	-44.0	108.61
53	21.0	-9.0	18.0	-31.0	9.0	-8.0	30.0	2.0	108.62
54	-100.0	8.0	110.0	-5.0	-1.0	-2.0	-22.0	-41.0	108.39
55	28.0	30.0	-31.0	3.0	-7.0	-2.0	15.0	25.0	108.61
56	107.0	20.0	-39.0	-9.0	-22.0	-7.0	17.0	28.0	108.61
57	-78.0	-87.0	-25.0	16.0	5.0	0.0	-8.0	26.0	107.41
58	-41.0	75.0	40.0	-20.0	-41.0	-5.0	3.0	6.0	107.54
59	24.0	-72.0	42.0	-16.0	20.0	19.0	19.0	-19.0	108.37
60	-101.0	-80.0	78.0	50.0	-2.0	32.0	-5.0	13.0	106.37
61	34.0	9.0	31.0	71.0	-1.0	-5.0	44.0	-61.0	107.54
62	41.0	80.0	121.0	-16.0	-6.0	-6.0	6.0	-23.0	106.7
63	-45.0	127.0	-58.0	0.0	17.0	5.0	-6.0	4.0	99.78
64	-71.0	-44.0	-2.0	51.0	-9.0	-19.0	-16.0	-59.0	89.83
65	19.0	19.0	4.0	25.0	10.0	-17.0	-15.0	22.0	94.5
66	89.0	-32.0	52.0	30.0	-12.0	-28.0	-16.0	40.0	85.81
67	-20.0	-73.0	-96.0	80.0	-1.0	4.0	-13.0	0.0	102.89
68	-83.0	95.0	-40.0	-15.0	0.0	-9.0	-2.0	-29.0	89.83
69	78.0	91.0	-28.0	38.0	-5.0	-2.0	25.0	16.0	82.92
70	-70.0	127.0	17.0	-36.0	2.0	2.0	-6.0	-12.0	81.87
71	-51.0	-128.0	19.0	-30.0	7.0	37.0	-40.0	-33.0	77.38
72	-1.0	26.0	32.0	80.0	30.0	8.0	12.0	69.0	80.14
73	48.0	-89.0	22.0	-34.0	-17.0	4.0	10.0	0.0	77.43
74	111.0	-90.0	-38.0	62.0	18.0	-11.0	-2.0	9.0	84.63
75	-2.0	113.0	-16.0	-90.0	-8.0	2.0	-6.0	5.0	84.33
76	-128.0	-97.0	-109.0	44.0	-4.0	13.0	-1.0	22.0	83.57
77	39.0	-104.0	61.0	-55.0	14.0	38.0	-14.0	-20.0	76.09
78	102.0	-96.0	-29.0	79.0	-22.0	-16.0	29.0	10.0	80.14
79	-72.0	-85.0	-53.0	-5.0	-10.0	-3.0	23.0	-8.0	65.69
80	64.0	42.0	26.0	35.0	-7.0	35.0	-43.0	14.0	74.01
81	-76.0	-79.0	-72.0	10.0	-1.0	-21.0	-33.0	-24.0	60.75
82	127.0	11.0	-12.0	-63.0	-16.0	-12.0	53.0	-10.0	74.23
83	2.0	-17.0	-7.0	3.0	-18.0	7.0	2.0	39.0	59.06
84	115.0	-128.0	-32.0	-8.0	35.0	-2.0	12.0	-9.0	58.9
85	23.0	-23.0	20.0	82.0	25.0	19.0	-8.0	-1.0	71.98
86	75.0	-88.0	99.0	-20.0	-16.0	-29.0	-12.0	4.0	57.32
87	-15.0	31.0	36.0	13.0	-17.0	-3.0	10.0	-24.0	55.24
