0	-63.0	-75.0	11.0	-28.0	-11.0	-17.0	5.0	33.0	96.77
1	28.0	41.0	-54.0	71.0	8.0	5.0	6.0	13.0	84.1
2	-57.0	-67.0	85.0	-22.0	10.0	-24.0	2.0	19.0	81.97
3	-52.0	95.0	28.0	-92.0	-2.0	-30.0	-15.0	-10.0	93.61
4	97.0	-13.0	22.0	75.0	48.0	-47.0	3.0	24.0	96.96
5	82.0	-114.0	-20.0	-11.0	-15.0	36.0	25.0	3.0	100.17
6	127.0	94.0	11.0	-97.0	-20.0	-16.0	-32.0	-4.0	102.04
7	-13.0	-123.0	19.0	92.0	-13.0	-37.0	25.0	-16.0	108.74
8	81.0	-83.0	-37.0	-4.0	26.0	14.0	-3.0	-48.0	109.88
9	122.0	117.0	-62.0	-54.0	-1.0	53.0	10.0	-33.0	110.25
10	-83.0	-82.0	-19.0	-51.0	14.0	11.0	-21.0	73.0	112.16
11	79.0	-67.0	-54.0	3.0	0.0	3.0	-1.0	-42.0	112.17
12	17.0	-125.0	-8.0	111.0	-2.0	1.0	-52.0	-28.0	112.3
13	-29.0	-59.0	45.0	21.0	12.0	-2.0	-48.0	-50.0	112.17
14	36.0	59.0	77.0	30.0	-1.0	-21.0	17.0	-14.0	111.56
15	117.0	90.0	-53.0	-15.0	0.0	15.0	-51.0	41.0	112.02
16	38.0	-45.0	37.0	-128.0	-29.0	-32.0	25.0	-10.0	111.64
17	21.0	-124.0	-17.0	-32.0	15.0	19.0	-55.0	2.0	111.06
18	-109.0	28.0	-54.0	83.0	14.0	10.0	24.0	11.0	111.64
19	124.0	79.0	26.0	63.0	-7.0	8.0	5.0	26.0	111.56
20	15.0	-116.0	-38.0	1.0	19.0	15.0	-30.0	3.0	108.74
21	119.0	-6.0	29.0	66.0	34.0	-24.0	-7.0	3.0	110.25
22	-125.0	127.0	-42.0	62.0	-9.0	-14.0	10.0	9.0	108.5
23	85.0	127.0	-56.0	17.0	-3.0	1.0	-14.0	-90.0	100.9
24	127.0	22.0	33.0	-14.0	-6.0	4.0	31.0	-49.0	96.96
25	15.0	-94.0	18.0	11.0	-1.0	2.0	3.0	-22.0	96.77
26	-128.0	-48.0	-120.0	23.0	-22.0	12.0	-31.0	19.0	99.56
27	-125.0	29.0	95.0	-28.0	-22.0	16.0	-47.0	-46.0	99.82
28	25.0	107.0	64.0	-60.0	5.0	-12.0	-43.0	-49.0	95.25
29	-32.0	2.0	-46.0	127.0	8.0	-3.0	-7.0	-4.0	93.61
30	-99.0	88.0	9.0	-7.0	21.0	2.0	-70.0	81.0	85.22
31	-74.0	-70.0	41.0	1.0	21.0	-24.0	-11.0	10.0	77.68
32	-84.0	-4.0	-87.0	18.0	-3.0	32.0	-15.0	65.0	75.91
33	22.0	-114.0	19.0	-12.0	1.0	-33.0	1.0	59.0	76.58
34	-128.0	80.0	-25.0	116.0	7.0	33.0	-4.0	-41.0	78.91
35	127.0	46.0	65.0	-13.0	-35.0	-19.0	-12.0	35.0	81.66
36	39.0	-128.0	-12.0	67.0	0.0	-8.0	1.0	-70.0	78.91
37	-128.0	93.0	-15.0	39.0	-17.0	4.0	-31.0	-2.0	71.57
38	16.0	87.0	30.0	-63.0	-19.0	8.0	-16.0	43.0	71.23
39	-128.0	-54.0	-84.0	45.0	0.0	16.0	-79.0	-6.0	69.13
40	-128.0	48.0	-57.0	18.0	17.0	22.0	23.0	40.0	62.7
41	-91.0	-128.0	29.0	4.0	-21.0	5.0	-12.0	28.0	61.61
42	-61.0	68.0	100.0	-46.0	6.0	-16.0	19.0	0.0	65.98
43	80.0	95.0	69.0	-104.0	19.0	-2.0	18.0	-9.0	63.15
44	102.0	-110.0	-74.0	-59.0	-22.0	-22.0	-8.0	-18.0	60.83
45	127.0	3.0	38.0	45.0	24.0	-29.0	-6.0	55.0	55.85
46	98.0	-82.0	27.0	-56.0	19.0	-22.0	-9.0	39.0	55.85
47	40.0	-88.0	18.0	-28.0	-2.0	-12.0	-25.0	8.0	69.19
48	118.0	-120.0	61.0	64.0	-14.0	23.0	4.0	18.0	65.98
49	110.0	69.0	18.0	-7.0	24.0	14.0	70.0	28.0	55.11
50	127.0	-38.0	-24.0	-17.0	27.0	-26.0	2.0	0.0	52.23
51	111.0	51.0	-15.0	71.0	10.0	7.0	-4.0	2.0	51.17
52	22.0	56.0	13.0	37.0	-10.0	30.0	-37.0	7.0	51.79
53	45.0	-23.0	65.0	97.0	26.0	-22.0	-36.0	9.0	51.17
54	108.0	127.0	36.0	48.0	-6.0	0.0	-16.0	29.0	50.4
55	-14.0	-106.0	-65.0	-56.0	-12.0	-38.0	41.0	12.0	50.4
56	-128.0	-91.0	78.0	-67.0	10.0	9.0	12.0	-48.0	51.18
57	122.0	93.0	81.0	22.0	-1.0	6.0	37.0	37.0	50.79
58	60.0	18.0	127.0	-63.0	-6.0	16.0	-31.0	-11.0	50.34
59	127.0	-97.0	-35.0	-38.0	38.0	10.0	3.0	-1.0	50.46
60	127.0	21.0	28.0	77.0	-22.0	-4.0	4.0	1.0	50.41
61	34.0	109.0	21.0	-53.0	11.0	24.0	8.0	-22.0	50.41
62	-1.0	113.0	-65.0	-18.0	5.0	-2.0	-49.0	-17.0	51.79
63	101.0	34.0	39.0	4.0	10.0	-1.0	4.0	8.0	52.23
64	59.0	127.0	-1.0	110.0	-23.0	-6.0	-68.0	27.0	60.83
65	127.0	-12.0	-39.0	-63.0	3.0	4.0	2.0	-14.0	58.31
66	51.0	75.0	-13.0	23.0	-20.0	-12.0	27.0	-35.0	69.13
67	-120.0	40.0	-107.0	18.0	4.0	15.0	-30.0	-10.0	71.23
68	-22.0	127.0	-24.0	48.0	23.0	7.0	74.0	-4.0	66.39
69	30.0	126.0	35.0	-19.0	9.0	-16.0	-14.0	45.0	53.98
70	-73.0	83.0	12.0	-13.0	22.0	-13.0	-13.0	-64.0	62.7
71	-18.0	-72.0	70.0	-7.0	-19.0	13.0	-8.0	-1.0	74.01
72	92.0	-15.0	51.0	-13.0	1.0	9.0	-2.0	-1.0	74.24
73	86.0	-59.0	45.0	-2.0	-18.0	-11.0	-17.0	-42.0	79.46
74	127.0	39.0	-75.0	-63.0	0.0	0.0	-17.0	-12.0	82.51
75	-107.0	-28.0	28.0	-128.0	-11.0	3.0	-9.0	-5.0	77.68
76	82.0	127.0	59.0	-48.0	-24.0	15.0	1.0	-15.0	76.58
77	12.0	5.0	-8.0	8.0	27.0	14.0	3.0	-6.0	78.47
78	33.0	88.0	-128.0	127.0	42.0	-6.0	-1.0	-8.0	74.24
79	-128.0	29.0	-69.0	-42.0	0.0	17.0	-51.0	-10.0	81.66
80	-119.0	15.0	3.0	74.0	-10.0	10.0	-9.0	79.0	85.22
81	19.0	101.0	-89.0	41.0	-27.0	0.0	-25.0	3.0	99.17
82	-128.0	-89.0	-48.0	28.0	-22.0	-17.0	-24.0	35.0	99.17
83	-1.0	-15.0	7.0	34.0	-20.0	7.0	118.0	0.0	100.14
84	127.0	-91.0	48.0	6.0	6.0	5.0	9.0	-12.0	100.9
85	-128.0	-31.0	-6.0	74.0	-15.0	-25.0	21.0	-6.0	103.62
86	127.0	-46.0	99.0	-72.0	0.0	1.0	20.0	50.0	103.95
87	54.0	-91.0	70.0	19.0	28.0	4.0	-2.0	20.0	100.17
