0	-114.0	114.0	1.0	88.0	-43.0	41.0	-56.0	-90.0	104.92
1	-80.0	-128.0	-128.0	-23.0	11.0	9.0	72.0	110.0	104.95
2	67.0	-74.0	4.0	-17.0	-10.0	-53.0	-87.0	-23.0	104.52
3	8.0	89.0	61.0	13.0	-39.0	56.0	37.0	-26.0	104.95
4	18.0	-74.0	-39.0	-22.0	85.0	11.0	-67.0	9.0	104.95
5	-3.0	32.0	55.0	-100.0	-3.0	-64.0	-92.0	-83.0	104.59
6	56.0	-111.0	97.0	-128.0	80.0	-50.0	-20.0	-25.0	104.0
7	25.0	-87.0	-89.0	90.0	-4.0	122.0	40.0	38.0	101.85
8	-70.0	84.0	76.0	39.0	50.0	-89.0	37.0	70.0	102.96
9	11.0	111.0	-102.0	2.0	13.0	39.0	9.0	-46.0	103.64
10	111.0	-82.0	8.0	-95.0	-24.0	1.0	18.0	-41.0	101.85
11	9.0	-120.0	94.0	-75.0	37.0	-105.0	-61.0	-3.0	101.77
12	64.0	92.0	-104.0	122.0	-62.0	-6.0	-81.0	-96.0	89.49
13	-22.0	127.0	127.0	-121.0	52.0	86.0	44.0	39.0	100.62
14	-16.0	-73.0	90.0	100.0	-25.0	-37.0	-49.0	-47.0	97.57
15	127.0	-128.0	127.0	3.0	-4.0	74.0	-36.0	-87.0	91.91
16	-75.0	86.0	-55.0	18.0	-3.0	-62.0	20.0	100.0	95.45
17	-116.0	127.0	-128.0	-110.0	-14.0	-49.0	-37.0	-17.0	99.58
18	-111.0	81.0	30.0	-62.0	-2.0	-58.0	-4.0	90.0	97.57
19	-30.0	-14.0	24.0	80.0	-31.0	-70.0	-78.0	-65.0	93.62
20	44.0	53.0	-79.0	-102.0	-19.0	-23.0	56.0	15.0	84.62
21	39.0	-70.0	92.0	81.0	10.0	33.0	27.0	-33.0	73.93
22	-128.0	103.0	-15.0	0.0	-29.0	45.0	-22.0	38.0	82.05
23	50.0	11.0	34.0	-87.0	67.0	26.0	5.0	8.0	81.71
24	-58.0	-9.0	-10.0	-19.0	93.0	93.0	-3.0	37.0	83.43
25	-33.0	90.0	94.0	101.0	9.0	72.0	76.0	-19.0	63.52
26	-71.0	-125.0	4.0	-5.0	-17.0	-3.0	-10.0	-90.0	64.08
27	-17.0	127.0	-81.0	60.0	98.0	-8.0	30.0	42.0	72.87
28	10.0	-32.0	35.0	55.0	-27.0	19.0	-18.0	-16.0	72.3
29	-16.0	64.0	15.0	20.0	46.0	4.0	37.0	-54.0	86.23
30	23.0	9.0	7.0	7.0	-84.0	-120.0	-78.0	-8.0	74.24
31	-89.0	127.0	-77.0	-60.0	7.0	62.0	35.0	-83.0	62.87
32	-39.0	-17.0	127.0	-22.0	-15.0	87.0	-26.0	107.0	55.41
33	-7.0	57.0	-57.0	-2.0	-13.0	6.0	32.0	23.0	53.07
34	-91.0	127.0	43.0	-35.0	3.0	-44.0	68.0	17.0	53.01
35	3.0	112.0	66.0	127.0	95.0	16.0	4.0	94.0	62.3
36	115.0	-73.0	-33.0	46.0	-38.0	-19.0	-49.0	-28.0	62.46
37	127.0	10.0	-50.0	-81.0	9.0	-28.0	-21.0	-92.0	54.51
38	-75.0	-128.0	-125.0	-60.0	-10.0	0.0	125.0	101.0	54.51
39	51.0	90.0	-3.0	-50.0	-6.0	-83.0	11.0	-65.0	59.53
40	-55.0	26.0	-53.0	-10.0	-3.0	-34.0	49.0	24.0	51.09
41	86.0	-71.0	9.0	-91.0	16.0	-12.0	-52.0	-92.0	50.06
42	127.0	91.0	-47.0	-37.0	-2.0	85.0	104.0	64.0	50.75
43	29.0	60.0	-106.0	-101.0	11.0	43.0	5.0	36.0	44.79
44	-65.0	51.0	-99.0	127.0	45.0	31.0	-57.0	-36.0	46.12
45	127.0	90.0	22.0	-66.0	12.0	-34.0	-53.0	-57.0	45.37
46	-99.0	-18.0	-93.0	-2.0	-24.0	-35.0	15.0	34.0	48.82
47	-22.0	-100.0	-24.0	127.0	-40.0	81.0	-87.0	73.0	49.62
48	-86.0	-90.0	29.0	-57.0	-58.0	-30.0	-30.0	-112.0	46.12
49	-85.0	21.0	-78.0	29.0	-26.0	-42.0	11.0	27.0	47.15
50	-100.0	-21.0	9.0	-112.0	-31.0	66.0	25.0	42.0	44.23
51	127.0	30.0	-29.0	127.0	-29.0	-66.0	9.0	-16.0	44.23
52	72.0	63.0	-69.0	12.0	-28.0	32.0	42.0	-51.0	43.61
53	-47.0	127.0	-50.0	-97.0	-19.0	-27.0	21.0	-14.0	44.07
54	-57.0	127.0	-85.0	97.0	13.0	77.0	-63.0	27.0	43.64
55	113.0	-80.0	35.0	114.0	-31.0	-6.0	-36.0	-86.0	44.07
56	127.0	-45.0	-26.0	26.0	39.0	28.0	125.0	2.0	44.98
57	-58.0	-18.0	-108.0	112.0	43.0	-19.0	-42.0	-2.0	45.85
58	-78.0	63.0	-12.0	-128.0	-23.0	0.0	61.0	-12.0	45.85
59	59.0	-84.0	48.0	16.0	-23.0	-35.0	25.0	-40.0	48.82
60	-30.0	-128.0	78.0	-65.0	-44.0	-46.0	-18.0	-17.0	50.3
61	-128.0	127.0	45.0	69.0	31.0	9.0	-5.0	-9.0	52.29
62	-80.0	-2.0	127.0	-26.0	-36.0	-39.0	39.0	-56.0	50.75
63	-60.0	43.0	-1.0	-6.0	-14.0	-86.0	-86.0	1.0	54.24
64	29.0	101.0	94.0	-32.0	43.0	-6.0	-34.0	85.0	59.53
65	-128.0	-83.0	-69.0	70.0	2.0	-54.0	-1.0	12.0	53.07
66	25.0	84.0	-40.0	65.0	3.0	3.0	87.0	125.0	51.09
67	34.0	127.0	4.0	-5.0	21.0	30.0	-52.0	68.0	51.9
68	85.0	-42.0	-12.0	40.0	-19.0	-32.0	1.0	-11.0	52.29
69	26.0	106.0	-38.0	-12.0	18.0	-57.0	117.0	-99.0	62.46
70	32.0	15.0	86.0	41.0	31.0	-16.0	-65.0	-47.0	81.71
71	-104.0	-33.0	-87.0	31.0	-59.0	-12.0	-24.0	127.0	64.66
72	-12.0	-94.0	-55.0	-50.0	-14.0	-6.0	-16.0	-35.0	73.49
73	120.0	127.0	44.0	-93.0	-88.0	-30.0	-49.0	56.0	64.66
74	-39.0	-120.0	-13.0	38.0	48.0	69.0	-58.0	54.0	73.49
75	-114.0	104.0	-32.0	-97.0	-30.0	-42.0	34.0	28.0	74.24
76	127.0	83.0	3.0	-108.0	67.0	67.0	-65.0	-128.0	83.43
77	-34.0	-128.0	-128.0	127.0	9.0	11.0	6.0	3.0	89.49
78	-88.0	-13.0	27.0	-11.0	-49.0	62.0	72.0	-6.0	87.85
79	49.0	-56.0	76.0	-29.0	48.0	-21.0	10.0	91.0	93.62
80	-69.0	-54.0	120.0	44.0	31.0	60.0	-77.0	-60.0	98.0
81	-20.0	48.0	127.0	41.0	28.0	2.0	-30.0	-29.0	100.62
82	102.0	115.0	94.0	-26.0	-17.0	2.0	-109.0	-89.0	104.0
83	61.0	35.0	-12.0	15.0	-27.0	-45.0	19.0	81.0	99.16
84	-36.0	-84.0	6.0	-51.0	56.0	-96.0	48.0	-56.0	104.52
