0	-14.0	36.0	33.0	-24.0	6.0	15.0	-6.0	29.0	99.65
1	100.0	-61.0	-24.0	11.0	34.0	-22.0	-18.0	3.0	102.6
2	-28.0	119.0	-15.0	57.0	10.0	-3.0	-39.0	6.0	96.55
3	-56.0	-26.0	-16.0	52.0	4.0	-3.0	28.0	2.0	101.37
4	-25.0	-50.0	5.0	5.0	19.0	4.0	11.0	-57.0	99.65
5	-34.0	-38.0	46.0	18.0	-12.0	-3.0	34.0	14.0	95.25
6	-24.0	-11.0	-128.0	17.0	96.0	19.0	7.0	-4.0	94.07
7	57.0	76.0	32.0	15.0	-17.0	-10.0	123.0	27.0	90.05
8	-20.0	52.0	-56.0	50.0	0.0	3.0	17.0	-11.0	87.59
9	8.0	-89.0	-77.0	-14.0	4.0	-3.0	-15.0	-7.0	84.51
10	-116.0	127.0	127.0	7.0	-32.0	-22.0	-7.0	11.0	76.38
11	-56.0	114.0	13.0	-4.0	-18.0	6.0	-76.0	-9.0	76.38
12	104.0	-13.0	-26.0	13.0	-7.0	-6.0	-9.0	-8.0	45.97
13	-53.0	-97.0	91.0	-12.0	18.0	5.0	-48.0	52.0	68.83
14	99.0	26.0	-16.0	-13.0	-7.0	-8.0	6.0	5.0	47.7
15	-32.0	80.0	-9.0	7.0	-7.0	-12.0	-47.0	-5.0	54.74
16	105.0	46.0	-45.0	19.0	12.0	15.0	-61.0	-42.0	36.05
17	111.0	-47.0	13.0	17.0	14.0	-3.0	100.0	18.0	37.6
18	67.0	-69.0	-9.0	-15.0	9.0	19.0	-11.0	-12.0	42.31
19	94.0	57.0	-10.0	114.0	8.0	-1.0	-3.0	2.0	35.65
20	47.0	-56.0	45.0	-45.0	-12.0	13.0	34.0	40.0	39.5
21	36.0	104.0	14.0	14.0	8.0	14.0	-18.0	-14.0	47.7
22	-18.0	-102.0	30.0	-85.0	-18.0	-3.0	11.0	14.0	60.47
23	16.0	74.0	43.0	-38.0	0.0	11.0	-18.0	9.0	79.68
24	-4.0	67.0	20.0	54.0	-4.0	-7.0	-4.0	-23.0	51.91
25	-23.0	-80.0	-7.0	-8.0	-11.0	0.0	1.0	16.0	39.5
26	-128.0	127.0	-14.0	-128.0	14.0	1.0	-50.0	15.0	54.74
27	126.0	32.0	82.0	96.0	8.0	-6.0	33.0	14.0	61.86
28	-48.0	-128.0	5.0	27.0	0.0	-3.0	14.0	59.0	37.6
29	7.0	95.0	22.0	64.0	18.0	-3.0	2.0	-11.0	37.73
30	-110.0	52.0	-36.0	-39.0	-5.0	-7.0	31.0	-24.0	35.25
31	-71.0	-24.0	-17.0	35.0	4.0	-1.0	28.0	5.0	35.25
32	-20.0	127.0	-10.0	-35.0	-9.0	19.0	-24.0	25.0	35.03
33	4.0	-62.0	-113.0	20.0	-9.0	-23.0	9.0	-8.0	35.65
34	-20.0	29.0	125.0	-36.0	-12.0	6.0	10.0	-44.0	36.17
35	85.0	-46.0	-45.0	-18.0	3.0	-8.0	-86.0	12.0	39.78
36	-44.0	-126.0	-119.0	-14.0	-16.0	-1.0	24.0	-29.0	45.97
37	-72.0	64.0	122.0	-41.0	13.0	-13.0	40.0	15.0	54.31
38	29.0	4.0	-17.0	-9.0	10.0	-1.0	-16.0	-6.0	52.11
39	-120.0	69.0	25.0	82.0	27.0	13.0	44.0	51.0	84.51
40	-47.0	-78.0	34.0	-43.0	23.0	-34.0	-7.0	-12.0	84.51
41	-36.0	113.0	-8.0	16.0	-9.0	-18.0	-48.0	-36.0	84.51
42	15.0	103.0	4.0	-7.0	1.0	-2.0	9.0	-16.0	80.45
43	127.0	66.0	-37.0	6.0	5.0	11.0	27.0	-14.0	54.31
44	48.0	55.0	29.0	45.0	0.0	-2.0	-30.0	0.0	78.44
45	40.0	78.0	-113.0	35.0	7.0	3.0	-22.0	-30.0	82.42
46	-24.0	-2.0	23.0	-47.0	5.0	4.0	6.0	55.0	83.59
47	44.0	-29.0	24.0	5.0	12.0	15.0	43.0	-7.0	90.27
48	-1.0	24.0	-38.0	57.0	6.0	1.0	15.0	-14.0	92.07
49	3.0	-23.0	-62.0	7.0	16.0	-5.0	2.0	10.0	81.29
50	-123.0	17.0	8.0	67.0	-91.0	5.0	6.0	-1.0	85.66
51	-8.0	-19.0	-36.0	50.0	-14.0	-7.0	-13.0	75.0	81.29
52	13.0	-27.0	2.0	-128.0	-2.0	-11.0	-22.0	7.0	49.17
53	-74.0	-57.0	-51.0	-115.0	-12.0	-8.0	41.0	8.0	89.31
54	-123.0	36.0	-42.0	-2.0	-8.0	-2.0	-3.0	-77.0	90.79
55	86.0	-24.0	-86.0	7.0	30.0	4.0	6.0	-1.0	90.05
56	-120.0	-113.0	-7.0	46.0	8.0	4.0	13.0	-14.0	80.45
57	-71.0	-43.0	34.0	28.0	16.0	-7.0	-26.0	33.0	90.48
58	-79.0	-122.0	-1.0	-69.0	-22.0	10.0	23.0	23.0	93.81
59	19.0	118.0	-18.0	3.0	-34.0	11.0	32.0	18.0	91.89
60	33.0	-26.0	51.0	63.0	20.0	11.0	8.0	-10.0	93.44
61	2.0	38.0	-1.0	-78.0	-14.0	-7.0	18.0	-29.0	93.81
62	-11.0	72.0	56.0	7.0	-7.0	12.0	-37.0	-33.0	91.39
63	42.0	62.0	-14.0	-88.0	17.0	12.0	65.0	15.0	93.44
64	-6.0	-116.0	26.0	2.0	-21.0	-7.0	41.0	-13.0	93.52
65	-81.0	65.0	22.0	46.0	10.0	-21.0	-104.0	-11.0	91.89
66	106.0	58.0	1.0	-18.0	11.0	-15.0	-30.0	3.0	90.95
67	127.0	127.0	-49.0	31.0	-3.0	14.0	75.0	-31.0	96.55
68	-10.0	-53.0	-9.0	127.0	-5.0	-2.0	29.0	26.0	102.6
69	11.0	-76.0	77.0	-81.0	6.0	9.0	33.0	-6.0	95.04
70	51.0	-128.0	-50.0	2.0	-20.0	0.0	-11.0	-9.0	101.45
71	-57.0	106.0	-9.0	12.0	15.0	-2.0	-5.0	42.0	103.17
72	33.0	-71.0	-11.0	2.0	-4.0	-3.0	-49.0	11.0	103.62
73	33.0	-29.0	-96.0	9.0	23.0	-5.0	-1.0	-15.0	102.39
74	-10.0	127.0	11.0	-41.0	4.0	-14.0	-86.0	31.0	103.56
75	-11.0	79.0	5.0	-10.0	17.0	-3.0	14.0	-26.0	106.21
76	-73.0	101.0	18.0	35.0	-17.0	14.0	4.0	38.0	97.76
77	-20.0	-21.0	52.0	2.0	20.0	4.0	-32.0	-34.0	103.09
78	39.0	-14.0	-105.0	-74.0	-12.0	-2.0	3.0	-15.0	103.17
79	44.0	12.0	52.0	17.0	-6.0	14.0	10.0	2.0	103.56
80	-20.0	-16.0	-26.0	10.0	10.0	-11.0	0.0	1.0	97.76
81	-102.0	-31.0	-67.0	-7.0	-74.0	-14.0	85.0	-3.0	94.1
82	127.0	36.0	-2.0	12.0	-36.0	-18.0	13.0	10.0	102.28
