0	127.0	67.0	41.0	-128.0	-22.0	-5.0	-67.0	-68.0	105.4
1	39.0	-111.0	27.0	-16.0	23.0	16.0	-96.0	-76.0	106.58
2	-53.0	68.0	74.0	69.0	-11.0	-16.0	-11.0	-35.0	106.11
3	-93.0	59.0	67.0	3.0	-13.0	2.0	56.0	19.0	104.82
4	45.0	-18.0	33.0	-22.0	-7.0	-10.0	10.0	34.0	106.87
5	-20.0	-37.0	55.0	58.0	-42.0	40.0	-47.0	8.0	105.47
6	106.0	70.0	-85.0	116.0	-19.0	-3.0	115.0	0.0	105.47
7	77.0	-36.0	84.0	-39.0	1.0	26.0	12.0	19.0	106.47
8	-76.0	55.0	-17.0	5.0	4.0	6.0	-15.0	-1.0	104.72
9	-67.0	-128.0	-1.0	48.0	-32.0	4.0	-114.0	15.0	103.15
10	-78.0	64.0	91.0	-68.0	-3.0	17.0	81.0	16.0	103.99
11	8.0	29.0	-74.0	-36.0	50.0	5.0	-8.0	14.0	102.98
12	-35.0	71.0	-23.0	-43.0	-22.0	-5.0	43.0	5.0	101.81
13	-87.0	-56.0	-56.0	19.0	-19.0	12.0	39.0	-14.0	102.09
14	-19.0	-37.0	36.0	-17.0	-9.0	4.0	-10.0	14.0	100.16
15	-21.0	-22.0	-10.0	2.0	-6.0	5.0	-47.0	17.0	101.18
16	-44.0	127.0	12.0	-47.0	-13.0	-25.0	3.0	-16.0	91.84
17	34.0	102.0	-25.0	101.0	24.0	28.0	-9.0	-68.0	99.61
18	-12.0	4.0	-37.0	5.0	6.0	29.0	-38.0	-5.0	93.24
19	6.0	60.0	-79.0	31.0	19.0	-46.0	47.0	2.0	100.16
20	-19.0	-27.0	53.0	72.0	-6.0	7.0	9.0	60.0	93.82
21	76.0	127.0	-31.0	45.0	25.0	3.0	-114.0	22.0	90.96
22	-42.0	-78.0	-14.0	-7.0	4.0	-53.0	102.0	-18.0	85.45
23	20.0	-26.0	-11.0	41.0	-6.0	6.0	38.0	26.0	82.64
24	3.0	-63.0	40.0	-51.0	37.0	-16.0	10.0	-15.0	80.37
25	43.0	-18.0	-6.0	-22.0	-40.0	10.0	8.0	-71.0	91.84
26	-6.0	90.0	-28.0	-37.0	23.0	-10.0	40.0	0.0	90.86
27	127.0	16.0	-25.0	25.0	4.0	-20.0	29.0	17.0	82.64
28	60.0	-9.0	121.0	48.0	-2.0	16.0	-91.0	-16.0	87.52
29	-72.0	30.0	-128.0	-18.0	5.0	1.0	57.0	10.0	87.52
30	3.0	-128.0	-56.0	-48.0	46.0	-7.0	12.0	51.0	79.92
31	-109.0	127.0	127.0	-25.0	-58.0	-30.0	35.0	8.0	79.92
32	-128.0	71.0	-26.0	70.0	33.0	8.0	11.0	75.0	76.53
33	-59.0	112.0	-75.0	-38.0	-3.0	-4.0	-48.0	-9.0	75.56
34	80.0	127.0	100.0	-8.0	-53.0	-21.0	-3.0	7.0	67.91
35	16.0	-111.0	-38.0	0.0	-3.0	18.0	22.0	-1.0	60.37
36	-48.0	-103.0	3.0	127.0	2.0	7.0	-32.0	28.0	50.53
37	-45.0	24.0	5.0	127.0	10.0	-3.0	5.0	33.0	47.85
38	66.0	127.0	-98.0	17.0	57.0	-43.0	0.0	5.0	47.66
39	-70.0	-47.0	27.0	-4.0	-5.0	-8.0	-31.0	-19.0	50.28
40	-58.0	67.0	-105.0	-11.0	17.0	-21.0	-5.0	-42.0	47.95
41	-1.0	110.0	-25.0	46.0	-6.0	-8.0	-47.0	-4.0	48.25
42	96.0	-58.0	-15.0	94.0	6.0	3.0	18.0	71.0	50.79
43	92.0	50.0	-27.0	-3.0	-4.0	12.0	8.0	-77.0	48.25
44	59.0	-17.0	33.0	-128.0	-9.0	-4.0	10.0	-16.0	47.66
45	75.0	-102.0	46.0	75.0	-6.0	36.0	12.0	-7.0	48.76
46	123.0	-128.0	-14.0	15.0	4.0	3.0	33.0	-1.0	52.59
47	-128.0	67.0	81.0	14.0	-4.0	-4.0	-14.0	7.0	52.59
48	23.0	74.0	89.0	47.0	5.0	-13.0	7.0	6.0	59.88
49	100.0	-86.0	-14.0	61.0	5.0	0.0	65.0	0.0	63.72
50	127.0	20.0	70.0	53.0	4.0	0.0	-18.0	-6.0	57.14
51	-66.0	25.0	2.0	66.0	41.0	-35.0	10.0	23.0	57.15
52	65.0	-62.0	-45.0	-1.0	-3.0	-8.0	47.0	65.0	70.26
53	12.0	-87.0	15.0	40.0	-7.0	1.0	-46.0	8.0	76.53
54	-98.0	86.0	-6.0	-33.0	-4.0	-24.0	-96.0	1.0	70.43
55	-57.0	127.0	-6.0	-64.0	18.0	11.0	6.0	-68.0	64.21
56	27.0	-53.0	-20.0	-21.0	7.0	42.0	13.0	-30.0	50.53
57	-27.0	31.0	-89.0	-13.0	11.0	26.0	-22.0	-6.0	51.44
58	119.0	49.0	11.0	-107.0	-10.0	-11.0	-33.0	34.0	52.11
59	33.0	-60.0	12.0	-12.0	-23.0	-11.0	-10.0	-22.0	64.21
60	127.0	2.0	-6.0	-110.0	23.0	-12.0	-16.0	-8.0	59.88
61	-126.0	-53.0	45.0	8.0	-6.0	-4.0	61.0	-13.0	50.79
62	61.0	-1.0	-4.0	29.0	7.0	6.0	-77.0	55.0	57.15
63	-27.0	25.0	4.0	-22.0	7.0	-56.0	-6.0	-27.0	54.25
64	-3.0	57.0	28.0	121.0	-23.0	-3.0	20.0	-19.0	60.37
65	0.0	127.0	-47.0	45.0	14.0	11.0	18.0	-59.0	73.13
66	13.0	-103.0	30.0	25.0	31.0	38.0	53.0	-47.0	77.37
67	-104.0	-17.0	-33.0	-38.0	14.0	-9.0	13.0	9.0	77.4
68	38.0	-128.0	-13.0	11.0	-2.0	-3.0	-96.0	67.0	79.16
69	-83.0	97.0	-67.0	-70.0	-26.0	23.0	92.0	-12.0	68.78
70	23.0	97.0	-50.0	-22.0	-6.0	-60.0	8.0	6.0	73.13
71	78.0	-50.0	110.0	42.0	-13.0	-9.0	36.0	13.0	77.37
72	127.0	47.0	95.0	-101.0	-21.0	11.0	10.0	12.0	80.89
73	-66.0	68.0	-80.0	-42.0	-38.0	9.0	-18.0	11.0	93.24
74	65.0	51.0	4.0	24.0	2.0	52.0	-42.0	48.0	100.59
75	23.0	23.0	-81.0	-55.0	5.0	76.0	-27.0	-25.0	102.09
76	-115.0	-49.0	46.0	14.0	-4.0	9.0	-14.0	-16.0	102.98
77	-18.0	-62.0	-86.0	38.0	15.0	-2.0	21.0	2.0	105.22
78	-128.0	-128.0	82.0	67.0	18.0	-17.0	52.0	-22.0	105.22
79	51.0	82.0	-5.0	3.0	12.0	14.0	-5.0	2.0	107.06
80	-62.0	-128.0	-114.0	20.0	30.0	0.0	11.0	11.0	107.17
81	127.0	127.0	-16.0	-32.0	-8.0	-12.0	-17.0	10.0	107.06
82	37.0	-75.0	127.0	-43.0	-12.0	10.0	-12.0	-51.0	106.58
83	-63.0	-43.0	27.0	-54.0	6.0	-40.0	5.0	-8.0	106.96
84	50.0	48.0	-9.0	11.0	-8.0	21.0	-9.0	8.0	104.83
