0	-6.0	66.0	97.0	-35.0	2.0	-18.0	21.0	4.0	62.71
1	-121.0	-40.0	-98.0	-82.0	7.0	13.0	-6.0	11.0	54.14
2	108.0	-45.0	-38.0	36.0	-9.0	-5.0	18.0	5.0	52.61
3	72.0	-76.0	10.0	-1.0	-38.0	4.0	0.0	15.0	56.65
4	4.0	-51.0	76.0	-72.0	9.0	14.0	10.0	0.0	55.35
5	-96.0	-78.0	18.0	-1.0	-26.0	-4.0	-10.0	20.0	58.53
6	-31.0	12.0	-31.0	-84.0	-4.0	6.0	2.0	3.0	55.35
7	38.0	-62.0	66.0	44.0	0.0	4.0	-3.0	-1.0	60.36
8	29.0	123.0	119.0	-17.0	4.0	15.0	-26.0	-10.0	56.46
9	-53.0	55.0	-23.0	52.0	-3.0	-16.0	-3.0	-14.0	62.71
10	-31.0	-60.0	79.0	-121.0	-23.0	13.0	5.0	-19.0	54.13
11	46.0	-69.0	-30.0	1.0	3.0	8.0	7.0	32.0	51.6
12	-55.0	-24.0	-24.0	48.0	-13.0	-4.0	-3.0	6.0	64.06
13	-22.0	-128.0	41.0	21.0	-32.0	-5.0	-7.0	-21.0	63.25
14	90.0	79.0	57.0	-34.0	-3.0	-3.0	8.0	11.0	65.59
15	59.0	-71.0	-42.0	35.0	-2.0	7.0	-20.0	-3.0	67.59
16	65.0	127.0	29.0	-44.0	5.0	-10.0	-2.0	6.0	66.01
17	-52.0	-36.0	11.0	-60.0	14.0	-7.0	-4.0	-3.0	69.05
18	-122.0	-119.0	77.0	38.0	-32.0	4.0	1.0	9.0	71.47
19	109.0	-6.0	64.0	73.0	-21.0	-3.0	2.0	14.0	74.52
20	-35.0	-28.0	7.0	-21.0	13.0	-6.0	-21.0	0.0	71.47
21	-95.0	115.0	58.0	27.0	-22.0	10.0	7.0	-1.0	73.63
22	-50.0	-54.0	-109.0	-61.0	14.0	-2.0	12.0	14.0	80.66
23	-90.0	-40.0	48.0	-35.0	22.0	13.0	14.0	-9.0	99.45
24	16.0	47.0	-122.0	10.0	-17.0	-5.0	1.0	-4.0	103.56
25	91.0	127.0	81.0	36.0	-20.0	-14.0	5.0	8.0	100.6
26	21.0	-85.0	43.0	60.0	14.0	7.0	6.0	-2.0	86.45
27	-50.0	-45.0	1.0	80.0	30.0	-8.0	-3.0	5.0	97.85
28	-6.0	46.0	-83.0	-6.0	16.0	-19.0	-10.0	29.0	99.26
29	-128.0	18.0	54.0	105.0	4.0	22.0	14.0	-7.0	95.45
30	-7.0	92.0	62.0	4.0	7.0	-15.0	4.0	-1.0	99.92
31	-49.0	58.0	38.0	-32.0	1.0	1.0	-9.0	-10.0	105.4
32	127.0	38.0	83.0	55.0	-9.0	4.0	23.0	11.0	103.55
33	-10.0	-17.0	-12.0	67.0	17.0	5.0	-13.0	13.0	89.19
34	-113.0	-20.0	61.0	86.0	9.0	-1.0	7.0	7.0	99.92
35	45.0	-41.0	38.0	5.0	-3.0	-2.0	2.0	9.0	97.85
36	-10.0	127.0	0.0	25.0	25.0	16.0	-5.0	4.0	103.55
37	-53.0	63.0	-2.0	32.0	14.0	-7.0	5.0	-7.0	105.68
38	32.0	-64.0	-10.0	-19.0	-14.0	4.0	-7.0	-24.0	105.4
39	18.0	-6.0	-10.0	-71.0	-3.0	-5.0	7.0	20.0	100.1
40	78.0	-17.0	-19.0	45.0	-10.0	0.0	17.0	-8.0	86.44
41	-87.0	-62.0	2.0	44.0	-6.0	8.0	-22.0	0.0	79.22
42	75.0	-53.0	-5.0	-2.0	4.0	-17.0	7.0	-6.0	87.03
43	29.0	-23.0	-21.0	-74.0	-3.0	10.0	-12.0	31.0	80.65
44	-67.0	9.0	4.0	-128.0	-3.0	0.0	9.0	-10.0	77.45
45	-11.0	4.0	32.0	-18.0	29.0	6.0	-9.0	-22.0	81.27
46	-55.0	5.0	127.0	39.0	0.0	-13.0	-12.0	7.0	77.45
47	37.0	-75.0	97.0	-31.0	-1.0	-2.0	-8.0	9.0	82.26
48	127.0	9.0	56.0	94.0	-2.0	2.0	1.0	7.0	99.82
49	127.0	41.0	-15.0	-30.0	29.0	2.0	-11.0	-24.0	100.1
50	-69.0	71.0	-128.0	68.0	11.0	-11.0	-3.0	2.0	86.45
51	-22.0	-78.0	97.0	-38.0	17.0	9.0	18.0	20.0	87.03
52	-72.0	-40.0	-114.0	48.0	4.0	-15.0	-13.0	-6.0	81.27
53	111.0	43.0	49.0	40.0	22.0	-1.0	-1.0	6.0	97.24
54	37.0	127.0	84.0	12.0	-21.0	5.0	0.0	-22.0	86.44
55	0.0	-30.0	-93.0	-127.0	-8.0	0.0	1.0	18.0	75.43
56	-31.0	-112.0	-12.0	46.0	-2.0	-6.0	-9.0	3.0	75.41
57	109.0	127.0	-112.0	-28.0	8.0	1.0	6.0	27.0	73.73
58	82.0	-105.0	-22.0	43.0	-18.0	-25.0	-6.0	-25.0	73.17
59	10.0	-90.0	88.0	-2.0	8.0	-5.0	-10.0	-20.0	70.73
60	-128.0	14.0	-10.0	23.0	-4.0	-4.0	12.0	-6.0	75.41
61	-34.0	-18.0	59.0	-35.0	3.0	7.0	-11.0	0.0	74.82
62	-7.0	-65.0	57.0	-11.0	-8.0	-7.0	1.0	-2.0	74.82
63	44.0	23.0	-2.0	-10.0	9.0	-1.0	-4.0	-3.0	73.63
64	-18.0	-34.0	-93.0	29.0	2.0	-9.0	7.0	-4.0	67.59
65	6.0	114.0	-63.0	-121.0	-3.0	-5.0	15.0	3.0	61.22
66	-3.0	-39.0	-37.0	-31.0	-7.0	-1.0	-1.0	19.0	60.36
67	28.0	-87.0	-74.0	4.0	27.0	11.0	-3.0	-20.0	54.13
68	-11.0	63.0	-82.0	-19.0	14.0	-5.0	1.0	0.0	50.35
69	-53.0	-83.0	98.0	51.0	-26.0	-4.0	4.0	-2.0	42.62
70	34.0	-67.0	-7.0	18.0	-7.0	18.0	11.0	8.0	44.28
71	-22.0	56.0	-20.0	39.0	9.0	10.0	-6.0	7.0	50.96
72	57.0	-74.0	-66.0	-70.0	0.0	-7.0	-1.0	-1.0	45.77
73	-3.0	37.0	2.0	3.0	1.0	-1.0	1.0	-16.0	39.53
74	11.0	67.0	2.0	-9.0	-18.0	7.0	-7.0	-8.0	36.5
75	-39.0	-53.0	-32.0	-59.0	5.0	-2.0	-7.0	-6.0	38.26
76	3.0	72.0	-66.0	38.0	-13.0	2.0	3.0	-5.0	43.2
77	74.0	15.0	4.0	71.0	-14.0	6.0	2.0	-3.0	50.35
78	-46.0	53.0	-8.0	41.0	-15.0	-6.0	-10.0	-24.0	43.2
79	33.0	-128.0	64.0	40.0	-82.0	-18.0	-6.0	-3.0	38.26
80	77.0	124.0	8.0	-128.0	-5.0	-2.0	-12.0	4.0	50.96
81	14.0	-79.0	-1.0	-38.0	-21.0	5.0	15.0	22.0	53.22
82	-58.0	-128.0	54.0	39.0	-22.0	-6.0	11.0	1.0	53.22
83	-58.0	102.0	-53.0	-123.0	-23.0	7.0	3.0	-24.0	51.86
84	119.0	127.0	-4.0	-35.0	-8.0	2.0	-6.0	0.0	58.53
