0	49.0	127.0	-7.0	-88.0	48.0	18.0	8.0	-20.0	67.69
1	-20.0	-114.0	3.0	-64.0	21.0	5.0	-87.0	29.0	71.58
2	0.0	-4.0	17.0	-34.0	14.0	-13.0	-2.0	-71.0	85.1
3	1.0	37.0	127.0	68.0	9.0	-22.0	84.0	-24.0	76.93
4	50.0	43.0	43.0	-20.0	-4.0	16.0	-20.0	15.0	77.49
5	-14.0	-59.0	-113.0	-128.0	32.0	-2.0	56.0	-4.0	76.93
6	34.0	-48.0	-51.0	4.0	-7.0	20.0	-40.0	6.0	85.7
7	8.0	17.0	-128.0	-110.0	15.0	11.0	-47.0	-3.0	89.92
8	-59.0	-83.0	79.0	-3.0	-1.0	35.0	-65.0	-25.0	85.1
9	46.0	9.0	5.0	8.0	-57.0	-21.0	-45.0	-33.0	85.7
10	67.0	-34.0	-36.0	73.0	6.0	5.0	28.0	54.0	89.92
11	60.0	34.0	25.0	16.0	11.0	-27.0	37.0	-100.0	94.19
12	47.0	-27.0	5.0	-56.0	-29.0	7.0	-8.0	-90.0	94.19
13	-8.0	23.0	-18.0	27.0	-3.0	-8.0	-2.0	-11.0	97.55
14	66.0	85.0	85.0	-24.0	-25.0	11.0	59.0	-24.0	86.67
15	-67.0	95.0	0.0	25.0	19.0	21.0	-32.0	73.0	92.65
16	3.0	-53.0	71.0	-19.0	22.0	-5.0	82.0	0.0	99.29
17	-87.0	-128.0	-9.0	-84.0	-43.0	-4.0	9.0	40.0	96.49
18	-87.0	53.0	-18.0	107.0	19.0	-18.0	4.0	38.0	95.79
19	-6.0	-116.0	-44.0	51.0	-1.0	-6.0	5.0	-85.0	97.55
20	-3.0	86.0	84.0	73.0	-1.0	11.0	25.0	79.0	103.89
21	58.0	-34.0	36.0	-22.0	-37.0	16.0	4.0	-30.0	101.71
22	-100.0	-128.0	-7.0	-7.0	3.0	4.0	70.0	-33.0	102.3
23	67.0	-28.0	116.0	-4.0	-42.0	48.0	-18.0	-45.0	104.23
24	53.0	87.0	-30.0	31.0	24.0	-14.0	69.0	27.0	107.03
25	0.0	-39.0	-104.0	-19.0	28.0	-36.0	-17.0	-2.0	107.03
26	-85.0	-108.0	7.0	-35.0	-21.0	12.0	-33.0	-41.0	106.76
27	127.0	16.0	-29.0	-114.0	-23.0	-27.0	-13.0	-2.0	105.52
28	-44.0	82.0	-54.0	-6.0	14.0	4.0	-51.0	-34.0	106.58
29	44.0	-62.0	11.0	47.0	16.0	6.0	-59.0	16.0	106.76
30	28.0	74.0	7.0	86.0	-27.0	0.0	-12.0	-121.0	106.43
31	-45.0	93.0	6.0	-128.0	31.0	-23.0	28.0	18.0	106.14
32	-60.0	-2.0	0.0	7.0	51.0	10.0	-44.0	-35.0	105.52
33	40.0	68.0	30.0	50.0	-118.0	-7.0	69.0	5.0	104.52
34	-128.0	97.0	-11.0	-50.0	52.0	-29.0	-34.0	70.0	102.3
35	-17.0	-81.0	36.0	71.0	13.0	-4.0	92.0	109.0	104.23
36	-37.0	-39.0	11.0	75.0	4.0	10.0	-79.0	-18.0	100.7
37	-7.0	-42.0	-50.0	-78.0	-12.0	10.0	-45.0	-23.0	95.79
38	4.0	116.0	-71.0	106.0	17.0	-6.0	39.0	5.0	91.28
39	-52.0	-68.0	40.0	66.0	-16.0	49.0	33.0	-11.0	87.59
40	-90.0	-34.0	-15.0	-128.0	4.0	4.0	-120.0	-39.0	77.49
41	40.0	84.0	52.0	-114.0	-29.0	14.0	92.0	61.0	78.81
42	127.0	127.0	21.0	111.0	7.0	4.0	26.0	-9.0	74.88
43	-49.0	-65.0	16.0	-43.0	-5.0	-31.0	-14.0	-7.0	66.27
44	12.0	-115.0	35.0	77.0	-1.0	11.0	98.0	-30.0	64.58
45	36.0	-81.0	-21.0	-80.0	-12.0	11.0	-117.0	1.0	64.12
46	44.0	-80.0	27.0	-38.0	-7.0	-19.0	-19.0	-1.0	60.38
47	47.0	36.0	11.0	18.0	-22.0	-14.0	5.0	-22.0	57.31
48	-128.0	-77.0	-19.0	-65.0	5.0	-21.0	36.0	75.0	62.46
49	-18.0	-112.0	-10.0	-20.0	126.0	-8.0	-22.0	-114.0	58.71
50	120.0	120.0	-99.0	-128.0	-16.0	7.0	-41.0	-4.0	59.0
51	-87.0	-2.0	-9.0	-9.0	-12.0	-4.0	7.0	-16.0	64.58
52	92.0	100.0	-35.0	22.0	9.0	8.0	-5.0	96.0	65.6
53	-16.0	33.0	54.0	6.0	18.0	-15.0	-14.0	26.0	63.46
54	81.0	-37.0	-45.0	-59.0	10.0	-2.0	56.0	8.0	60.38
55	-66.0	-121.0	42.0	-102.0	-10.0	-36.0	-65.0	37.0	59.18
56	54.0	-59.0	-9.0	-1.0	-15.0	-19.0	62.0	9.0	58.24
57	-12.0	-107.0	111.0	103.0	-6.0	20.0	-16.0	9.0	58.42
58	98.0	17.0	65.0	-12.0	3.0	-33.0	-19.0	36.0	59.18
59	59.0	111.0	53.0	93.0	-20.0	-24.0	-100.0	-59.0	46.83
60	64.0	16.0	-84.0	19.0	-16.0	2.0	20.0	-79.0	52.77
61	-90.0	58.0	107.0	31.0	-10.0	9.0	-6.0	74.0	53.64
62	-49.0	59.0	-15.0	13.0	-37.0	10.0	3.0	-6.0	40.28
63	-66.0	39.0	26.0	47.0	33.0	18.0	-10.0	-22.0	58.42
64	11.0	127.0	-74.0	-11.0	31.0	-9.0	95.0	20.0	41.64
65	30.0	-48.0	11.0	-57.0	66.0	-23.0	49.0	6.0	49.16
66	-24.0	-50.0	108.0	-82.0	-15.0	0.0	10.0	21.0	40.28
67	41.0	5.0	4.0	127.0	-19.0	-11.0	39.0	-28.0	39.27
68	72.0	68.0	2.0	-53.0	-13.0	31.0	-43.0	-91.0	52.77
69	-24.0	91.0	107.0	26.0	-84.0	90.0	-51.0	-56.0	50.53
70	31.0	48.0	16.0	10.0	-12.0	13.0	9.0	12.0	53.64
71	-90.0	43.0	1.0	3.0	47.0	3.0	-10.0	-10.0	46.83
72	-48.0	127.0	73.0	18.0	-6.0	15.0	31.0	-47.0	35.86
73	61.0	21.0	-3.0	63.0	-22.0	-12.0	61.0	-56.0	35.97
74	-106.0	71.0	-69.0	61.0	-16.0	4.0	19.0	84.0	35.86
75	-46.0	70.0	40.0	-54.0	-1.0	6.0	-9.0	56.0	46.39
76	90.0	-42.0	-48.0	-36.0	-56.0	3.0	-48.0	-39.0	56.21
77	127.0	101.0	-128.0	-48.0	14.0	-4.0	-13.0	102.0	63.46
78	41.0	56.0	8.0	-11.0	-26.0	6.0	33.0	23.0	60.42
79	-103.0	28.0	-20.0	-13.0	5.0	-40.0	-24.0	-30.0	64.12
80	127.0	-45.0	116.0	-29.0	28.0	0.0	-35.0	12.0	65.29
81	-107.0	127.0	-14.0	-21.0	8.0	-23.0	1.0	-82.0	62.77
82	-61.0	-128.0	-2.0	-11.0	9.0	-3.0	-32.0	37.0	65.29
83	-128.0	89.0	20.0	8.0	-36.0	1.0	46.0	9.0	70.11
84	1.0	127.0	26.0	32.0	-15.0	-5.0	127.0	-72.0	72.89
85	35.0	81.0	-76.0	-13.0	6.0	10.0	-53.0	-13.0	67.69
86	30.0	-25.0	-60.0	-44.0	29.0	19.0	9.0	51.0	72.89
