0	-125.0	6.0	-100.0	-16.0	-19.0	-2.0	38.0	3.0	72.85
1	126.0	59.0	-44.0	10.0	-15.0	33.0	-6.0	30.0	72.85
2	85.0	55.0	-97.0	73.0	14.0	4.0	13.0	1.0	78.44
3	-48.0	48.0	-50.0	7.0	18.0	-13.0	-61.0	-3.0	70.66
4	-10.0	-51.0	30.0	87.0	-24.0	15.0	29.0	24.0	69.74
5	66.0	127.0	77.0	34.0	14.0	-22.0	31.0	-64.0	63.7
6	-22.0	-128.0	-22.0	-56.0	-6.0	-17.0	-77.0	-52.0	50.54
7	-21.0	48.0	48.0	46.0	25.0	15.0	-92.0	-17.0	48.06
8	74.0	-40.0	-107.0	-39.0	8.0	-25.0	-10.0	-87.0	36.19
9	-3.0	104.0	-66.0	8.0	3.0	-23.0	42.0	32.0	40.18
10	-7.0	-83.0	-13.0	24.0	-4.0	-9.0	-4.0	-25.0	37.15
11	20.0	91.0	-41.0	-97.0	3.0	27.0	-128.0	-2.0	40.18
12	98.0	127.0	112.0	-93.0	-25.0	-20.0	8.0	23.0	36.13
13	60.0	-104.0	-24.0	-128.0	10.0	-27.0	-30.0	-6.0	35.86
14	-30.0	76.0	-45.0	3.0	-25.0	-11.0	25.0	3.0	35.55
15	79.0	31.0	-29.0	-63.0	-8.0	19.0	3.0	24.0	35.74
16	-94.0	-79.0	-30.0	-13.0	0.0	-31.0	-14.0	-22.0	35.85
17	93.0	-50.0	-55.0	50.0	-7.0	12.0	-5.0	-36.0	35.85
18	18.0	82.0	-13.0	2.0	-8.0	17.0	26.0	6.0	35.74
19	103.0	-30.0	-14.0	9.0	1.0	17.0	-25.0	80.0	36.25
20	10.0	9.0	-108.0	-83.0	-15.0	-8.0	4.0	-4.0	45.8
21	-75.0	-14.0	127.0	-46.0	-24.0	-7.0	-1.0	-25.0	36.19
22	60.0	-117.0	22.0	-32.0	16.0	4.0	0.0	-27.0	37.15
23	74.0	15.0	-55.0	72.0	40.0	13.0	60.0	24.0	45.8
24	0.0	55.0	4.0	-81.0	-2.0	-1.0	-111.0	20.0	38.11
25	4.0	-127.0	3.0	-61.0	12.0	-33.0	-24.0	-74.0	46.42
26	-15.0	105.0	41.0	44.0	28.0	-6.0	20.0	-49.0	48.06
27	-112.0	104.0	-8.0	-40.0	19.0	3.0	-2.0	-35.0	56.59
28	100.0	65.0	89.0	-37.0	0.0	11.0	-2.0	27.0	59.89
29	-121.0	49.0	49.0	21.0	-18.0	6.0	22.0	-15.0	61.31
30	-25.0	-55.0	-4.0	50.0	-17.0	1.0	-10.0	34.0	65.0
31	-103.0	44.0	-22.0	24.0	-3.0	-4.0	82.0	-3.0	65.21
32	61.0	75.0	-23.0	-8.0	16.0	2.0	-8.0	-4.0	62.15
33	66.0	-41.0	9.0	53.0	-2.0	8.0	-51.0	-33.0	59.53
34	53.0	-19.0	-87.0	-50.0	6.0	21.0	8.0	-103.0	59.89
35	-7.0	-71.0	43.0	-34.0	7.0	-31.0	-24.0	68.0	55.84
36	-60.0	2.0	3.0	55.0	0.0	6.0	62.0	-27.0	61.85
37	19.0	42.0	-27.0	22.0	-10.0	-47.0	23.0	-13.0	58.01
38	57.0	73.0	102.0	-58.0	39.0	13.0	5.0	-20.0	56.59
39	-38.0	57.0	-34.0	-44.0	6.0	1.0	36.0	-32.0	61.85
40	57.0	-1.0	-125.0	4.0	27.0	16.0	43.0	-11.0	58.96
41	16.0	-72.0	-5.0	37.0	-6.0	11.0	19.0	3.0	61.31
42	-33.0	-52.0	29.0	-104.0	29.0	-4.0	99.0	16.0	69.21
43	43.0	127.0	-101.0	-128.0	-16.0	-11.0	-89.0	-4.0	67.2
44	-41.0	66.0	74.0	120.0	-3.0	13.0	-48.0	-41.0	67.2
45	28.0	-128.0	55.0	-8.0	-8.0	-21.0	1.0	9.0	69.96
46	69.0	-78.0	-19.0	-6.0	28.0	-15.0	-1.0	-85.0	77.22
47	46.0	37.0	-128.0	82.0	-23.0	-17.0	-42.0	-42.0	88.76
48	-49.0	76.0	-49.0	10.0	-6.0	-12.0	-12.0	-16.0	85.69
49	36.0	-62.0	-20.0	-7.0	24.0	12.0	104.0	-6.0	82.19
50	9.0	96.0	50.0	100.0	-39.0	-28.0	-11.0	37.0	80.46
51	-63.0	62.0	49.0	47.0	-51.0	13.0	-6.0	-36.0	96.21
52	103.0	106.0	-35.0	70.0	31.0	-15.0	-8.0	1.0	97.3
53	-1.0	23.0	21.0	118.0	60.0	-10.0	70.0	17.0	96.84
54	-80.0	-128.0	-46.0	-35.0	-3.0	-10.0	54.0	-26.0	101.71
55	20.0	35.0	76.0	-121.0	14.0	13.0	-16.0	80.0	96.21
56	-14.0	82.0	-29.0	50.0	-14.0	38.0	10.0	-36.0	98.64
57	-97.0	-31.0	13.0	42.0	49.0	-12.0	-3.0	-36.0	91.53
58	84.0	94.0	-26.0	-20.0	-20.0	7.0	-61.0	2.0	100.35
59	-81.0	-27.0	77.0	28.0	-22.0	-15.0	92.0	-9.0	104.53
60	-38.0	-65.0	35.0	-94.0	-10.0	-28.0	23.0	-2.0	107.19
61	-128.0	74.0	-64.0	-11.0	-11.0	10.0	-4.0	23.0	107.19
62	99.0	82.0	-45.0	74.0	-58.0	3.0	-56.0	-20.0	108.08
63	20.0	117.0	-92.0	39.0	5.0	5.0	-25.0	-6.0	108.11
64	34.0	104.0	-22.0	12.0	-47.0	-12.0	117.0	78.0	109.34
65	42.0	35.0	-3.0	63.0	16.0	-20.0	-87.0	-45.0	109.2
66	-26.0	-96.0	-63.0	-1.0	24.0	9.0	46.0	-1.0	109.2
67	15.0	-37.0	-79.0	94.0	-3.0	-2.0	67.0	-46.0	109.6
68	1.0	127.0	33.0	6.0	-4.0	2.0	-53.0	-4.0	109.01
69	11.0	-11.0	-124.0	-11.0	0.0	-8.0	7.0	-3.0	109.01
70	96.0	48.0	15.0	9.0	25.0	23.0	8.0	8.0	104.52
71	109.0	-100.0	35.0	40.0	-14.0	-7.0	3.0	24.0	104.03
72	-104.0	2.0	-7.0	-22.0	31.0	-11.0	-42.0	38.0	107.19
73	-9.0	-31.0	-13.0	8.0	12.0	14.0	-18.0	-26.0	104.52
74	59.0	112.0	-20.0	-33.0	-6.0	-8.0	-10.0	19.0	104.53
75	1.0	5.0	-98.0	-86.0	0.0	8.0	-5.0	10.0	107.32
76	-12.0	-58.0	-7.0	85.0	-56.0	-8.0	-31.0	-66.0	107.19
77	-30.0	-7.0	5.0	-23.0	-65.0	15.0	-31.0	-8.0	104.72
78	29.0	-106.0	16.0	43.0	8.0	-18.0	-66.0	5.0	105.63
79	-26.0	-8.0	105.0	-15.0	-18.0	-18.0	15.0	-46.0	73.72
80	-128.0	13.0	-71.0	-128.0	-12.0	-17.0	-20.0	-15.0	69.21
81	10.0	-31.0	76.0	-113.0	-34.0	-5.0	-62.0	14.0	80.81
82	92.0	75.0	-31.0	-30.0	-39.0	12.0	-15.0	-36.0	78.44
83	96.0	-128.0	20.0	39.0	-2.0	-9.0	-29.0	-21.0	80.46
84	-10.0	-103.0	93.0	10.0	13.0	5.0	21.0	34.0	101.71
85	25.0	18.0	12.0	-64.0	-32.0	-23.0	95.0	-11.0	98.64
