0	-10.0	89.0	-23.0	43.0	-1.0	-20.0	12.0	8.0	65.36
1	85.0	-5.0	-25.0	-45.0	-12.0	-24.0	-4.0	6.0	73.77
2	127.0	46.0	-1.0	22.0	10.0	22.0	31.0	-5.0	75.07
3	-100.0	127.0	23.0	7.0	-31.0	2.0	-1.0	19.0	73.93
4	38.0	-88.0	60.0	-78.0	-10.0	11.0	-32.0	-43.0	67.41
5	-68.0	125.0	25.0	60.0	-35.0	4.0	17.0	-29.0	61.11
6	-85.0	-17.0	-31.0	-27.0	1.0	10.0	9.0	20.0	62.36
7	4.0	12.0	-97.0	32.0	2.0	-1.0	-1.0	-19.0	60.12
8	105.0	24.0	-26.0	82.0	-4.0	2.0	-14.0	-20.0	61.11
9	60.0	98.0	10.0	1.0	20.0	5.0	28.0	1.0	57.49
10	60.0	5.0	-3.0	6.0	-15.0	-11.0	28.0	15.0	59.93
11	-44.0	-73.0	15.0	-44.0	3.0	13.0	9.0	1.0	52.05
12	-4.0	-8.0	127.0	54.0	-11.0	21.0	-19.0	0.0	52.05
13	-29.0	95.0	93.0	113.0	11.0	24.0	-95.0	-19.0	41.48
14	22.0	-92.0	-49.0	-28.0	23.0	-18.0	-3.0	2.0	57.16
15	-47.0	127.0	-81.0	61.0	-19.0	3.0	-6.0	-19.0	56.79
16	-112.0	52.0	-13.0	-7.0	-20.0	0.0	-56.0	-28.0	41.2
17	-111.0	-128.0	-10.0	-34.0	-5.0	-33.0	-1.0	-19.0	41.88
18	51.0	127.0	-57.0	-84.0	-14.0	26.0	9.0	-14.0	52.7
19	96.0	2.0	-36.0	46.0	16.0	-2.0	-12.0	13.0	41.16
20	-23.0	11.0	43.0	70.0	-28.0	3.0	-10.0	-1.0	40.74
21	74.0	86.0	-67.0	26.0	17.0	-6.0	21.0	-32.0	40.66
22	-68.0	-98.0	0.0	127.0	10.0	-11.0	26.0	-2.0	40.88
23	-94.0	19.0	83.0	-35.0	-4.0	9.0	-6.0	42.0	40.88
24	-37.0	38.0	-69.0	45.0	-4.0	10.0	25.0	-26.0	40.44
25	-56.0	-38.0	-7.0	-38.0	0.0	-3.0	11.0	-17.0	41.16
26	-125.0	35.0	-25.0	-57.0	9.0	9.0	23.0	5.0	40.41
27	9.0	-15.0	-41.0	73.0	26.0	-35.0	-23.0	22.0	40.44
28	84.0	42.0	-5.0	-128.0	23.0	16.0	-23.0	-4.0	54.92
29	127.0	117.0	-4.0	84.0	-29.0	-2.0	9.0	-15.0	41.48
30	127.0	109.0	-4.0	49.0	10.0	-8.0	-37.0	-3.0	57.28
31	-128.0	-128.0	-67.0	-48.0	42.0	7.0	-7.0	4.0	61.11
32	-3.0	-120.0	102.0	27.0	-19.0	-22.0	-5.0	23.0	57.28
33	-28.0	103.0	-14.0	-14.0	57.0	5.0	-27.0	0.0	57.16
34	-54.0	-16.0	-68.0	-7.0	-2.0	-5.0	6.0	4.0	60.1
35	-18.0	78.0	0.0	25.0	3.0	0.0	6.0	2.0	61.11
36	-7.0	-46.0	4.0	19.0	13.0	4.0	-3.0	-3.0	68.82
37	-94.0	-19.0	33.0	-60.0	-8.0	-15.0	-7.0	13.0	81.64
38	-82.0	85.0	32.0	-70.0	11.0	2.0	-16.0	43.0	67.41
39	125.0	-43.0	95.0	42.0	5.0	-66.0	-1.0	-15.0	79.61
40	-69.0	-60.0	41.0	45.0	-7.0	-13.0	-4.0	-10.0	77.43
41	-74.0	51.0	27.0	-21.0	17.0	4.0	-23.0	0.0	62.36
42	-59.0	-63.0	69.0	-63.0	-14.0	25.0	-14.0	12.0	77.43
43	-13.0	31.0	26.0	-128.0	6.0	-15.0	-8.0	27.0	65.42
44	38.0	-98.0	100.0	-82.0	-4.0	-6.0	-10.0	7.0	76.2
45	-18.0	-93.0	-106.0	-39.0	-2.0	9.0	7.0	-10.0	79.61
46	44.0	58.0	-121.0	-11.0	29.0	-1.0	7.0	-28.0	62.89
47	60.0	-109.0	127.0	-41.0	-6.0	-6.0	-16.0	3.0	81.2
48	-51.0	-115.0	-4.0	41.0	5.0	-14.0	7.0	1.0	81.64
49	19.0	-75.0	47.0	-26.0	8.0	-15.0	0.0	-6.0	89.11
50	51.0	54.0	39.0	83.0	-7.0	2.0	-32.0	1.0	82.68
51	-128.0	-6.0	78.0	-26.0	14.0	-28.0	23.0	-15.0	84.83
52	-25.0	-44.0	16.0	46.0	12.0	2.0	4.0	43.0	84.83
53	26.0	-128.0	97.0	-30.0	-4.0	-14.0	-7.0	12.0	87.62
54	103.0	-14.0	90.0	98.0	-4.0	-12.0	-15.0	31.0	86.59
55	51.0	61.0	-47.0	-47.0	21.0	12.0	11.0	-3.0	85.76
56	-48.0	-65.0	112.0	16.0	1.0	-31.0	-15.0	14.0	83.58
57	-17.0	28.0	-27.0	57.0	-69.0	10.0	-7.0	21.0	82.62
58	-17.0	94.0	-95.0	-8.0	17.0	-25.0	8.0	2.0	82.68
59	-109.0	127.0	63.0	9.0	-7.0	-16.0	-87.0	-18.0	85.11
60	108.0	3.0	81.0	43.0	-3.0	2.0	24.0	13.0	89.11
61	-27.0	-76.0	-33.0	31.0	-14.0	2.0	-35.0	19.0	87.62
62	-43.0	119.0	53.0	-118.0	4.0	4.0	4.0	-5.0	91.37
63	-89.0	-123.0	22.0	-8.0	-35.0	-9.0	1.0	-5.0	92.96
64	38.0	-128.0	47.0	48.0	19.0	9.0	-16.0	2.0	92.37
65	56.0	-46.0	107.0	-4.0	22.0	-18.0	10.0	-13.0	92.81
66	64.0	-88.0	-66.0	-9.0	-21.0	1.0	-9.0	23.0	92.96
67	-66.0	127.0	31.0	-24.0	4.0	-24.0	-1.0	3.0	95.42
68	25.0	54.0	-84.0	-27.0	7.0	-13.0	8.0	-7.0	93.35
69	-12.0	-46.0	12.0	7.0	45.0	21.0	-7.0	-19.0	92.62
70	127.0	75.0	60.0	106.0	-3.0	-4.0	-6.0	-15.0	92.62
71	127.0	-64.0	-60.0	-44.0	-51.0	6.0	-7.0	-5.0	87.95
72	29.0	-113.0	-89.0	-80.0	-6.0	-6.0	-18.0	-11.0	89.29
73	-85.0	-61.0	6.0	105.0	-12.0	-14.0	15.0	-24.0	91.61
74	43.0	-68.0	99.0	52.0	17.0	-4.0	6.0	-5.0	89.29
75	127.0	117.0	-17.0	-42.0	-9.0	0.0	-2.0	-9.0	84.85
76	49.0	33.0	-60.0	0.0	-11.0	-5.0	29.0	-22.0	84.85
77	-36.0	86.0	-128.0	-56.0	-9.0	-16.0	-39.0	14.0	90.12
78	-109.0	109.0	57.0	53.0	2.0	21.0	-6.0	-9.0	79.78
79	32.0	82.0	2.0	27.0	17.0	-20.0	-29.0	-31.0	78.83
80	78.0	-96.0	12.0	-22.0	0.0	3.0	-1.0	20.0	75.07
81	-2.0	33.0	-44.0	46.0	-19.0	-16.0	18.0	5.0	65.42
82	29.0	-66.0	50.0	-90.0	-19.0	-2.0	56.0	13.0	72.65
83	56.0	80.0	-39.0	109.0	-18.0	23.0	-6.0	11.0	73.77
84	87.0	46.0	93.0	11.0	12.0	10.0	-10.0	-55.0	69.51
