0	-92.0	86.0	59.0	-1.0	24.0	9.0	18.0	14.0	100.3
1	62.0	127.0	-7.0	3.0	75.0	-4.0	-12.0	4.0	88.28
2	-54.0	-104.0	-19.0	20.0	-17.0	-8.0	-18.0	10.0	87.8
3	-49.0	42.0	119.0	80.0	20.0	-61.0	-26.0	26.0	83.18
4	-104.0	-110.0	-21.0	127.0	6.0	2.0	12.0	22.0	86.74
5	87.0	-111.0	-76.0	17.0	69.0	-17.0	-18.0	-15.0	83.42
6	29.0	-103.0	-128.0	16.0	-6.0	-10.0	-28.0	7.0	84.47
7	13.0	94.0	117.0	80.0	-14.0	1.0	-6.0	-5.0	81.83
8	37.0	-81.0	82.0	-78.0	-14.0	3.0	27.0	-43.0	85.48
9	-32.0	127.0	-72.0	-75.0	2.0	-7.0	-16.0	-3.0	81.83
10	51.0	-79.0	112.0	-22.0	2.0	2.0	35.0	14.0	87.53
11	-33.0	127.0	18.0	-26.0	4.0	-17.0	5.0	-31.0	87.8
12	127.0	16.0	18.0	10.0	15.0	14.0	12.0	56.0	86.14
13	-128.0	37.0	58.0	115.0	28.0	12.0	34.0	0.0	87.53
14	78.0	71.0	77.0	3.0	-5.0	9.0	2.0	12.0	78.16
15	-128.0	77.0	-18.0	54.0	-9.0	-12.0	5.0	-19.0	85.48
16	25.0	-104.0	48.0	-4.0	15.0	2.0	-8.0	22.0	72.8
17	-102.0	84.0	-26.0	77.0	5.0	-19.0	9.0	2.0	62.62
18	127.0	-27.0	-50.0	-75.0	18.0	-5.0	8.0	64.0	81.17
19	40.0	-45.0	47.0	127.0	64.0	-16.0	50.0	-15.0	73.93
20	127.0	81.0	-30.0	-13.0	-28.0	17.0	-30.0	-17.0	80.98
21	-88.0	118.0	27.0	-128.0	9.0	12.0	5.0	5.0	78.58
22	32.0	127.0	-43.0	-106.0	-8.0	-10.0	7.0	-3.0	75.85
23	-14.0	19.0	-27.0	37.0	9.0	-3.0	8.0	12.0	75.85
24	93.0	-59.0	-104.0	127.0	33.0	3.0	29.0	-3.0	59.9
25	-67.0	-122.0	91.0	109.0	-12.0	-11.0	-25.0	5.0	51.23
26	7.0	127.0	-91.0	20.0	-1.0	26.0	11.0	-18.0	68.08
27	-49.0	-1.0	80.0	-23.0	7.0	16.0	-46.0	9.0	62.54
28	-2.0	-82.0	15.0	-23.0	-13.0	18.0	15.0	-14.0	58.2
29	-60.0	-128.0	117.0	6.0	8.0	-12.0	9.0	-3.0	62.05
30	-5.0	51.0	31.0	80.0	-4.0	8.0	-16.0	0.0	62.76
31	56.0	90.0	24.0	16.0	24.0	-3.0	-37.0	-39.0	65.06
32	-37.0	127.0	-49.0	-128.0	-9.0	-3.0	-4.0	15.0	74.42
33	-9.0	-45.0	-15.0	-72.0	-21.0	-1.0	-7.0	-9.0	76.15
34	-84.0	127.0	10.0	-120.0	-36.0	9.0	-5.0	-29.0	74.42
35	26.0	8.0	9.0	-8.0	41.0	19.0	9.0	2.0	57.39
36	98.0	66.0	68.0	-59.0	33.0	-6.0	-10.0	25.0	57.39
37	-116.0	-73.0	9.0	77.0	16.0	3.0	-9.0	35.0	57.03
38	44.0	104.0	32.0	11.0	-89.0	9.0	4.0	15.0	55.57
39	95.0	-90.0	27.0	31.0	-5.0	-3.0	-23.0	-6.0	57.03
40	-81.0	127.0	60.0	-33.0	-47.0	-7.0	-7.0	-6.0	53.74
41	-128.0	34.0	-50.0	-16.0	-31.0	-9.0	12.0	-32.0	48.04
42	-7.0	30.0	-83.0	55.0	-1.0	-13.0	64.0	-3.0	51.09
43	16.0	-61.0	61.0	-27.0	-22.0	-20.0	13.0	-19.0	73.93
44	16.0	81.0	-43.0	-33.0	8.0	6.0	35.0	10.0	62.54
45	5.0	-39.0	109.0	102.0	1.0	23.0	24.0	48.0	63.74
46	118.0	23.0	-11.0	-46.0	-22.0	4.0	4.0	-19.0	51.38
47	-22.0	-15.0	-31.0	43.0	2.0	-22.0	-7.0	23.0	63.25
48	-75.0	61.0	-30.0	-56.0	-6.0	-28.0	4.0	28.0	56.03
49	-83.0	22.0	23.0	-47.0	37.0	8.0	27.0	8.0	48.51
50	-25.0	-4.0	-45.0	-64.0	21.0	11.0	1.0	2.0	55.57
51	2.0	-75.0	127.0	-40.0	-11.0	30.0	16.0	42.0	51.09
52	76.0	-78.0	118.0	-111.0	9.0	10.0	-60.0	7.0	48.75
53	-1.0	7.0	-117.0	-22.0	30.0	18.0	4.0	9.0	58.11
54	97.0	123.0	-3.0	111.0	23.0	18.0	-12.0	-88.0	76.15
55	-128.0	76.0	-99.0	-8.0	-31.0	-1.0	3.0	20.0	62.76
56	26.0	57.0	-41.0	57.0	50.0	-30.0	12.0	-27.0	67.42
57	67.0	74.0	4.0	16.0	-17.0	0.0	11.0	6.0	48.51
58	127.0	33.0	94.0	36.0	37.0	42.0	11.0	-30.0	48.04
59	20.0	60.0	-128.0	-1.0	-15.0	-38.0	1.0	32.0	48.39
60	-128.0	-99.0	35.0	24.0	25.0	17.0	-9.0	-5.0	47.6
61	-43.0	35.0	91.0	-7.0	-15.0	-9.0	-20.0	18.0	48.6
62	-84.0	66.0	-74.0	-26.0	10.0	-5.0	-26.0	1.0	48.72
63	12.0	-128.0	0.0	-72.0	-19.0	10.0	12.0	7.0	48.72
64	31.0	81.0	-45.0	-4.0	-25.0	23.0	15.0	22.0	48.75
65	93.0	35.0	42.0	29.0	-10.0	-47.0	23.0	-13.0	55.78
66	13.0	-71.0	113.0	32.0	44.0	-10.0	0.0	-75.0	63.25
67	79.0	127.0	-127.0	54.0	29.0	5.0	12.0	-40.0	58.2
68	-41.0	-94.0	-68.0	98.0	-27.0	17.0	14.0	-7.0	65.06
69	-32.0	-29.0	3.0	-36.0	-13.0	-23.0	-1.0	14.0	78.58
70	-66.0	51.0	-4.0	37.0	-2.0	17.0	-60.0	41.0	81.14
71	52.0	22.0	-29.0	-86.0	-8.0	-6.0	3.0	-33.0	83.78
72	63.0	73.0	4.0	59.0	15.0	5.0	2.0	29.0	79.96
73	-38.0	75.0	9.0	12.0	8.0	8.0	26.0	-51.0	81.75
74	-84.0	-80.0	38.0	52.0	-25.0	-19.0	-17.0	28.0	81.75
75	121.0	87.0	3.0	5.0	6.0	15.0	42.0	2.0	83.42
76	114.0	-92.0	-23.0	28.0	15.0	1.0	-35.0	-15.0	86.18
77	127.0	52.0	-107.0	-84.0	19.0	4.0	6.0	-10.0	84.12
78	51.0	13.0	-45.0	84.0	23.0	-19.0	-3.0	-6.0	84.64
79	-4.0	54.0	103.0	74.0	-12.0	13.0	-27.0	3.0	86.17
80	-128.0	-23.0	15.0	-106.0	-28.0	26.0	-23.0	43.0	86.18
81	35.0	-15.0	-115.0	101.0	-28.0	9.0	20.0	-11.0	84.64
82	-30.0	-31.0	23.0	-98.0	10.0	41.0	-18.0	24.0	87.89
83	84.0	-64.0	-45.0	12.0	-89.0	13.0	11.0	-26.0	88.28
84	122.0	101.0	124.0	-4.0	-34.0	15.0	-59.0	5.0	88.56
85	-103.0	43.0	-125.0	-43.0	-9.0	30.0	-5.0	4.0	88.17
86	-37.0	-61.0	-18.0	47.0	98.0	-9.0	9.0	0.0	88.66
87	15.0	-4.0	-15.0	-59.0	74.0	-27.0	-30.0	-52.0	88.66
