0	8.0	-45.0	69.0	-128.0	-36.0	-8.0	-27.0	5.0	90.92
1	10.0	-49.0	42.0	80.0	-16.0	8.0	-20.0	-101.0	90.87
2	38.0	-47.0	-22.0	72.0	23.0	-36.0	8.0	-39.0	66.16
3	62.0	-91.0	-22.0	48.0	28.0	10.0	-36.0	2.0	63.16
4	111.0	93.0	41.0	-21.0	35.0	3.0	124.0	14.0	66.7
5	74.0	-110.0	18.0	-128.0	-11.0	-19.0	-4.0	-10.0	74.05
6	36.0	43.0	-5.0	127.0	-30.0	27.0	17.0	22.0	63.16
7	-47.0	-45.0	20.0	119.0	12.0	2.0	23.0	11.0	53.19
8	127.0	2.0	6.0	-42.0	-2.0	-4.0	-20.0	-58.0	52.88
9	-100.0	127.0	-8.0	22.0	-13.0	-1.0	117.0	33.0	52.56
10	-63.0	25.0	-101.0	-48.0	50.0	7.0	-14.0	-21.0	52.49
11	-76.0	45.0	-44.0	-30.0	-10.0	35.0	-50.0	-65.0	52.49
12	65.0	-21.0	-32.0	65.0	-8.0	4.0	-40.0	16.0	52.61
13	-76.0	127.0	95.0	-75.0	-22.0	16.0	-15.0	-19.0	53.58
14	57.0	65.0	-128.0	-46.0	29.0	23.0	-51.0	-22.0	54.93
15	-51.0	127.0	43.0	57.0	0.0	51.0	-7.0	-33.0	60.05
16	-52.0	4.0	-53.0	45.0	-3.0	-52.0	-42.0	-65.0	70.78
17	-103.0	79.0	12.0	23.0	33.0	15.0	10.0	42.0	66.73
18	-6.0	-33.0	20.0	-37.0	-53.0	-10.0	-19.0	36.0	74.78
19	77.0	-99.0	108.0	-58.0	5.0	-5.0	19.0	-19.0	77.11
20	127.0	71.0	10.0	78.0	-28.0	-9.0	-52.0	26.0	80.83
21	-128.0	-70.0	-21.0	127.0	6.0	18.0	102.0	-62.0	66.16
22	55.0	76.0	0.0	-9.0	29.0	-27.0	54.0	-25.0	60.05
23	44.0	7.0	29.0	-2.0	3.0	-12.0	17.0	-15.0	53.94
24	67.0	66.0	85.0	82.0	11.0	22.0	4.0	-19.0	52.96
25	50.0	-75.0	-29.0	36.0	5.0	-29.0	-62.0	17.0	52.96
26	-117.0	21.0	-51.0	-13.0	-3.0	1.0	66.0	-33.0	53.19
27	123.0	61.0	16.0	-12.0	-6.0	21.0	-4.0	-37.0	54.93
28	71.0	-90.0	-74.0	-11.0	-17.0	-4.0	-27.0	-2.0	59.74
29	30.0	43.0	-47.0	-122.0	-12.0	23.0	5.0	3.0	61.93
30	58.0	-5.0	-21.0	-67.0	-13.0	-6.0	1.0	-48.0	90.92
31	15.0	-102.0	29.0	52.0	15.0	-45.0	-19.0	-39.0	91.62
32	-66.0	127.0	52.0	16.0	-9.0	-15.0	-10.0	-11.0	66.73
33	-63.0	68.0	16.0	78.0	5.0	-5.0	127.0	17.0	54.25
34	-48.0	-100.0	-5.0	-61.0	-21.0	30.0	3.0	-72.0	65.44
35	91.0	6.0	-9.0	15.0	-2.0	34.0	-17.0	19.0	64.74
36	-94.0	-5.0	-29.0	26.0	-7.0	-16.0	-14.0	23.0	80.83
37	127.0	-9.0	101.0	-18.0	2.0	-7.0	-122.0	28.0	92.28
38	79.0	43.0	0.0	48.0	-27.0	-9.0	-49.0	-8.0	80.47
39	127.0	-19.0	92.0	37.0	8.0	-47.0	-8.0	4.0	74.78
40	-86.0	-17.0	-9.0	23.0	1.0	-15.0	28.0	-19.0	89.66
41	-80.0	-16.0	-7.0	29.0	-20.0	-46.0	-5.0	17.0	79.14
42	100.0	30.0	2.0	-128.0	-1.0	37.0	32.0	43.0	79.14
43	-27.0	-26.0	-24.0	55.0	-19.0	47.0	-6.0	2.0	91.87
44	-32.0	-110.0	28.0	-17.0	26.0	-4.0	-10.0	6.0	92.32
45	-69.0	59.0	-25.0	-46.0	-26.0	29.0	-28.0	-22.0	92.84
46	-36.0	-78.0	-83.0	-117.0	28.0	-6.0	6.0	-5.0	93.79
47	110.0	-22.0	33.0	-43.0	33.0	-3.0	-35.0	-8.0	97.66
48	96.0	81.0	-48.0	-31.0	32.0	16.0	-5.0	38.0	98.08
49	-65.0	-61.0	60.0	70.0	-36.0	4.0	74.0	18.0	99.95
50	-27.0	-63.0	33.0	14.0	27.0	29.0	25.0	-4.0	98.76
51	-36.0	-43.0	14.0	-97.0	4.0	-34.0	-128.0	-37.0	102.79
52	44.0	77.0	47.0	-37.0	-38.0	44.0	33.0	8.0	98.76
53	127.0	127.0	-28.0	-19.0	30.0	-30.0	2.0	-44.0	101.2
54	-68.0	118.0	79.0	-93.0	43.0	-5.0	-12.0	48.0	100.93
55	5.0	74.0	-29.0	11.0	-23.0	21.0	1.0	-22.0	105.33
56	-126.0	-16.0	-53.0	-47.0	-17.0	8.0	-21.0	-1.0	108.31
57	50.0	127.0	-111.0	2.0	-37.0	-4.0	-118.0	41.0	110.02
58	127.0	40.0	-68.0	-111.0	-21.0	-4.0	1.0	-31.0	106.67
59	-28.0	74.0	-18.0	-49.0	59.0	-5.0	26.0	15.0	106.67
60	-7.0	-7.0	7.0	-54.0	-16.0	-3.0	-14.0	-4.0	106.33
61	11.0	117.0	15.0	47.0	-8.0	48.0	4.0	-103.0	103.34
62	48.0	44.0	51.0	55.0	-15.0	-26.0	-2.0	13.0	107.17
63	103.0	-66.0	-128.0	-107.0	5.0	16.0	-66.0	54.0	109.15
64	28.0	-74.0	-39.0	34.0	20.0	-11.0	8.0	3.0	110.52
65	77.0	91.0	83.0	33.0	-6.0	29.0	36.0	14.0	107.72
66	94.0	-128.0	43.0	-48.0	6.0	-4.0	-9.0	6.0	104.12
67	-10.0	37.0	13.0	83.0	-16.0	-38.0	62.0	-12.0	106.33
68	-14.0	-32.0	-87.0	9.0	-2.0	7.0	-26.0	6.0	103.34
69	-75.0	61.0	-49.0	7.0	-28.0	0.0	41.0	-91.0	107.76
70	-18.0	79.0	-27.0	30.0	-19.0	-24.0	44.0	-4.0	109.15
71	65.0	-95.0	5.0	-5.0	-23.0	-27.0	91.0	19.0	108.88
72	22.0	-52.0	22.0	30.0	35.0	14.0	-9.0	21.0	110.82
73	-128.0	-20.0	15.0	-65.0	24.0	48.0	-18.0	14.0	108.31
74	28.0	-113.0	-52.0	-20.0	-14.0	6.0	-19.0	-2.0	110.02
75	-73.0	-76.0	6.0	-19.0	27.0	2.0	-11.0	12.0	109.44
76	-89.0	-77.0	67.0	-18.0	-15.0	14.0	-42.0	26.0	105.33
77	-22.0	67.0	32.0	2.0	1.0	0.0	-44.0	1.0	107.76
78	-25.0	109.0	4.0	28.0	-1.0	18.0	-7.0	20.0	105.37
79	31.0	94.0	0.0	-114.0	2.0	2.0	-82.0	-40.0	102.79
80	-65.0	127.0	-9.0	-31.0	51.0	-10.0	-69.0	0.0	98.26
81	-37.0	113.0	2.0	13.0	-12.0	21.0	5.0	26.0	98.08
82	72.0	61.0	-53.0	118.0	62.0	18.0	-40.0	-26.0	93.54
83	86.0	8.0	-87.0	2.0	-36.0	-22.0	-29.0	-50.0	92.84
84	75.0	105.0	-54.0	-49.0	13.0	-23.0	6.0	-43.0	91.87
85	119.0	-92.0	27.0	-47.0	10.0	45.0	-100.0	21.0	89.66
