0	-36.0	-128.0	67.0	67.0	1.0	10.0	-43.0	-54.0	91.95
1	105.0	127.0	-61.0	-128.0	-2.0	-21.0	32.0	-22.0	82.95
2	12.0	100.0	20.0	-2.0	-12.0	7.0	121.0	15.0	83.91
3	-61.0	40.0	122.0	-39.0	4.0	-1.0	-16.0	-48.0	105.66
4	40.0	92.0	-84.0	74.0	21.0	-33.0	4.0	-3.0	94.54
5	-34.0	127.0	78.0	-47.0	-22.0	18.0	-4.0	18.0	105.54
6	22.0	-27.0	-33.0	41.0	5.0	-13.0	25.0	88.0	90.52
7	122.0	-77.0	-30.0	113.0	0.0	9.0	-87.0	-98.0	81.56
8	-29.0	127.0	103.0	-9.0	-9.0	10.0	42.0	84.0	76.78
9	-128.0	-123.0	11.0	-19.0	-66.0	4.0	13.0	-17.0	103.42
10	-8.0	-13.0	70.0	-25.0	-22.0	3.0	46.0	15.0	91.95
11	85.0	-22.0	-7.0	76.0	-17.0	-9.0	-85.0	-21.0	93.37
12	-117.0	67.0	-112.0	11.0	24.0	-8.0	12.0	96.0	80.74
13	73.0	-78.0	51.0	-4.0	-9.0	-83.0	58.0	-19.0	83.91
14	127.0	127.0	-10.0	-87.0	-55.0	20.0	17.0	18.0	80.32
15	2.0	-68.0	1.0	34.0	34.0	-5.0	87.0	-10.0	105.66
16	43.0	24.0	-79.0	9.0	-32.0	17.0	71.0	-54.0	95.31
17	76.0	-128.0	-82.0	0.0	11.0	9.0	26.0	5.0	90.31
18	27.0	-117.0	-19.0	-69.0	11.0	21.0	-22.0	-11.0	87.83
19	107.0	-65.0	40.0	-21.0	36.0	-3.0	-29.0	-44.0	90.31
20	-26.0	57.0	127.0	-128.0	-41.0	57.0	81.0	22.0	80.32
21	-62.0	-128.0	14.0	-48.0	-6.0	-35.0	-59.0	-14.0	105.54
22	63.0	-14.0	-76.0	-14.0	-16.0	36.0	-69.0	11.0	81.84
23	-14.0	-48.0	-38.0	-21.0	-40.0	3.0	-2.0	28.0	94.54
24	126.0	35.0	1.0	-45.0	-1.0	61.0	-8.0	-32.0	74.39
25	-87.0	-22.0	13.0	15.0	25.0	13.0	-10.0	7.0	77.76
26	50.0	58.0	-12.0	-9.0	-3.0	19.0	3.0	5.0	79.67
27	2.0	-87.0	-13.0	41.0	2.0	12.0	-8.0	34.0	77.76
28	127.0	-24.0	-115.0	43.0	3.0	0.0	8.0	44.0	101.55
29	-128.0	-79.0	-38.0	-74.0	-12.0	4.0	-58.0	-16.0	80.45
30	124.0	-88.0	-33.0	-20.0	23.0	-17.0	70.0	-32.0	76.14
31	-16.0	127.0	111.0	10.0	30.0	-8.0	-54.0	15.0	76.78
32	-103.0	-128.0	69.0	76.0	-8.0	20.0	9.0	-3.0	72.85
33	-75.0	-128.0	-59.0	36.0	-10.0	34.0	91.0	12.0	69.7
34	105.0	-96.0	-7.0	-14.0	10.0	-11.0	5.0	0.0	80.01
35	-63.0	80.0	-9.0	-11.0	-17.0	63.0	2.0	22.0	69.47
36	-12.0	75.0	-114.0	20.0	11.0	-6.0	11.0	-23.0	73.33
37	5.0	71.0	9.0	-2.0	-24.0	7.0	-63.0	-75.0	63.29
38	35.0	106.0	-5.0	36.0	-5.0	-2.0	17.0	34.0	63.0
39	31.0	-106.0	-5.0	125.0	-25.0	5.0	-27.0	23.0	58.21
40	-37.0	127.0	-3.0	81.0	-92.0	-4.0	-14.0	-1.0	62.64
41	-128.0	-59.0	16.0	81.0	24.0	5.0	13.0	-50.0	53.97
42	22.0	-37.0	-22.0	25.0	-11.0	-9.0	100.0	-6.0	48.61
43	79.0	124.0	-8.0	22.0	31.0	-116.0	-2.0	-67.0	48.51
44	122.0	-128.0	17.0	-20.0	24.0	-66.0	-79.0	-59.0	48.4
45	-70.0	-128.0	-32.0	-42.0	18.0	-31.0	32.0	97.0	48.69
46	19.0	-24.0	-37.0	25.0	0.0	43.0	-18.0	-38.0	48.83
47	7.0	71.0	28.0	-6.0	58.0	-3.0	-65.0	27.0	53.97
48	-90.0	-55.0	33.0	-124.0	16.0	-50.0	5.0	-2.0	48.83
49	127.0	-68.0	31.0	49.0	25.0	23.0	-77.0	48.0	58.07
50	-72.0	-60.0	-10.0	31.0	19.0	17.0	9.0	-128.0	47.8
51	-24.0	16.0	-26.0	-22.0	16.0	1.0	60.0	10.0	48.51
52	105.0	127.0	35.0	5.0	3.0	40.0	32.0	33.0	58.07
53	-110.0	115.0	-107.0	-30.0	-2.0	35.0	-85.0	-59.0	47.74
54	-31.0	-69.0	-98.0	-14.0	17.0	50.0	-28.0	127.0	48.21
55	47.0	103.0	123.0	-22.0	-32.0	17.0	15.0	57.0	51.4
56	127.0	-128.0	10.0	8.0	-22.0	-67.0	-27.0	-17.0	48.21
57	-34.0	-94.0	-79.0	31.0	7.0	24.0	64.0	18.0	49.03
58	38.0	31.0	18.0	19.0	8.0	-56.0	-28.0	-1.0	61.13
59	59.0	-123.0	-128.0	41.0	-5.0	76.0	18.0	0.0	59.65
60	-21.0	-56.0	-54.0	-4.0	-23.0	-57.0	-3.0	-11.0	67.05
61	44.0	-40.0	1.0	-12.0	25.0	14.0	-20.0	-3.0	59.87
62	-106.0	-37.0	77.0	80.0	14.0	11.0	48.0	-16.0	59.65
63	25.0	-16.0	-44.0	15.0	-49.0	-59.0	-24.0	-70.0	49.39
64	-17.0	2.0	-5.0	-45.0	23.0	38.0	29.0	44.0	49.39
65	127.0	-106.0	4.0	-7.0	-41.0	-6.0	97.0	-9.0	61.13
66	54.0	-93.0	-90.0	-40.0	-4.0	12.0	-15.0	-45.0	61.73
67	-78.0	16.0	77.0	73.0	24.0	67.0	43.0	16.0	65.39
68	-20.0	-5.0	-52.0	-73.0	-44.0	-3.0	20.0	-9.0	69.47
69	-128.0	22.0	12.0	15.0	-31.0	-36.0	-68.0	27.0	65.39
70	-90.0	127.0	-51.0	-49.0	-20.0	17.0	14.0	-33.0	62.64
71	39.0	106.0	-92.0	2.0	2.0	24.0	-30.0	84.0	69.7
72	-89.0	52.0	0.0	-80.0	-12.0	-6.0	-36.0	-108.0	80.01
73	-88.0	38.0	13.0	104.0	-5.0	1.0	80.0	-65.0	74.39
74	-46.0	56.0	52.0	-90.0	-17.0	-30.0	78.0	1.0	79.69
75	-128.0	106.0	80.0	-115.0	58.0	14.0	-128.0	-52.0	83.55
76	18.0	39.0	-33.0	-19.0	4.0	3.0	105.0	-91.0	104.65
77	93.0	36.0	-6.0	-44.0	-21.0	52.0	5.0	-14.0	103.42
78	-16.0	-30.0	-35.0	-5.0	-17.0	-48.0	-11.0	-2.0	98.31
79	16.0	47.0	0.0	-10.0	-5.0	44.0	9.0	1.0	105.75
80	-58.0	18.0	22.0	84.0	-5.0	-13.0	-11.0	23.0	107.05
81	-16.0	-75.0	18.0	35.0	29.0	-81.0	-20.0	-6.0	106.98
82	-64.0	13.0	-9.0	1.0	6.0	53.0	-128.0	-10.0	106.98
83	64.0	93.0	-105.0	76.0	-12.0	15.0	45.0	37.0	106.43
84	-7.0	91.0	78.0	-71.0	53.0	3.0	-102.0	-20.0	103.68
85	-128.0	44.0	12.0	-17.0	-14.0	8.0	-78.0	-23.0	82.95
86	-46.0	-16.0	15.0	12.0	6.0	3.0	19.0	-33.0	98.31
