0	63.0	127.0	-27.0	10.0	-11.0	-18.0	14.0	-11.0	91.82
1	-51.0	92.0	-7.0	82.0	5.0	-22.0	-27.0	3.0	94.36
2	127.0	2.0	8.0	-10.0	-25.0	46.0	-9.0	33.0	98.91
3	-73.0	48.0	-40.0	-65.0	2.0	21.0	-48.0	-32.0	109.93
4	93.0	-35.0	31.0	-81.0	28.0	18.0	99.0	-8.0	103.03
5	-8.0	-21.0	-67.0	11.0	-6.0	-29.0	-53.0	3.0	104.17
6	-128.0	-104.0	13.0	76.0	10.0	0.0	11.0	17.0	103.47
7	-41.0	-34.0	-36.0	-18.0	-20.0	28.0	13.0	-2.0	102.05
8	-29.0	41.0	127.0	-1.0	24.0	-22.0	5.0	-33.0	100.75
9	127.0	-104.0	-8.0	7.0	-13.0	-1.0	28.0	11.0	100.75
10	87.0	-43.0	-58.0	42.0	4.0	-26.0	54.0	-18.0	118.18
11	-106.0	-114.0	108.0	45.0	-39.0	5.0	109.0	-4.0	114.23
12	-128.0	73.0	125.0	12.0	17.0	7.0	4.0	-15.0	120.0
13	41.0	-13.0	-4.0	-128.0	-6.0	7.0	72.0	-32.0	123.48
14	73.0	11.0	-42.0	59.0	14.0	-40.0	-14.0	2.0	123.15
15	-40.0	95.0	-91.0	21.0	19.0	35.0	-31.0	79.0	123.44
16	84.0	-122.0	34.0	1.0	8.0	-10.0	65.0	2.0	120.0
17	-26.0	127.0	9.0	-54.0	-6.0	19.0	-13.0	40.0	123.48
18	-30.0	-110.0	-119.0	-11.0	16.0	-5.0	-40.0	-5.0	120.77
19	-128.0	-31.0	-3.0	3.0	26.0	60.0	-18.0	0.0	122.05
20	-71.0	118.0	-45.0	2.0	-7.0	7.0	-23.0	53.0	122.87
21	-1.0	-16.0	24.0	6.0	35.0	-16.0	30.0	7.0	122.87
22	127.0	94.0	28.0	-12.0	-37.0	-12.0	-35.0	-5.0	116.31
23	-7.0	75.0	-46.0	1.0	-7.0	-16.0	58.0	-58.0	104.17
24	-128.0	88.0	37.0	46.0	-35.0	-21.0	62.0	3.0	98.91
25	83.0	-128.0	22.0	-8.0	-23.0	-31.0	14.0	39.0	92.54
26	-57.0	-87.0	76.0	-94.0	34.0	8.0	90.0	-12.0	90.17
27	59.0	-61.0	18.0	-12.0	48.0	7.0	-108.0	26.0	87.51
28	108.0	-29.0	-4.0	33.0	7.0	-9.0	31.0	-14.0	79.98
29	124.0	71.0	54.0	30.0	-9.0	-12.0	-7.0	20.0	87.51
30	51.0	-128.0	53.0	-10.0	13.0	19.0	21.0	-19.0	77.63
31	-52.0	11.0	1.0	0.0	11.0	-3.0	14.0	-9.0	75.62
32	-77.0	52.0	-85.0	-21.0	-5.0	27.0	3.0	-57.0	68.13
33	71.0	-128.0	-13.0	14.0	1.0	-2.0	-4.0	26.0	78.49
34	-31.0	127.0	-87.0	-81.0	0.0	-8.0	-10.0	-21.0	77.63
35	-10.0	3.0	47.0	-9.0	20.0	7.0	6.0	-80.0	65.76
36	126.0	-31.0	-125.0	26.0	18.0	-16.0	-18.0	29.0	64.66
37	-67.0	-46.0	19.0	-46.0	3.0	14.0	20.0	55.0	58.89
38	21.0	-6.0	29.0	-24.0	0.0	-26.0	-52.0	-16.0	58.65
39	-30.0	116.0	13.0	4.0	14.0	74.0	24.0	25.0	53.65
40	-10.0	33.0	-128.0	-36.0	-6.0	-1.0	22.0	20.0	53.65
41	110.0	118.0	-30.0	-34.0	18.0	-25.0	-30.0	18.0	51.56
42	-45.0	-2.0	-22.0	-49.0	1.0	12.0	-1.0	8.0	52.19
43	-46.0	29.0	-31.0	-57.0	-8.0	-11.0	2.0	26.0	51.22
44	116.0	13.0	-3.0	-40.0	-25.0	9.0	22.0	-83.0	51.56
45	53.0	26.0	16.0	-79.0	-9.0	27.0	-7.0	-18.0	50.49
46	114.0	65.0	-48.0	28.0	-2.0	10.0	-33.0	-57.0	50.1
47	111.0	122.0	113.0	3.0	-9.0	-2.0	-22.0	20.0	49.04
48	-122.0	-37.0	-7.0	-42.0	-4.0	43.0	-85.0	-16.0	42.05
49	-104.0	-128.0	-19.0	10.0	-8.0	5.0	15.0	19.0	46.16
50	54.0	-69.0	-63.0	127.0	-8.0	13.0	-17.0	-19.0	37.67
51	45.0	79.0	-29.0	12.0	-4.0	10.0	3.0	-19.0	36.31
52	36.0	-53.0	-4.0	11.0	7.0	18.0	-33.0	-35.0	36.0
53	-2.0	-60.0	-111.0	-48.0	-9.0	15.0	27.0	-9.0	36.0
54	-29.0	-44.0	-7.0	104.0	-16.0	-1.0	-69.0	42.0	35.72
55	60.0	-22.0	37.0	-36.0	-11.0	-18.0	-3.0	-21.0	35.88
56	-94.0	-100.0	-54.0	1.0	-17.0	4.0	47.0	6.0	35.72
57	-49.0	-64.0	-73.0	-128.0	-5.0	-4.0	15.0	-44.0	35.51
58	-91.0	-42.0	-22.0	-6.0	-7.0	14.0	57.0	24.0	35.8
59	74.0	-45.0	113.0	13.0	-9.0	32.0	98.0	41.0	35.8
60	32.0	-62.0	44.0	19.0	-12.0	-9.0	-8.0	23.0	37.11
61	-128.0	-79.0	-66.0	-32.0	29.0	-28.0	22.0	26.0	42.05
62	66.0	-14.0	95.0	107.0	26.0	-20.0	46.0	-38.0	40.59
63	-122.0	-78.0	65.0	-21.0	10.0	35.0	-30.0	-7.0	40.59
64	-96.0	105.0	-112.0	-14.0	-15.0	5.0	-68.0	45.0	44.09
65	-103.0	74.0	70.0	43.0	7.0	-22.0	-12.0	-39.0	50.1
66	104.0	-128.0	-30.0	55.0	30.0	14.0	9.0	-15.0	50.49
67	-128.0	-16.0	104.0	14.0	0.0	13.0	33.0	-56.0	53.58
68	71.0	-17.0	-33.0	-40.0	9.0	10.0	43.0	-14.0	56.55
69	78.0	59.0	-78.0	-55.0	-18.0	-41.0	2.0	-15.0	60.33
70	100.0	44.0	3.0	-33.0	-7.0	-17.0	-3.0	4.0	58.89
71	-65.0	24.0	60.0	-48.0	-21.0	-3.0	38.0	13.0	62.49
72	7.0	-76.0	-34.0	-15.0	6.0	65.0	-54.0	-5.0	82.82
73	24.0	22.0	-24.0	-69.0	-34.0	24.0	14.0	-53.0	85.34
74	-49.0	-54.0	4.0	17.0	16.0	13.0	-16.0	-17.0	82.82
75	1.0	127.0	37.0	-8.0	-10.0	18.0	6.0	12.0	62.72
76	-52.0	47.0	-123.0	-103.0	3.0	-20.0	93.0	31.0	68.13
77	107.0	-118.0	6.0	-27.0	-5.0	-17.0	-90.0	9.0	62.49
78	-128.0	-14.0	-41.0	-30.0	-11.0	25.0	22.0	-2.0	68.45
79	86.0	41.0	5.0	5.0	-9.0	14.0	1.0	10.0	62.72
80	-102.0	69.0	57.0	-45.0	-11.0	11.0	-128.0	-11.0	71.11
81	127.0	77.0	1.0	-86.0	23.0	-2.0	19.0	-63.0	68.45
82	-59.0	101.0	-52.0	83.0	22.0	-15.0	-3.0	-30.0	81.34
83	64.0	-104.0	17.0	77.0	13.0	-12.0	-31.0	12.0	85.26
84	-29.0	40.0	-58.0	-2.0	-40.0	20.0	13.0	-1.0	79.98
85	53.0	-24.0	23.0	-17.0	-7.0	-5.0	-93.0	-29.0	90.17
