0	93.0	-60.0	-4.0	-30.0	7.0	14.0	93.0	-5.0	123.48
1	-52.0	-16.0	-41.0	-21.0	-23.0	-28.0	13.0	11.0	123.48
2	-73.0	-128.0	-4.0	-36.0	-7.0	8.0	4.0	13.0	123.15
3	-103.0	26.0	-58.0	2.0	-39.0	-20.0	-22.0	-5.0	122.87
4	107.0	-42.0	-31.0	-21.0	-15.0	-5.0	-108.0	25.0	120.0
5	-10.0	69.0	37.0	77.0	22.0	-18.0	5.0	-29.0	122.87
6	1.0	-54.0	-112.0	-36.0	10.0	74.0	20.0	55.0	118.18
7	45.0	-87.0	54.0	3.0	-6.0	-12.0	9.0	18.0	100.75
8	-51.0	-69.0	-22.0	-40.0	-18.0	-9.0	47.0	-30.0	98.91
9	83.0	127.0	1.0	11.0	14.0	10.0	27.0	17.0	85.26
10	53.0	101.0	-67.0	1.0	-6.0	13.0	-8.0	-58.0	104.17
11	127.0	-122.0	104.0	5.0	5.0	14.0	-7.0	9.0	81.34
12	-65.0	-64.0	113.0	12.0	-25.0	5.0	15.0	20.0	71.11
13	87.0	-61.0	-111.0	127.0	-6.0	-3.0	-18.0	29.0	68.13
14	-102.0	-79.0	34.0	0.0	-9.0	-22.0	22.0	-7.0	64.66
15	63.0	116.0	127.0	21.0	14.0	-12.0	28.0	-19.0	62.49
16	-26.0	13.0	60.0	-14.0	-40.0	7.0	-31.0	-21.0	58.65
17	86.0	40.0	-45.0	4.0	-11.0	35.0	-3.0	0.0	62.72
18	60.0	-13.0	-78.0	-18.0	30.0	-29.0	-12.0	79.0	62.72
19	-29.0	-104.0	-27.0	-65.0	6.0	-4.0	-93.0	3.0	62.49
20	-77.0	-14.0	125.0	14.0	34.0	11.0	-17.0	-1.0	51.56
21	-128.0	74.0	-128.0	-32.0	-12.0	-2.0	14.0	-11.0	49.04
22	114.0	127.0	-66.0	-128.0	18.0	-9.0	22.0	26.0	51.56
23	51.0	-2.0	9.0	-10.0	24.0	10.0	-23.0	26.0	60.33
24	71.0	94.0	113.0	-17.0	29.0	27.0	-52.0	-39.0	56.55
25	127.0	-29.0	-123.0	10.0	-13.0	24.0	6.0	-19.0	58.89
26	-1.0	59.0	37.0	-42.0	3.0	20.0	3.0	-12.0	50.1
27	-96.0	47.0	6.0	-54.0	-21.0	-1.0	3.0	2.0	44.09
28	-30.0	127.0	44.0	12.0	-10.0	13.0	1.0	-44.0	35.88
29	-40.0	79.0	-34.0	-11.0	10.0	27.0	62.0	-8.0	37.11
30	126.0	-78.0	-13.0	7.0	-5.0	-17.0	13.0	-18.0	35.8
31	127.0	-31.0	-29.0	-27.0	-7.0	-31.0	19.0	12.0	35.72
32	-59.0	77.0	76.0	-10.0	-6.0	-10.0	22.0	-83.0	40.59
33	-31.0	71.0	-4.0	30.0	7.0	19.0	-27.0	23.0	36.31
34	-49.0	52.0	13.0	-8.0	-9.0	-20.0	98.0	24.0	42.05
35	-128.0	-76.0	-125.0	42.0	18.0	-41.0	-7.0	53.0	46.16
36	-122.0	-24.0	28.0	-8.0	-11.0	-18.0	2.0	33.0	42.05
37	41.0	65.0	47.0	-128.0	35.0	65.0	58.0	-35.0	37.67
38	-46.0	-128.0	-87.0	-45.0	26.0	14.0	33.0	-16.0	50.49
39	-94.0	-21.0	-91.0	76.0	11.0	-25.0	65.0	-11.0	53.58
40	-67.0	-44.0	-22.0	-81.0	13.0	-15.0	-14.0	3.0	36.0
41	78.0	-104.0	4.0	-48.0	-9.0	7.0	54.0	4.0	36.0
42	24.0	-53.0	17.0	-40.0	-2.0	35.0	14.0	-19.0	35.8
43	-29.0	-46.0	-46.0	45.0	-9.0	-3.0	38.0	8.0	35.51
44	-29.0	44.0	-33.0	1.0	48.0	5.0	-128.0	-5.0	35.72
45	66.0	-34.0	-7.0	13.0	3.0	-2.0	22.0	39.0	40.59
46	64.0	24.0	-30.0	-12.0	8.0	18.0	-31.0	6.0	51.22
47	-57.0	-100.0	5.0	83.0	-25.0	28.0	-35.0	-80.0	53.65
48	124.0	3.0	-40.0	17.0	26.0	-26.0	109.0	12.0	50.49
49	-128.0	2.0	-73.0	55.0	0.0	15.0	-30.0	-21.0	52.19
50	108.0	-35.0	108.0	-48.0	28.0	-1.0	30.0	-57.0	50.1
51	-41.0	127.0	13.0	-9.0	-7.0	14.0	-9.0	-63.0	53.65
52	71.0	-118.0	-58.0	-33.0	2.0	12.0	-40.0	7.0	58.89
53	-106.0	75.0	-30.0	11.0	19.0	32.0	-4.0	-15.0	65.76
54	100.0	118.0	-85.0	-69.0	0.0	-8.0	-48.0	40.0	68.13
55	53.0	-6.0	-8.0	-79.0	-37.0	21.0	-30.0	10.0	68.45
56	111.0	105.0	-42.0	-6.0	-35.0	-5.0	-69.0	26.0	68.45
57	-128.0	-14.0	-7.0	14.0	-11.0	46.0	14.0	20.0	87.51
58	-128.0	33.0	24.0	59.0	-16.0	-16.0	21.0	45.0	90.17
59	127.0	-128.0	31.0	28.0	1.0	19.0	-85.0	3.0	79.98
60	-45.0	41.0	37.0	6.0	7.0	-21.0	2.0	-2.0	78.49
61	116.0	88.0	-7.0	104.0	-4.0	10.0	15.0	-17.0	75.62
62	-128.0	-43.0	70.0	43.0	-34.0	43.0	-3.0	-14.0	82.82
63	-7.0	41.0	8.0	-24.0	-7.0	-22.0	72.0	-56.0	79.98
64	-8.0	-104.0	65.0	-49.0	-5.0	5.0	-68.0	-4.0	77.63
65	-2.0	92.0	3.0	26.0	-9.0	-22.0	31.0	19.0	77.63
66	7.0	-128.0	18.0	33.0	-20.0	-1.0	43.0	-18.0	87.51
67	104.0	-22.0	-52.0	10.0	-11.0	-2.0	24.0	-57.0	100.75
68	-49.0	29.0	1.0	-12.0	23.0	9.0	-54.0	-9.0	120.77
69	-91.0	-114.0	-19.0	-15.0	17.0	7.0	14.0	-16.0	120.0
70	59.0	73.0	57.0	19.0	16.0	60.0	-53.0	26.0	122.05
71	32.0	22.0	-54.0	-2.0	13.0	-16.0	-33.0	-53.0	109.93
72	36.0	11.0	-119.0	-55.0	1.0	-26.0	-13.0	20.0	103.03
73	-71.0	48.0	22.0	-86.0	4.0	7.0	-1.0	-2.0	116.31
74	74.0	11.0	-48.0	107.0	9.0	-40.0	-33.0	-38.0	104.17
75	-52.0	122.0	29.0	-57.0	-5.0	-17.0	-16.0	-32.0	91.82
76	-128.0	-31.0	-3.0	-81.0	-8.0	13.0	46.0	41.0	90.17
77	73.0	-16.0	23.0	-34.0	-9.0	18.0	-90.0	42.0	92.54
78	21.0	118.0	-3.0	3.0	-17.0	-12.0	57.0	-15.0	103.47
79	-122.0	-45.0	-24.0	1.0	16.0	-16.0	-18.0	-32.0	94.36
80	-30.0	-17.0	95.0	-46.0	-8.0	-11.0	6.0	-15.0	85.34
81	-104.0	-110.0	-63.0	-103.0	-8.0	7.0	99.0	-9.0	82.82
82	-10.0	-128.0	16.0	46.0	-7.0	25.0	11.0	2.0	98.91
83	54.0	-62.0	19.0	82.0	-4.0	0.0	-10.0	31.0	102.05
84	110.0	95.0	-36.0	-1.0	20.0	18.0	90.0	-33.0	114.23
85	84.0	-37.0	53.0	-94.0	0.0	4.0	-3.0	-14.0	123.44
