0	62.0	72.0	76.0	-39.0	-18.0	-22.0	2.0	25.0	124.41
1	-32.0	60.0	59.0	5.0	-23.0	9.0	2.0	-55.0	120.16
2	-1.0	-120.0	-29.0	-1.0	15.0	-1.0	-4.0	-37.0	120.16
3	-58.0	-105.0	-39.0	28.0	15.0	-17.0	0.0	-15.0	124.34
4	93.0	-46.0	8.0	8.0	42.0	1.0	7.0	88.0	119.53
5	115.0	-55.0	-84.0	0.0	20.0	8.0	-8.0	21.0	120.3
6	-4.0	127.0	11.0	11.0	20.0	34.0	17.0	-27.0	117.22
7	10.0	-54.0	-27.0	20.0	6.0	-7.0	6.0	-1.0	114.01
8	-93.0	-112.0	-2.0	-9.0	-3.0	27.0	-9.0	-11.0	99.83
9	63.0	127.0	-17.0	14.0	2.0	-3.0	-6.0	75.0	112.81
10	-68.0	-9.0	38.0	5.0	15.0	-9.0	7.0	3.0	109.66
11	28.0	112.0	66.0	-14.0	7.0	-1.0	-10.0	-2.0	107.11
12	127.0	21.0	-5.0	-17.0	0.0	5.0	2.0	37.0	83.01
13	-40.0	-103.0	-27.0	-36.0	-6.0	13.0	5.0	15.0	84.25
14	12.0	46.0	108.0	-18.0	7.0	-21.0	-1.0	-12.0	88.75
15	-87.0	72.0	-2.0	-5.0	-28.0	13.0	0.0	13.0	97.61
16	-74.0	91.0	-29.0	-15.0	3.0	-11.0	6.0	15.0	109.66
17	49.0	-98.0	13.0	-30.0	4.0	-4.0	23.0	49.0	88.75
18	109.0	-46.0	10.0	-22.0	10.0	16.0	-16.0	-6.0	87.61
19	-56.0	103.0	-18.0	25.0	-1.0	10.0	-28.0	-41.0	79.13
20	-20.0	1.0	-42.0	37.0	3.0	27.0	-17.0	22.0	76.37
21	-14.0	-11.0	-40.0	-10.0	30.0	3.0	-11.0	-5.0	70.63
22	86.0	74.0	87.0	-24.0	1.0	5.0	14.0	18.0	65.17
23	-37.0	36.0	92.0	0.0	-2.0	-17.0	-5.0	-45.0	64.82
24	-16.0	-128.0	5.0	30.0	-9.0	22.0	16.0	-3.0	64.82
25	-69.0	127.0	73.0	-20.0	16.0	-28.0	1.0	-5.0	57.0
26	95.0	58.0	-46.0	-36.0	-10.0	14.0	8.0	20.0	62.62
27	48.0	41.0	-83.0	54.0	-8.0	10.0	-4.0	37.0	68.13
28	99.0	-58.0	-11.0	-57.0	11.0	-3.0	-16.0	7.0	72.82
29	-13.0	-29.0	6.0	8.0	3.0	-24.0	12.0	17.0	65.94
30	-128.0	-44.0	46.0	-65.0	-12.0	-14.0	2.0	-3.0	61.11
31	49.0	-6.0	1.0	21.0	-1.0	5.0	26.0	-23.0	57.0
32	15.0	107.0	36.0	36.0	12.0	-7.0	-9.0	0.0	58.18
33	88.0	6.0	-24.0	-43.0	9.0	8.0	-4.0	7.0	55.25
34	-1.0	86.0	18.0	-1.0	22.0	10.0	-15.0	3.0	47.87
35	-85.0	-128.0	-16.0	-33.0	-22.0	-7.0	24.0	-51.0	37.72
36	-107.0	-102.0	-1.0	-47.0	-3.0	-2.0	-4.0	-23.0	38.54
37	38.0	63.0	37.0	5.0	-1.0	-12.0	-15.0	47.0	42.42
38	67.0	-94.0	-37.0	24.0	4.0	9.0	12.0	72.0	47.82
39	26.0	-21.0	38.0	-64.0	13.0	9.0	37.0	1.0	42.79
40	106.0	-27.0	-46.0	104.0	-8.0	-1.0	1.0	-20.0	39.98
41	-20.0	58.0	-1.0	4.0	21.0	2.0	2.0	-9.0	39.13
42	-9.0	55.0	-50.0	127.0	5.0	0.0	-1.0	32.0	37.72
43	-17.0	27.0	32.0	10.0	10.0	-5.0	-27.0	15.0	42.42
44	96.0	-68.0	-6.0	-15.0	-3.0	-1.0	-11.0	-22.0	46.12
45	18.0	-39.0	45.0	35.0	-13.0	-1.0	-10.0	2.0	54.33
46	118.0	18.0	9.0	-17.0	-3.0	-12.0	19.0	21.0	54.06
47	-128.0	25.0	-39.0	9.0	-11.0	-16.0	24.0	23.0	51.73
48	88.0	80.0	41.0	14.0	-2.0	-3.0	-12.0	-33.0	49.31
49	43.0	-72.0	-42.0	-36.0	-5.0	-4.0	-18.0	9.0	47.87
50	-5.0	1.0	10.0	-15.0	-5.0	22.0	16.0	41.0	55.25
51	-5.0	-35.0	-38.0	-55.0	18.0	4.0	4.0	-42.0	56.31
52	-85.0	22.0	125.0	1.0	-15.0	-7.0	8.0	3.0	62.62
53	48.0	32.0	-77.0	-4.0	1.0	17.0	0.0	24.0	65.94
54	111.0	37.0	-2.0	41.0	-10.0	22.0	5.0	-33.0	68.85
55	74.0	-34.0	-11.0	31.0	5.0	7.0	7.0	23.0	70.63
56	28.0	32.0	102.0	-70.0	16.0	-2.0	1.0	-31.0	79.13
57	-128.0	-92.0	-128.0	16.0	7.0	2.0	4.0	-23.0	80.78
58	-45.0	-51.0	-68.0	-72.0	10.0	-3.0	-1.0	34.0	80.78
59	66.0	-92.0	-94.0	9.0	0.0	16.0	-7.0	2.0	72.78
60	23.0	12.0	11.0	-28.0	-25.0	2.0	-2.0	11.0	76.98
61	-128.0	-9.0	-5.0	22.0	19.0	4.0	-11.0	-18.0	87.61
62	69.0	-14.0	10.0	2.0	-13.0	19.0	-8.0	-48.0	112.81
63	-16.0	123.0	120.0	31.0	-2.0	1.0	-8.0	38.0	99.83
64	45.0	11.0	-29.0	-30.0	-23.0	9.0	-10.0	30.0	94.18
65	49.0	-29.0	61.0	17.0	30.0	0.0	2.0	-30.0	110.83
66	57.0	93.0	-69.0	-16.0	28.0	-6.0	-20.0	-2.0	115.88
67	-8.0	6.0	-19.0	-22.0	-1.0	-3.0	-6.0	42.0	114.53
68	-113.0	-34.0	-32.0	0.0	-8.0	18.0	17.0	-23.0	114.01
69	-95.0	26.0	37.0	-13.0	18.0	5.0	-3.0	7.0	103.92
70	3.0	33.0	-49.0	38.0	3.0	-12.0	-10.0	20.0	92.59
71	-31.0	-47.0	42.0	17.0	-15.0	29.0	-3.0	6.0	112.68
72	-26.0	-27.0	16.0	43.0	3.0	5.0	-26.0	-5.0	118.55
73	-21.0	30.0	27.0	0.0	-10.0	26.0	37.0	-65.0	117.35
74	25.0	41.0	-8.0	83.0	32.0	-12.0	-23.0	16.0	119.39
75	-38.0	-76.0	-114.0	-66.0	-11.0	1.0	21.0	-37.0	117.22
76	4.0	6.0	-13.0	37.0	-20.0	12.0	-16.0	7.0	119.53
77	5.0	-84.0	-5.0	-31.0	28.0	-6.0	-7.0	-6.0	121.0
78	-128.0	58.0	27.0	19.0	1.0	3.0	5.0	27.0	121.98
79	68.0	111.0	-50.0	17.0	7.0	4.0	-16.0	-45.0	121.0
80	-120.0	6.0	-24.0	8.0	-10.0	13.0	40.0	81.0	120.32
81	48.0	-85.0	-65.0	7.0	15.0	-2.0	-8.0	10.0	124.41
