0	127.0	6.0	-63.0	2.0	-43.0	8.0	-109.0	7.0	48.81
1	-101.0	-14.0	22.0	6.0	-14.0	-41.0	36.0	34.0	48.87
2	96.0	7.0	-8.0	9.0	-8.0	-17.0	-38.0	48.0	53.44
3	114.0	-128.0	1.0	-10.0	-6.0	78.0	1.0	64.0	48.81
4	-17.0	29.0	-10.0	53.0	-9.0	31.0	65.0	-13.0	49.88
5	-104.0	94.0	-102.0	69.0	-27.0	21.0	76.0	110.0	48.44
6	-125.0	113.0	16.0	-25.0	-8.0	7.0	-19.0	95.0	52.82
7	37.0	-82.0	20.0	-42.0	24.0	20.0	-97.0	-22.0	53.87
8	30.0	127.0	-21.0	-28.0	27.0	-12.0	-101.0	-25.0	55.79
9	-1.0	32.0	90.0	32.0	-12.0	16.0	-21.0	-6.0	52.82
10	-115.0	-29.0	-12.0	-39.0	10.0	-17.0	36.0	111.0	51.38
11	-90.0	111.0	-128.0	-8.0	-43.0	-12.0	-78.0	60.0	60.39
12	15.0	-89.0	83.0	-6.0	31.0	-5.0	40.0	-100.0	64.76
13	-78.0	-48.0	-128.0	-107.0	11.0	6.0	-21.0	2.0	96.26
14	64.0	59.0	122.0	14.0	13.0	9.0	122.0	-38.0	98.85
15	72.0	64.0	-21.0	107.0	-4.0	-17.0	51.0	-37.0	104.77
16	-81.0	8.0	60.0	-18.0	5.0	28.0	45.0	33.0	99.0
17	-107.0	46.0	47.0	13.0	9.0	-18.0	-51.0	13.0	98.14
18	127.0	100.0	-10.0	-8.0	-43.0	33.0	-70.0	13.0	89.86
19	-76.0	123.0	-24.0	8.0	32.0	89.0	-105.0	-29.0	93.97
20	-42.0	111.0	-50.0	-1.0	-14.0	85.0	113.0	75.0	95.91
21	-52.0	53.0	-61.0	-76.0	-24.0	2.0	-92.0	76.0	107.64
22	-48.0	2.0	62.0	-23.0	-17.0	-43.0	-23.0	32.0	89.92
23	-98.0	-76.0	89.0	-5.0	6.0	-25.0	-73.0	-128.0	108.99
24	2.0	-41.0	-57.0	-15.0	7.0	-78.0	127.0	7.0	97.16
25	-9.0	75.0	-9.0	30.0	27.0	-67.0	-40.0	-51.0	98.42
26	82.0	114.0	-19.0	36.0	9.0	-65.0	24.0	-4.0	98.14
27	-40.0	-41.0	-3.0	-73.0	12.0	20.0	11.0	-116.0	101.15
28	-113.0	-102.0	121.0	48.0	-22.0	-36.0	25.0	64.0	108.99
29	76.0	19.0	-118.0	-37.0	1.0	8.0	-87.0	-11.0	112.52
30	-19.0	53.0	-19.0	15.0	-3.0	5.0	-3.0	-53.0	115.82
31	50.0	-56.0	34.0	23.0	-12.0	38.0	28.0	-9.0	115.66
32	-2.0	-57.0	37.0	-69.0	10.0	-31.0	75.0	29.0	117.86
33	61.0	26.0	-6.0	-15.0	-16.0	-19.0	-81.0	-9.0	116.73
34	15.0	-128.0	-34.0	-87.0	-26.0	-47.0	-128.0	-9.0	114.0
35	-128.0	119.0	-65.0	-19.0	24.0	-112.0	-15.0	12.0	110.9
36	40.0	79.0	53.0	26.0	-46.0	-2.0	-39.0	68.0	119.94
37	-16.0	-51.0	24.0	9.0	-32.0	4.0	56.0	-42.0	122.77
38	62.0	100.0	-65.0	-32.0	-8.0	6.0	-12.0	42.0	129.12
39	39.0	16.0	-19.0	29.0	9.0	4.0	102.0	26.0	125.7
40	105.0	-49.0	-56.0	6.0	-16.0	-22.0	-21.0	40.0	126.3
41	127.0	-83.0	-17.0	14.0	21.0	1.0	-62.0	41.0	125.63
42	127.0	7.0	-20.0	-10.0	29.0	-33.0	-37.0	30.0	130.21
43	8.0	-14.0	31.0	-16.0	-3.0	21.0	105.0	-41.0	133.45
44	-93.0	-71.0	-62.0	-16.0	-6.0	6.0	104.0	92.0	132.06
45	113.0	68.0	-57.0	3.0	-43.0	-7.0	-27.0	48.0	131.49
46	46.0	53.0	73.0	-15.0	-37.0	-46.0	78.0	14.0	132.15
47	22.0	29.0	7.0	0.0	-13.0	8.0	-128.0	8.0	133.45
48	93.0	-11.0	15.0	21.0	22.0	40.0	-10.0	-98.0	129.12
49	110.0	3.0	-17.0	-13.0	10.0	-4.0	127.0	-65.0	132.58
50	-92.0	-27.0	39.0	86.0	-8.0	3.0	-58.0	20.0	131.49
51	57.0	-75.0	4.0	-37.0	19.0	-41.0	-46.0	6.0	125.63
52	75.0	-28.0	-24.0	-5.0	26.0	22.0	-31.0	-110.0	125.7
53	-25.0	-59.0	-4.0	-48.0	11.0	30.0	45.0	23.0	122.55
54	112.0	43.0	30.0	5.0	0.0	21.0	103.0	28.0	128.93
55	16.0	-24.0	-34.0	7.0	-35.0	1.0	-70.0	27.0	119.85
56	127.0	-1.0	-9.0	-60.0	-9.0	-25.0	-95.0	28.0	115.66
57	62.0	16.0	4.0	-47.0	-5.0	59.0	-124.0	-15.0	116.73
58	-128.0	105.0	-30.0	24.0	-21.0	-6.0	-99.0	0.0	112.52
59	-106.0	64.0	11.0	-14.0	-11.0	27.0	-66.0	-23.0	104.77
60	-116.0	47.0	8.0	12.0	15.0	-12.0	20.0	-11.0	90.65
61	-109.0	-28.0	-61.0	6.0	-17.0	17.0	82.0	-15.0	95.51
62	63.0	-128.0	11.0	-41.0	7.0	-60.0	127.0	14.0	96.26
63	16.0	-101.0	89.0	28.0	-3.0	12.0	122.0	-46.0	105.92
64	22.0	81.0	14.0	-12.0	29.0	-12.0	115.0	48.0	99.0
65	-128.0	-45.0	-44.0	-20.0	-14.0	12.0	-63.0	23.0	91.56
66	113.0	-34.0	-20.0	14.0	10.0	13.0	3.0	8.0	93.97
67	51.0	80.0	87.0	31.0	2.0	12.0	-24.0	-2.0	90.65
68	-106.0	-66.0	6.0	-5.0	-15.0	-67.0	-48.0	-38.0	89.22
69	-123.0	63.0	-62.0	35.0	-4.0	-22.0	-24.0	51.0	89.1
70	86.0	-120.0	-62.0	-115.0	-16.0	7.0	-55.0	10.0	61.41
71	127.0	-82.0	31.0	-9.0	-16.0	-15.0	-12.0	0.0	64.37
72	-94.0	-13.0	-42.0	42.0	7.0	-13.0	77.0	-11.0	64.98
73	-46.0	-71.0	93.0	-16.0	-13.0	7.0	-14.0	-44.0	62.99
74	79.0	-8.0	42.0	36.0	25.0	-17.0	49.0	25.0	63.85
75	92.0	-70.0	-29.0	1.0	-8.0	-12.0	41.0	-20.0	89.69
76	73.0	-125.0	-15.0	-95.0	42.0	17.0	-3.0	-23.0	64.98
77	47.0	9.0	-20.0	17.0	-7.0	58.0	33.0	25.0	94.82
78	42.0	103.0	92.0	-18.0	2.0	-8.0	-128.0	48.0	89.1
79	-128.0	69.0	-23.0	-5.0	-31.0	13.0	-18.0	1.0	89.92
80	84.0	-49.0	5.0	-47.0	-32.0	26.0	-16.0	-28.0	61.41
81	90.0	-42.0	-119.0	-27.0	-24.0	6.0	-17.0	29.0	51.38
82	-51.0	-34.0	-5.0	-2.0	9.0	-44.0	-79.0	54.0	55.79
