0	20.0	76.0	127.0	63.0	-15.0	38.0	109.0	-62.0	37.01
1	-26.0	55.0	-6.0	-83.0	-14.0	39.0	58.0	23.0	27.84
2	-110.0	8.0	16.0	-8.0	39.0	-39.0	-98.0	69.0	32.58
3	-38.0	74.0	-88.0	-114.0	20.0	36.0	-57.0	104.0	37.01
4	106.0	-34.0	34.0	37.0	49.0	-33.0	-104.0	15.0	36.78
5	-100.0	-77.0	4.0	-5.0	10.0	6.0	-29.0	-17.0	34.07
6	25.0	127.0	-68.0	-73.0	64.0	-2.0	-128.0	-33.0	42.01
7	98.0	-114.0	-28.0	18.0	-6.0	4.0	-18.0	21.0	56.87
8	-114.0	-122.0	16.0	93.0	-43.0	-128.0	15.0	44.0	56.87
9	86.0	58.0	-52.0	-16.0	-8.0	-11.0	101.0	27.0	46.93
10	-123.0	-107.0	64.0	9.0	13.0	-19.0	56.0	75.0	48.15
11	-4.0	-43.0	-41.0	26.0	9.0	-50.0	-38.0	10.0	31.42
12	-89.0	60.0	76.0	15.0	34.0	2.0	-69.0	-69.0	61.35
13	82.0	127.0	105.0	2.0	-8.0	-31.0	-112.0	61.0	57.74
14	12.0	15.0	-45.0	113.0	48.0	-11.0	89.0	23.0	60.63
15	80.0	127.0	-111.0	-25.0	-62.0	44.0	-1.0	-24.0	46.93
16	-62.0	-75.0	17.0	5.0	-36.0	-95.0	27.0	-28.0	41.77
17	57.0	64.0	-128.0	24.0	-70.0	37.0	-113.0	-6.0	61.35
18	-60.0	-55.0	-52.0	-14.0	-2.0	24.0	58.0	-9.0	63.75
19	-113.0	-8.0	-46.0	-45.0	4.0	-19.0	67.0	46.0	67.39
20	54.0	115.0	2.0	15.0	2.0	34.0	-126.0	-21.0	72.93
21	-109.0	33.0	43.0	-19.0	46.0	47.0	-96.0	-9.0	72.93
22	65.0	26.0	-72.0	36.0	-9.0	36.0	-100.0	4.0	71.9
23	-128.0	82.0	-45.0	90.0	-2.0	-5.0	16.0	-33.0	75.9
24	-52.0	33.0	-35.0	79.0	-4.0	17.0	127.0	-38.0	74.37
25	28.0	89.0	-28.0	76.0	5.0	36.0	-12.0	-75.0	62.02
26	14.0	4.0	-13.0	-16.0	31.0	-35.0	-106.0	-5.0	74.37
27	-42.0	-111.0	-10.0	-26.0	0.0	23.0	-80.0	-31.0	81.17
28	15.0	88.0	-77.0	9.0	-46.0	17.0	114.0	-4.0	100.85
29	127.0	32.0	-41.0	51.0	26.0	37.0	-31.0	-17.0	102.77
30	79.0	59.0	77.0	-14.0	6.0	-79.0	-29.0	-39.0	103.15
31	57.0	-109.0	-5.0	119.0	3.0	70.0	63.0	11.0	108.24
32	76.0	80.0	-42.0	4.0	29.0	-2.0	-6.0	15.0	111.19
33	13.0	76.0	-15.0	29.0	20.0	9.0	-78.0	22.0	114.08
34	-53.0	30.0	26.0	-95.0	10.0	2.0	-74.0	75.0	127.23
35	12.0	112.0	-9.0	-5.0	-43.0	1.0	-13.0	3.0	130.0
36	-25.0	-23.0	86.0	-119.0	24.0	-54.0	-87.0	127.0	130.36
37	60.0	73.0	15.0	-18.0	-10.0	5.0	-22.0	-23.0	130.0
38	18.0	-65.0	16.0	-63.0	-35.0	49.0	-128.0	63.0	117.69
39	-45.0	95.0	87.0	2.0	-24.0	-38.0	23.0	-86.0	129.84
40	82.0	127.0	114.0	26.0	-30.0	21.0	115.0	-33.0	114.28
41	-128.0	-103.0	5.0	-16.0	-13.0	8.0	13.0	3.0	129.84
42	100.0	62.0	18.0	13.0	-28.0	47.0	123.0	88.0	129.36
43	110.0	76.0	-7.0	22.0	51.0	-84.0	-32.0	-20.0	123.03
44	-124.0	-114.0	-9.0	4.0	64.0	-34.0	127.0	-35.0	128.69
45	94.0	30.0	28.0	13.0	-60.0	39.0	-30.0	79.0	123.45
46	-46.0	-106.0	62.0	-23.0	-4.0	32.0	1.0	14.0	123.03
47	56.0	18.0	103.0	-25.0	43.0	39.0	37.0	45.0	110.26
48	-38.0	34.0	28.0	0.0	-78.0	-32.0	-54.0	-31.0	111.81
49	12.0	-17.0	-101.0	-92.0	-2.0	-67.0	94.0	-23.0	114.08
50	118.0	6.0	-8.0	-66.0	-46.0	-3.0	-23.0	8.0	111.19
51	62.0	-5.0	2.0	44.0	-36.0	126.0	44.0	-128.0	110.4
52	63.0	-2.0	20.0	-66.0	-16.0	-27.0	16.0	1.0	105.66
53	20.0	-22.0	35.0	-61.0	52.0	-34.0	-123.0	-28.0	94.44
54	-100.0	127.0	-16.0	15.0	3.0	14.0	-108.0	-62.0	106.34
55	-82.0	-42.0	29.0	-18.0	-19.0	23.0	101.0	92.0	105.66
56	-107.0	97.0	100.0	9.0	-24.0	-37.0	-109.0	-7.0	103.15
57	-120.0	-1.0	70.0	106.0	0.0	22.0	-7.0	21.0	95.83
58	-31.0	-45.0	29.0	-30.0	-20.0	-119.0	-20.0	-102.0	93.38
59	30.0	-30.0	28.0	24.0	26.0	24.0	30.0	24.0	99.39
60	-32.0	-51.0	-82.0	-15.0	-62.0	15.0	107.0	67.0	84.2
61	-34.0	-1.0	7.0	43.0	2.0	-1.0	3.0	-12.0	92.9
62	127.0	-38.0	-33.0	-102.0	-35.0	-35.0	61.0	-45.0	95.83
63	14.0	-90.0	62.0	-77.0	57.0	8.0	0.0	52.0	76.62
64	110.0	-39.0	-38.0	76.0	22.0	-72.0	-68.0	17.0	78.94
65	115.0	-1.0	-20.0	75.0	-71.0	-9.0	-49.0	-7.0	81.17
66	-60.0	-35.0	18.0	-29.0	20.0	5.0	6.0	-60.0	84.2
67	97.0	-87.0	59.0	-2.0	-69.0	-39.0	114.0	9.0	82.27
68	15.0	-113.0	78.0	61.0	-34.0	-23.0	83.0	-58.0	94.44
69	-128.0	89.0	-44.0	-22.0	11.0	47.0	29.0	-93.0	101.37
70	115.0	38.0	-35.0	78.0	61.0	19.0	-82.0	-58.0	96.98
71	-17.0	-6.0	30.0	9.0	81.0	44.0	-90.0	23.0	86.83
72	-75.0	28.0	-86.0	-18.0	43.0	8.0	-128.0	3.0	80.62
73	127.0	-7.0	101.0	10.0	37.0	-80.0	-77.0	-19.0	75.9
74	41.0	55.0	-82.0	-50.0	-12.0	-11.0	19.0	-8.0	65.67
75	-2.0	49.0	-10.0	-10.0	29.0	-34.0	104.0	-72.0	62.02
76	102.0	25.0	-29.0	-58.0	-98.0	-24.0	-115.0	50.0	32.58
77	17.0	-72.0	-32.0	-40.0	67.0	31.0	-63.0	-14.0	46.42
78	105.0	-42.0	-20.0	102.0	9.0	7.0	58.0	-21.0	31.08
79	-84.0	14.0	34.0	-100.0	-29.0	-30.0	-96.0	35.0	42.01
80	-13.0	-81.0	40.0	-16.0	25.0	18.0	-111.0	40.0	27.84
81	127.0	-128.0	94.0	18.0	8.0	0.0	112.0	-19.0	36.78
82	-18.0	-17.0	-72.0	-15.0	-28.0	32.0	-43.0	71.0	25.83
83	-82.0	30.0	28.0	16.0	-26.0	-113.0	-24.0	-40.0	39.65
