0	107.0	-21.0	19.0	11.0	-7.0	14.0	-7.0	7.0	99.33
1	76.0	17.0	-18.0	-10.0	-3.0	30.0	91.0	-47.0	99.33
2	63.0	-114.0	-8.0	45.0	-4.0	-57.0	-53.0	-1.0	98.87
3	127.0	-120.0	84.0	16.0	3.0	10.0	40.0	10.0	93.18
4	30.0	2.0	44.0	31.0	-6.0	-13.0	-10.0	-15.0	93.18
5	-30.0	-128.0	-15.0	-6.0	23.0	29.0	-1.0	-19.0	71.81
6	26.0	102.0	0.0	-42.0	11.0	-8.0	-4.0	27.0	82.01
7	52.0	127.0	-27.0	-6.0	-13.0	-1.0	-73.0	27.0	97.27
8	30.0	21.0	81.0	-31.0	-6.0	-6.0	-77.0	-13.0	94.04
9	-54.0	45.0	-33.0	-6.0	-11.0	22.0	-76.0	-105.0	94.04
10	48.0	64.0	-15.0	-6.0	12.0	13.0	-82.0	-36.0	71.81
11	107.0	92.0	-46.0	50.0	9.0	-46.0	87.0	38.0	92.83
12	3.0	-78.0	13.0	-29.0	39.0	29.0	114.0	-25.0	69.95
13	107.0	19.0	34.0	8.0	-24.0	25.0	15.0	73.0	69.31
14	-74.0	-41.0	-128.0	41.0	38.0	-53.0	-19.0	5.0	68.28
15	127.0	-44.0	-88.0	-29.0	-15.0	1.0	-128.0	2.0	64.49
16	98.0	-47.0	-128.0	-10.0	2.0	-5.0	15.0	-12.0	50.15
17	-91.0	127.0	110.0	-5.0	-11.0	19.0	-14.0	16.0	42.41
18	-71.0	127.0	-14.0	-5.0	0.0	25.0	12.0	7.0	41.77
19	102.0	-89.0	-103.0	-69.0	-11.0	-39.0	2.0	29.0	41.77
20	-96.0	20.0	49.0	-30.0	43.0	48.0	21.0	-1.0	43.38
21	-90.0	87.0	-54.0	31.0	-15.0	7.0	103.0	23.0	41.76
22	-20.0	42.0	-71.0	-10.0	-23.0	20.0	-3.0	-19.0	44.86
23	-78.0	68.0	6.0	-76.0	8.0	52.0	-11.0	80.0	44.86
24	-98.0	27.0	-25.0	-29.0	3.0	-128.0	-45.0	-80.0	50.15
25	90.0	-128.0	32.0	-57.0	29.0	0.0	100.0	8.0	65.27
26	-87.0	-36.0	-59.0	14.0	-10.0	-5.0	69.0	-9.0	65.27
27	23.0	56.0	-12.0	-14.0	14.0	-3.0	32.0	-18.0	65.42
28	-5.0	-28.0	3.0	-128.0	8.0	57.0	33.0	-4.0	68.28
29	6.0	-91.0	0.0	-22.0	21.0	-6.0	69.0	-7.0	93.0
30	-28.0	115.0	40.0	-14.0	26.0	80.0	-65.0	-7.0	98.76
31	-76.0	8.0	116.0	91.0	38.0	-47.0	-71.0	-52.0	99.52
32	124.0	-2.0	-5.0	-57.0	-10.0	11.0	-83.0	50.0	101.4
33	9.0	-128.0	-95.0	-18.0	25.0	15.0	-80.0	33.0	100.48
34	-73.0	115.0	-20.0	-28.0	-22.0	15.0	28.0	-4.0	99.58
35	15.0	8.0	12.0	-84.0	7.0	-68.0	-31.0	-16.0	105.35
36	123.0	-46.0	6.0	-2.0	-5.0	-13.0	40.0	27.0	109.21
37	-47.0	39.0	-25.0	-6.0	24.0	43.0	75.0	14.0	111.2
38	-29.0	-115.0	-8.0	-44.0	-12.0	-55.0	-88.0	-42.0	120.42
39	-30.0	-87.0	30.0	-106.0	3.0	40.0	-66.0	-25.0	122.68
40	-128.0	-43.0	3.0	31.0	-6.0	-5.0	127.0	78.0	117.26
41	96.0	127.0	15.0	34.0	-24.0	32.0	-48.0	-7.0	125.49
42	-96.0	127.0	26.0	13.0	-101.0	3.0	-2.0	8.0	118.65
43	48.0	0.0	-36.0	-20.0	-8.0	-57.0	-43.0	-6.0	115.0
44	35.0	-42.0	95.0	23.0	13.0	-6.0	-118.0	127.0	113.64
45	105.0	97.0	127.0	76.0	-9.0	32.0	101.0	9.0	109.21
46	-110.0	5.0	0.0	-13.0	-49.0	-1.0	-118.0	11.0	116.67
47	-58.0	10.0	-99.0	-38.0	3.0	66.0	-8.0	-2.0	126.98
48	81.0	55.0	47.0	33.0	18.0	17.0	66.0	64.0	117.26
49	100.0	127.0	10.0	-33.0	7.0	-78.0	-89.0	7.0	126.12
50	127.0	-100.0	-26.0	0.0	8.0	8.0	127.0	-87.0	137.76
51	-59.0	31.0	-80.0	-20.0	-29.0	16.0	-78.0	18.0	133.54
52	85.0	-31.0	-88.0	-31.0	-16.0	43.0	26.0	101.0	141.82
53	98.0	62.0	84.0	10.0	8.0	-30.0	46.0	-37.0	146.41
54	-15.0	-91.0	-52.0	20.0	24.0	17.0	86.0	6.0	131.58
55	-110.0	-33.0	-83.0	24.0	-16.0	31.0	-88.0	-9.0	137.57
56	84.0	108.0	44.0	-74.0	-12.0	-41.0	5.0	-64.0	145.82
57	-13.0	91.0	25.0	4.0	33.0	3.0	58.0	-16.0	146.21
58	116.0	34.0	-128.0	7.0	-4.0	26.0	-61.0	0.0	132.68
59	-12.0	-8.0	-7.0	93.0	-4.0	-19.0	-20.0	127.0	135.6
60	-104.0	80.0	48.0	-128.0	44.0	57.0	77.0	7.0	133.54
61	117.0	6.0	-18.0	-64.0	-27.0	8.0	49.0	40.0	140.99
62	41.0	-76.0	-10.0	-1.0	14.0	127.0	-57.0	-21.0	143.88
63	40.0	-94.0	48.0	-6.0	-8.0	-5.0	66.0	7.0	139.62
64	-73.0	80.0	-111.0	-10.0	-18.0	-8.0	3.0	32.0	132.68
65	29.0	3.0	-8.0	-4.0	6.0	-1.0	-118.0	-80.0	127.34
66	-45.0	50.0	14.0	-22.0	31.0	-20.0	-82.0	-15.0	129.58
67	8.0	-128.0	-112.0	-15.0	5.0	-12.0	4.0	25.0	137.76
68	9.0	59.0	92.0	-23.0	5.0	-9.0	85.0	-45.0	145.33
69	127.0	-37.0	-2.0	2.0	-16.0	5.0	-78.0	-10.0	146.41
70	21.0	4.0	-3.0	24.0	-16.0	46.0	-43.0	-59.0	146.31
71	-92.0	105.0	-24.0	20.0	-5.0	-26.0	-40.0	85.0	145.82
72	126.0	-27.0	-5.0	-95.0	7.0	-1.0	13.0	29.0	143.88
73	85.0	84.0	-68.0	8.0	5.0	12.0	48.0	-35.0	143.92
74	102.0	-36.0	37.0	-14.0	-9.0	-44.0	-42.0	-12.0	140.99
75	-98.0	-86.0	-3.0	-33.0	0.0	0.0	-21.0	-9.0	128.52
76	127.0	126.0	-56.0	82.0	8.0	-47.0	-120.0	-52.0	118.65
77	-15.0	-89.0	33.0	-7.0	48.0	31.0	81.0	18.0	123.87
78	-9.0	-56.0	6.0	-21.0	-6.0	-7.0	58.0	23.0	123.87
79	25.0	43.0	-52.0	1.0	-15.0	5.0	-2.0	4.0	113.64
80	127.0	60.0	12.0	26.0	-6.0	26.0	51.0	-36.0	108.23
81	10.0	-99.0	65.0	2.0	-11.0	-10.0	-21.0	74.0	100.48
82	-128.0	-7.0	-11.0	-5.0	4.0	7.0	-125.0	-72.0	99.58
83	-51.0	127.0	18.0	11.0	-43.0	-13.0	17.0	-15.0	103.59
