0	-86.0	-128.0	-38.0	82.0	22.0	-22.0	-14.0	6.0	99.04
1	35.0	84.0	23.0	-4.0	27.0	18.0	108.0	-11.0	98.02
2	-7.0	-107.0	-53.0	-109.0	-9.0	10.0	-30.0	-44.0	96.42
3	96.0	-17.0	26.0	-22.0	2.0	12.0	-22.0	-21.0	94.89
4	-84.0	-121.0	74.0	58.0	7.0	-30.0	-37.0	-14.0	90.92
5	127.0	-80.0	31.0	39.0	-16.0	12.0	-3.0	38.0	89.47
6	113.0	54.0	75.0	-16.0	29.0	16.0	47.0	16.0	89.47
7	10.0	-52.0	79.0	14.0	34.0	22.0	-12.0	-2.0	89.48
8	11.0	-66.0	-95.0	57.0	-5.0	-9.0	-37.0	28.0	82.82
9	121.0	-42.0	110.0	55.0	-2.0	-18.0	-13.0	-28.0	79.6
10	-64.0	98.0	-53.0	41.0	-1.0	-12.0	12.0	5.0	77.39
11	-96.0	3.0	-38.0	42.0	27.0	60.0	3.0	-14.0	77.73
12	127.0	-87.0	114.0	-62.0	9.0	7.0	-24.0	22.0	73.23
13	-56.0	73.0	-32.0	-61.0	-18.0	8.0	-16.0	-2.0	71.16
14	-102.0	-55.0	15.0	127.0	19.0	-7.0	20.0	27.0	69.49
15	-72.0	48.0	-59.0	-42.0	-15.0	-6.0	-15.0	-9.0	67.14
16	-21.0	7.0	-43.0	-16.0	7.0	20.0	103.0	-2.0	61.45
17	2.0	-88.0	-56.0	-37.0	-17.0	4.0	-13.0	2.0	55.23
18	-51.0	104.0	25.0	76.0	-3.0	-3.0	22.0	49.0	47.28
19	37.0	23.0	22.0	95.0	-67.0	31.0	-24.0	5.0	52.44
20	-17.0	5.0	-44.0	29.0	40.0	25.0	-71.0	-16.0	48.91
21	-56.0	-83.0	-128.0	29.0	20.0	-10.0	22.0	22.0	52.51
22	-121.0	99.0	69.0	-15.0	-16.0	7.0	-16.0	32.0	47.28
23	41.0	55.0	31.0	33.0	-1.0	-2.0	-21.0	42.0	46.47
24	-20.0	-24.0	-58.0	-2.0	1.0	-9.0	-32.0	-15.0	46.47
25	72.0	37.0	112.0	-58.0	17.0	17.0	-11.0	8.0	46.42
26	-67.0	62.0	-86.0	-74.0	-6.0	-12.0	-2.0	-25.0	50.45
27	72.0	-7.0	29.0	34.0	57.0	44.0	6.0	29.0	48.91
28	127.0	-114.0	-44.0	-54.0	-6.0	22.0	-10.0	-2.0	47.24
29	3.0	51.0	20.0	-60.0	-19.0	-3.0	6.0	-14.0	52.44
30	48.0	-5.0	-47.0	-3.0	40.0	-73.0	-22.0	-23.0	48.31
31	-111.0	-128.0	37.0	-9.0	25.0	29.0	5.0	35.0	51.04
32	-6.0	46.0	-28.0	30.0	-18.0	-25.0	116.0	3.0	47.9
33	-128.0	87.0	66.0	-62.0	55.0	-17.0	-37.0	35.0	54.89
34	66.0	1.0	22.0	-13.0	-11.0	-1.0	45.0	40.0	57.63
35	-52.0	73.0	-47.0	18.0	29.0	-81.0	-38.0	-30.0	57.14
36	48.0	2.0	-4.0	-29.0	5.0	30.0	-22.0	16.0	55.23
37	53.0	-128.0	-101.0	-15.0	-8.0	2.0	-22.0	-1.0	59.68
38	-98.0	127.0	80.0	-67.0	-10.0	0.0	51.0	-13.0	68.84
39	-56.0	106.0	37.0	2.0	-8.0	1.0	-49.0	10.0	69.04
40	71.0	-55.0	-90.0	38.0	-8.0	-1.0	12.0	-26.0	63.75
41	127.0	-113.0	53.0	25.0	8.0	16.0	-25.0	-58.0	71.16
42	-89.0	41.0	17.0	-67.0	25.0	-7.0	-9.0	-2.0	57.63
43	-14.0	-84.0	-10.0	107.0	-21.0	35.0	-24.0	15.0	65.58
44	76.0	109.0	49.0	74.0	16.0	0.0	-11.0	-8.0	65.58
45	-128.0	44.0	77.0	56.0	-20.0	33.0	-48.0	44.0	59.68
46	110.0	-67.0	-53.0	50.0	2.0	19.0	-7.0	-3.0	73.23
47	-127.0	64.0	9.0	19.0	36.0	-23.0	53.0	35.0	69.49
48	28.0	-39.0	-79.0	-6.0	14.0	42.0	-28.0	16.0	75.36
49	70.0	38.0	1.0	23.0	-24.0	-3.0	-44.0	-19.0	77.39
50	-26.0	-99.0	63.0	-33.0	-16.0	6.0	-7.0	-8.0	75.37
51	-95.0	-32.0	-31.0	-57.0	15.0	4.0	-1.0	-57.0	84.24
52	-39.0	-93.0	25.0	54.0	-62.0	-95.0	25.0	23.0	95.33
53	-64.0	62.0	-48.0	-39.0	-16.0	-40.0	-21.0	42.0	96.51
54	106.0	-54.0	27.0	28.0	31.0	45.0	19.0	-17.0	99.31
55	28.0	-83.0	19.0	-26.0	1.0	-20.0	0.0	-10.0	101.57
56	-102.0	127.0	-94.0	112.0	9.0	-1.0	22.0	-71.0	105.63
57	-83.0	-107.0	41.0	-47.0	-11.0	25.0	51.0	-21.0	108.08
58	19.0	53.0	10.0	56.0	-82.0	-24.0	3.0	22.0	108.71
59	-26.0	89.0	-84.0	13.0	11.0	-56.0	-33.0	40.0	109.37
60	122.0	-69.0	18.0	-67.0	21.0	-20.0	-7.0	-1.0	109.72
61	66.0	-51.0	-33.0	-18.0	17.0	-23.0	31.0	3.0	108.25
62	-111.0	-127.0	67.0	-18.0	15.0	-8.0	-20.0	-24.0	105.23
63	-55.0	40.0	-31.0	37.0	-2.0	-7.0	-70.0	21.0	104.75
64	-24.0	114.0	-35.0	108.0	6.0	-1.0	19.0	9.0	101.57
65	88.0	94.0	37.0	-67.0	3.0	35.0	-21.0	21.0	101.29
66	127.0	-18.0	60.0	48.0	-2.0	21.0	34.0	-11.0	99.04
67	127.0	-13.0	21.0	-59.0	-21.0	29.0	32.0	-38.0	109.11
68	14.0	127.0	-53.0	-21.0	18.0	-59.0	-33.0	-12.0	109.11
69	0.0	-15.0	-57.0	93.0	1.0	11.0	13.0	45.0	105.63
70	86.0	114.0	9.0	123.0	38.0	3.0	0.0	30.0	97.66
71	74.0	15.0	7.0	-29.0	55.0	19.0	-73.0	-17.0	94.11
72	6.0	37.0	-8.0	14.0	-17.0	12.0	17.0	-23.0	95.55
73	73.0	-52.0	17.0	28.0	17.0	-14.0	-52.0	8.0	95.55
74	-58.0	-71.0	-68.0	-16.0	15.0	-11.0	-46.0	64.0	89.48
75	44.0	-98.0	-23.0	5.0	-24.0	2.0	42.0	-26.0	94.89
76	-128.0	-89.0	-19.0	101.0	17.0	-2.0	58.0	-17.0	96.42
77	4.0	93.0	26.0	-5.0	9.0	72.0	79.0	6.0	98.02
78	127.0	-31.0	52.0	29.0	-4.0	9.0	-54.0	33.0	109.37
79	-62.0	-120.0	38.0	-68.0	3.0	-11.0	32.0	-17.0	109.24
80	-22.0	120.0	-11.0	69.0	15.0	-10.0	-19.0	37.0	103.87
81	121.0	-24.0	-26.0	-128.0	3.0	58.0	-7.0	-36.0	106.78
82	-49.0	37.0	19.0	20.0	14.0	-2.0	17.0	4.0	106.56
83	126.0	104.0	2.0	-15.0	-60.0	-11.0	-9.0	-13.0	108.71
84	46.0	-68.0	5.0	-16.0	23.0	28.0	-96.0	-2.0	106.56
