0	25.0	66.0	-85.0	-23.0	-2.0	-3.0	8.0	-39.0	78.76
1	26.0	-105.0	-20.0	8.0	2.0	37.0	2.0	2.0	76.33
2	8.0	53.0	-11.0	-128.0	13.0	14.0	-1.0	-16.0	76.98
3	74.0	85.0	45.0	54.0	2.0	-6.0	-3.0	-17.0	76.13
4	65.0	98.0	27.0	83.0	25.0	22.0	-20.0	6.0	83.94
5	-64.0	61.0	-34.0	-128.0	-4.0	-19.0	-35.0	-52.0	91.21
6	22.0	127.0	-61.0	60.0	-38.0	7.0	2.0	16.0	86.48
7	-127.0	-75.0	68.0	-38.0	7.0	21.0	-39.0	-4.0	83.45
8	-52.0	-29.0	-60.0	-11.0	-37.0	-18.0	-12.0	6.0	92.18
9	-27.0	42.0	57.0	-35.0	12.0	11.0	-6.0	-39.0	92.18
10	-51.0	88.0	33.0	-77.0	-2.0	-1.0	23.0	-27.0	89.87
11	-28.0	-75.0	100.0	-43.0	-19.0	-7.0	-38.0	28.0	90.9
12	127.0	98.0	100.0	3.0	-4.0	-42.0	2.0	19.0	93.47
13	-123.0	94.0	-10.0	8.0	-19.0	6.0	-11.0	-2.0	97.19
14	124.0	127.0	-128.0	-12.0	15.0	-12.0	14.0	54.0	105.36
15	58.0	48.0	55.0	-42.0	15.0	-26.0	-6.0	-8.0	103.46
16	-42.0	127.0	-90.0	-73.0	2.0	-4.0	-4.0	9.0	95.75
17	-2.0	10.0	-45.0	-54.0	-9.0	-2.0	-2.0	28.0	103.69
18	21.0	39.0	-2.0	10.0	-3.0	19.0	-3.0	-58.0	101.26
19	38.0	127.0	11.0	-62.0	5.0	5.0	-7.0	-15.0	106.87
20	30.0	68.0	5.0	-124.0	-59.0	19.0	6.0	-17.0	107.36
21	-92.0	-84.0	60.0	89.0	-8.0	-21.0	-15.0	-12.0	106.11
22	127.0	109.0	-88.0	8.0	72.0	2.0	22.0	16.0	107.23
23	-80.0	51.0	22.0	-39.0	4.0	-36.0	-30.0	-20.0	106.48
24	-78.0	-21.0	36.0	-48.0	0.0	14.0	-52.0	-7.0	103.46
25	-70.0	-108.0	-11.0	-20.0	55.0	7.0	-22.0	17.0	105.36
26	95.0	73.0	108.0	76.0	-7.0	-2.0	-38.0	-26.0	105.99
27	-57.0	31.0	71.0	-106.0	15.0	1.0	34.0	25.0	106.48
28	79.0	30.0	-81.0	-45.0	13.0	-13.0	-4.0	-1.0	105.67
29	89.0	-58.0	-78.0	-32.0	-7.0	14.0	11.0	12.0	107.23
30	49.0	117.0	42.0	-6.0	-6.0	18.0	-17.0	-5.0	105.57
31	127.0	42.0	69.0	22.0	-38.0	-7.0	-29.0	-5.0	96.58
32	34.0	79.0	-50.0	-25.0	17.0	43.0	62.0	-24.0	95.88
33	86.0	31.0	-128.0	63.0	25.0	-3.0	-16.0	6.0	97.19
34	-16.0	-128.0	-37.0	-128.0	-9.0	-2.0	-18.0	-18.0	94.44
35	68.0	-71.0	127.0	-108.0	-13.0	-23.0	-4.0	-7.0	89.87
36	127.0	-95.0	-35.0	67.0	-8.0	3.0	52.0	-26.0	91.45
37	-57.0	56.0	-128.0	0.0	-58.0	-7.0	-32.0	-24.0	93.47
38	-35.0	57.0	-7.0	-80.0	13.0	20.0	43.0	6.0	93.4
39	-128.0	-128.0	-4.0	-6.0	-43.0	-20.0	-21.0	-23.0	91.21
40	-51.0	-128.0	-56.0	-20.0	2.0	6.0	-8.0	21.0	88.98
41	20.0	112.0	113.0	127.0	3.0	-2.0	-25.0	-28.0	83.94
42	29.0	-128.0	-44.0	85.0	-3.0	-9.0	-16.0	-5.0	88.98
43	120.0	86.0	-52.0	-77.0	-34.0	20.0	5.0	8.0	80.85
44	87.0	-128.0	71.0	27.0	9.0	-3.0	4.0	-31.0	78.76
45	-72.0	-102.0	69.0	-92.0	-3.0	-1.0	-46.0	19.0	80.85
46	2.0	64.0	114.0	-41.0	2.0	21.0	10.0	18.0	80.54
47	107.0	29.0	-46.0	-69.0	11.0	-8.0	0.0	-25.0	73.85
48	-46.0	89.0	-36.0	-22.0	5.0	3.0	1.0	-6.0	75.08
49	65.0	127.0	26.0	-81.0	-12.0	-3.0	-19.0	-6.0	76.98
50	-7.0	-20.0	-77.0	-47.0	34.0	-3.0	3.0	15.0	82.5
51	-59.0	87.0	93.0	-15.0	2.0	-2.0	38.0	-23.0	82.66
52	-51.0	72.0	34.0	-3.0	2.0	5.0	-23.0	11.0	79.75
53	-92.0	-12.0	-21.0	22.0	0.0	-9.0	-3.0	15.0	80.54
54	-30.0	127.0	112.0	27.0	-1.0	-17.0	-2.0	13.0	80.82
55	101.0	16.0	-38.0	-49.0	-6.0	-32.0	-5.0	-9.0	73.19
56	-91.0	76.0	127.0	68.0	4.0	2.0	25.0	27.0	76.75
57	76.0	-128.0	29.0	127.0	-39.0	-2.0	-40.0	10.0	82.47
58	-87.0	9.0	-121.0	-55.0	-38.0	-40.0	49.0	3.0	83.21
59	50.0	14.0	-89.0	21.0	3.0	-5.0	-6.0	-4.0	82.5
60	78.0	-23.0	28.0	-80.0	-3.0	23.0	12.0	66.0	77.37
61	85.0	75.0	76.0	-53.0	-16.0	-5.0	-12.0	-20.0	75.72
62	55.0	-21.0	-13.0	79.0	-8.0	2.0	1.0	28.0	68.44
63	116.0	121.0	84.0	-56.0	-20.0	20.0	-3.0	-51.0	76.75
64	0.0	69.0	-9.0	-6.0	3.0	-26.0	-2.0	24.0	57.14
65	110.0	91.0	73.0	19.0	2.0	6.0	1.0	-24.0	73.55
66	86.0	-92.0	111.0	-28.0	6.0	13.0	-3.0	4.0	69.1
67	89.0	96.0	24.0	96.0	-37.0	-3.0	28.0	11.0	72.58
68	-116.0	46.0	-25.0	-37.0	-3.0	12.0	-19.0	0.0	69.74
69	34.0	-66.0	-81.0	2.0	8.0	-3.0	13.0	-3.0	69.74
70	127.0	127.0	-38.0	-95.0	1.0	26.0	-19.0	-14.0	61.4
71	-128.0	-88.0	8.0	-12.0	3.0	-24.0	-9.0	-10.0	61.1
72	127.0	127.0	66.0	-2.0	-16.0	2.0	-2.0	33.0	61.1
73	61.0	-39.0	-38.0	-13.0	-25.0	5.0	41.0	11.0	69.1
74	100.0	31.0	-101.0	-109.0	19.0	-38.0	-10.0	-5.0	57.15
75	-67.0	-53.0	-29.0	-20.0	-8.0	-8.0	25.0	-19.0	57.15
76	114.0	-75.0	-93.0	48.0	16.0	-4.0	-5.0	16.0	57.58
77	44.0	28.0	-77.0	29.0	-15.0	3.0	48.0	-16.0	56.98
78	21.0	5.0	-42.0	54.0	4.0	8.0	-3.0	9.0	56.98
79	23.0	50.0	127.0	-46.0	-12.0	-24.0	6.0	-15.0	72.58
80	127.0	127.0	43.0	31.0	-25.0	17.0	14.0	-15.0	69.75
81	18.0	1.0	48.0	2.0	20.0	2.0	-2.0	8.0	73.85
82	-46.0	82.0	13.0	23.0	-10.0	-16.0	1.0	23.0	76.13
83	57.0	-43.0	-3.0	0.0	2.0	0.0	-7.0	-25.0	81.14
84	48.0	117.0	-34.0	21.0	4.0	17.0	-12.0	35.0	82.4
85	-128.0	-128.0	9.0	71.0	3.0	2.0	-1.0	-3.0	82.62
86	45.0	2.0	-15.0	-54.0	12.0	-33.0	6.0	1.0	83.21
