0	-13.0	-25.0	127.0	-84.0	5.0	6.0	-21.0	-9.0	87.28
1	83.0	4.0	127.0	-22.0	-12.0	-17.0	22.0	-7.0	94.14
2	-23.0	-125.0	-125.0	-1.0	7.0	4.0	-8.0	-28.0	89.62
3	43.0	81.0	8.0	-23.0	-6.0	8.0	20.0	-34.0	75.95
4	-33.0	-22.0	25.0	34.0	-8.0	10.0	-7.0	40.0	79.75
5	-44.0	57.0	-72.0	15.0	10.0	-28.0	14.0	0.0	82.41
6	69.0	-97.0	-37.0	-33.0	1.0	-5.0	0.0	33.0	82.41
7	-118.0	89.0	-30.0	-25.0	0.0	10.0	-17.0	47.0	68.07
8	127.0	127.0	-35.0	-69.0	8.0	3.0	0.0	-30.0	70.86
9	36.0	-128.0	12.0	-112.0	4.0	7.0	-8.0	8.0	66.66
10	10.0	-26.0	-37.0	11.0	-2.0	0.0	-2.0	-71.0	67.68
11	119.0	39.0	25.0	82.0	26.0	-36.0	-11.0	-23.0	66.66
12	47.0	81.0	109.0	-20.0	9.0	5.0	10.0	21.0	62.96
13	-23.0	-32.0	-66.0	127.0	3.0	9.0	17.0	-26.0	60.14
14	-87.0	39.0	-128.0	4.0	-24.0	-17.0	-7.0	4.0	70.86
15	-61.0	88.0	-12.0	-60.0	1.0	8.0	-14.0	-9.0	73.35
16	44.0	10.0	6.0	34.0	-56.0	-11.0	-34.0	-63.0	69.5
17	-86.0	-113.0	-22.0	-15.0	6.0	-1.0	85.0	-95.0	60.14
18	-20.0	74.0	-13.0	14.0	-6.0	3.0	3.0	9.0	57.78
19	62.0	85.0	103.0	125.0	-3.0	-28.0	7.0	47.0	56.7
20	-6.0	48.0	-46.0	-57.0	59.0	35.0	-12.0	85.0	54.19
21	50.0	-72.0	-13.0	-43.0	-25.0	-21.0	-1.0	16.0	52.73
22	51.0	-33.0	-128.0	-5.0	-17.0	-13.0	42.0	13.0	51.0
23	127.0	57.0	2.0	55.0	-1.0	1.0	47.0	-13.0	45.83
24	-103.0	-110.0	26.0	34.0	1.0	0.0	-26.0	-97.0	36.53
25	-90.0	95.0	-38.0	-45.0	26.0	-12.0	3.0	17.0	37.64
26	71.0	71.0	111.0	20.0	-12.0	-3.0	-28.0	15.0	40.1
27	-94.0	97.0	127.0	8.0	-25.0	2.0	-7.0	-27.0	36.56
28	-43.0	3.0	10.0	-5.0	3.0	5.0	1.0	56.0	36.9
29	63.0	-128.0	-35.0	-108.0	-12.0	10.0	-14.0	26.0	43.88
30	127.0	127.0	-40.0	24.0	9.0	2.0	-17.0	-17.0	36.53
31	-63.0	-124.0	-67.0	19.0	3.0	6.0	-20.0	10.0	36.9
32	35.0	-128.0	33.0	-34.0	-3.0	4.0	2.0	-35.0	38.41
33	39.0	-95.0	41.0	-53.0	11.0	-12.0	2.0	-48.0	52.73
34	27.0	-55.0	-30.0	7.0	-12.0	-40.0	-19.0	2.0	52.48
35	-128.0	-112.0	5.0	-7.0	17.0	8.0	-9.0	-15.0	39.08
36	102.0	-128.0	-84.0	-108.0	2.0	-8.0	-8.0	12.0	51.0
37	-36.0	57.0	-44.0	17.0	-50.0	-7.0	11.0	-15.0	43.88
38	-76.0	-53.0	-38.0	80.0	-2.0	5.0	-5.0	19.0	52.48
39	114.0	17.0	15.0	2.0	2.0	1.0	-10.0	-29.0	52.64
40	-128.0	23.0	27.0	34.0	-5.0	17.0	4.0	20.0	54.19
41	-128.0	-121.0	-37.0	127.0	12.0	1.0	2.0	44.0	57.16
42	127.0	-126.0	-67.0	-72.0	7.0	-13.0	-21.0	78.0	58.23
43	77.0	-47.0	-58.0	-1.0	3.0	17.0	5.0	35.0	66.05
44	30.0	-128.0	67.0	15.0	-10.0	10.0	20.0	-97.0	69.5
45	-124.0	-3.0	10.0	12.0	12.0	5.0	-9.0	-6.0	89.62
46	113.0	70.0	-36.0	1.0	13.0	8.0	-22.0	-43.0	86.51
47	54.0	100.0	-89.0	26.0	-6.0	-24.0	-1.0	15.0	79.75
48	-128.0	123.0	-30.0	52.0	9.0	30.0	10.0	-35.0	78.85
49	-61.0	-85.0	-119.0	-2.0	-8.0	-20.0	-36.0	-1.0	102.77
50	-121.0	37.0	-53.0	-1.0	-7.0	5.0	16.0	3.0	97.66
51	-62.0	-73.0	-53.0	-1.0	9.0	-10.0	1.0	14.0	89.73
52	50.0	127.0	72.0	-16.0	-25.0	-17.0	-10.0	26.0	98.79
53	6.0	21.0	-31.0	12.0	8.0	42.0	5.0	28.0	89.73
54	70.0	44.0	-98.0	-62.0	5.0	-3.0	-29.0	22.0	105.12
55	127.0	78.0	-15.0	0.0	17.0	13.0	49.0	-53.0	109.59
56	-2.0	-7.0	-124.0	-1.0	5.0	-1.0	-6.0	-97.0	109.59
57	-102.0	-125.0	41.0	11.0	-4.0	-18.0	5.0	54.0	120.84
58	65.0	112.0	97.0	46.0	7.0	57.0	6.0	-19.0	109.59
59	27.0	79.0	77.0	22.0	12.0	-9.0	2.0	-4.0	105.24
60	-128.0	-126.0	70.0	-52.0	-6.0	-26.0	-22.0	-31.0	113.42
61	127.0	-100.0	96.0	-29.0	0.0	-2.0	-17.0	9.0	122.14
62	45.0	108.0	-23.0	-118.0	9.0	7.0	-17.0	-25.0	116.5
63	-85.0	-91.0	-88.0	-9.0	-11.0	13.0	4.0	-12.0	123.03
64	-54.0	-128.0	36.0	-35.0	39.0	14.0	5.0	-24.0	130.21
65	-122.0	66.0	10.0	10.0	-9.0	-38.0	-16.0	1.0	131.09
66	-83.0	36.0	52.0	6.0	3.0	6.0	3.0	-70.0	132.6
67	72.0	-7.0	1.0	57.0	-30.0	8.0	13.0	-60.0	132.6
68	-31.0	-117.0	-22.0	-16.0	-16.0	-13.0	55.0	-69.0	132.24
69	-53.0	-60.0	62.0	-40.0	6.0	17.0	3.0	34.0	132.24
70	65.0	24.0	90.0	-23.0	8.0	5.0	-12.0	47.0	131.09
71	127.0	-121.0	21.0	-6.0	-4.0	7.0	10.0	-31.0	131.56
72	-60.0	59.0	-9.0	16.0	-21.0	-3.0	-9.0	-4.0	132.57
73	-127.0	-9.0	14.0	34.0	31.0	-1.0	15.0	20.0	130.14
74	105.0	58.0	79.0	19.0	-4.0	5.0	7.0	22.0	128.84
75	71.0	2.0	-121.0	-13.0	-20.0	-3.0	-5.0	-59.0	128.75
76	-82.0	-71.0	-89.0	-128.0	-19.0	2.0	-2.0	-9.0	128.84
77	-128.0	76.0	50.0	-111.0	-30.0	9.0	-26.0	-42.0	124.67
78	-30.0	-14.0	-33.0	6.0	10.0	7.0	9.0	-12.0	123.03
79	23.0	116.0	6.0	-44.0	-11.0	-20.0	6.0	25.0	121.83
80	-124.0	50.0	80.0	16.0	16.0	18.0	8.0	-2.0	120.84
81	96.0	-128.0	94.0	-10.0	-4.0	-29.0	-17.0	-3.0	113.42
82	13.0	-99.0	57.0	42.0	-19.0	5.0	8.0	-13.0	119.58
83	64.0	122.0	-62.0	10.0	4.0	-22.0	1.0	-2.0	105.12
84	15.0	63.0	-68.0	-11.0	-3.0	-14.0	1.0	57.0	102.77
