0	-36.0	42.0	47.0	72.0	-9.0	10.0	10.0	31.0	99.55
1	127.0	33.0	76.0	-8.0	25.0	28.0	13.0	10.0	98.55
2	84.0	-24.0	54.0	12.0	26.0	-32.0	11.0	28.0	104.87
3	-74.0	-15.0	23.0	-24.0	-32.0	-2.0	7.0	-34.0	106.48
4	127.0	-39.0	-11.0	20.0	5.0	-17.0	-9.0	9.0	112.29
5	-51.0	78.0	35.0	-96.0	-14.0	3.0	4.0	14.0	112.29
6	127.0	-81.0	6.0	-72.0	-4.0	-2.0	-17.0	-19.0	100.98
7	127.0	-86.0	-101.0	-7.0	-4.0	3.0	-2.0	14.0	98.99
8	29.0	29.0	79.0	23.0	-3.0	-4.0	-3.0	-6.0	68.44
9	30.0	-46.0	-113.0	85.0	12.0	-17.0	2.0	31.0	57.21
10	-45.0	-128.0	-26.0	-16.0	-9.0	26.0	11.0	-16.0	64.08
11	42.0	-42.0	-55.0	72.0	27.0	-9.0	-4.0	5.0	66.47
12	97.0	-69.0	-37.0	-34.0	6.0	8.0	7.0	-33.0	68.89
13	25.0	70.0	18.0	37.0	-5.0	4.0	-12.0	-6.0	74.33
14	-63.0	10.0	-101.0	-24.0	4.0	6.0	-1.0	-18.0	65.77
15	-114.0	-16.0	-60.0	34.0	2.0	-11.0	17.0	7.0	82.22
16	-46.0	-58.0	11.0	8.0	18.0	8.0	-7.0	73.0	74.33
17	82.0	-72.0	12.0	-45.0	2.0	7.0	-6.0	8.0	65.83
18	-128.0	20.0	29.0	-5.0	1.0	-10.0	8.0	-33.0	64.08
19	-52.0	-42.0	28.0	42.0	3.0	0.0	-18.0	-20.0	65.45
20	-44.0	-24.0	51.0	21.0	-2.0	4.0	6.0	5.0	65.83
21	-81.0	-67.0	-113.0	-23.0	35.0	4.0	0.0	0.0	66.47
22	-128.0	122.0	24.0	30.0	1.0	-7.0	9.0	-11.0	75.38
23	-128.0	127.0	-6.0	-11.0	6.0	-14.0	5.0	29.0	95.72
24	-92.0	127.0	26.0	-43.0	-42.0	-10.0	5.0	37.0	67.48
25	71.0	127.0	107.0	0.0	-2.0	-9.0	-7.0	33.0	82.22
26	30.0	127.0	45.0	61.0	4.0	-15.0	-1.0	18.0	66.91
27	-78.0	56.0	-37.0	4.0	-15.0	12.0	-2.0	-56.0	61.87
28	-54.0	-100.0	78.0	4.0	5.0	-22.0	-3.0	43.0	65.59
29	16.0	-94.0	-22.0	45.0	2.0	0.0	2.0	28.0	66.03
30	54.0	3.0	-89.0	43.0	-3.0	-23.0	-3.0	-32.0	65.59
31	-3.0	-20.0	-101.0	-14.0	-11.0	0.0	-12.0	43.0	83.23
32	-128.0	-93.0	-128.0	-42.0	5.0	0.0	-19.0	-32.0	104.87
33	41.0	87.0	23.0	34.0	9.0	6.0	-7.0	-48.0	101.1
34	127.0	-62.0	88.0	56.0	10.0	-23.0	-3.0	28.0	108.97
35	43.0	-98.0	-15.0	-34.0	-9.0	-11.0	4.0	-6.0	115.83
36	-128.0	93.0	40.0	-13.0	14.0	-40.0	19.0	23.0	109.18
37	-17.0	59.0	-11.0	-44.0	-30.0	11.0	5.0	12.0	122.59
38	-23.0	127.0	-5.0	-38.0	0.0	10.0	-18.0	9.0	102.05
39	-40.0	-82.0	5.0	-122.0	-6.0	5.0	9.0	-11.0	108.14
40	64.0	51.0	-62.0	-11.0	-3.0	-5.0	-13.0	11.0	118.62
41	84.0	4.0	-44.0	-14.0	-22.0	-9.0	1.0	-6.0	122.02
42	-128.0	26.0	-60.0	-28.0	-9.0	-3.0	-4.0	0.0	131.35
43	-23.0	-72.0	-24.0	-51.0	-4.0	-37.0	13.0	32.0	130.1
44	51.0	-128.0	1.0	-38.0	-19.0	10.0	-6.0	-4.0	132.06
45	-44.0	34.0	-50.0	26.0	7.0	-14.0	0.0	22.0	131.98
46	36.0	127.0	-4.0	-19.0	0.0	-10.0	-1.0	46.0	125.29
47	113.0	-83.0	-35.0	43.0	-6.0	-2.0	-9.0	72.0	132.98
48	118.0	-105.0	127.0	127.0	6.0	20.0	4.0	28.0	130.1
49	95.0	-82.0	84.0	51.0	-12.0	-5.0	-22.0	-31.0	130.97
50	62.0	46.0	-128.0	-60.0	31.0	-22.0	-13.0	40.0	132.06
51	-69.0	56.0	37.0	-128.0	-36.0	-8.0	-21.0	-10.0	129.34
52	10.0	-22.0	106.0	-36.0	-2.0	-11.0	-9.0	9.0	131.82
53	-99.0	-122.0	-113.0	30.0	10.0	-22.0	-13.0	-39.0	132.88
54	45.0	127.0	-101.0	78.0	4.0	-4.0	-1.0	9.0	131.97
55	80.0	33.0	-103.0	-19.0	-2.0	-7.0	-3.0	-8.0	126.01
56	-43.0	-46.0	126.0	17.0	-24.0	-6.0	-5.0	29.0	131.98
57	-13.0	-128.0	78.0	19.0	4.0	0.0	9.0	-67.0	121.21
58	127.0	-128.0	-123.0	20.0	-4.0	28.0	3.0	-16.0	130.97
59	-99.0	-128.0	14.0	33.0	15.0	19.0	-4.0	-31.0	131.82
60	-74.0	-5.0	11.0	-10.0	19.0	-10.0	-17.0	53.0	128.65
61	-50.0	-83.0	110.0	127.0	-34.0	-2.0	14.0	40.0	131.39
62	-4.0	127.0	-4.0	28.0	-7.0	4.0	0.0	27.0	124.26
63	110.0	19.0	100.0	-122.0	-11.0	-6.0	3.0	-45.0	109.59
64	-89.0	-50.0	72.0	1.0	-6.0	6.0	-5.0	55.0	109.18
65	-70.0	44.0	-16.0	10.0	2.0	-26.0	1.0	-87.0	120.05
66	-81.0	-43.0	-108.0	15.0	0.0	10.0	-6.0	-17.0	124.26
67	-119.0	-14.0	55.0	20.0	-4.0	-3.0	-5.0	-14.0	121.21
68	-28.0	-128.0	34.0	6.0	-7.0	-6.0	2.0	26.0	118.62
69	102.0	115.0	23.0	24.0	-7.0	2.0	-14.0	33.0	117.39
70	-1.0	-128.0	-37.0	47.0	15.0	-1.0	-7.0	-9.0	100.55
71	87.0	-104.0	4.0	-3.0	-6.0	6.0	-5.0	-39.0	102.33
72	116.0	-128.0	112.0	-10.0	9.0	-2.0	-10.0	-42.0	108.97
73	-36.0	-82.0	89.0	37.0	8.0	3.0	14.0	-106.0	101.85
74	-105.0	43.0	52.0	14.0	-1.0	-8.0	-3.0	15.0	101.85
75	-105.0	37.0	52.0	-105.0	5.0	2.0	31.0	-28.0	100.55
76	85.0	13.0	55.0	33.0	-9.0	3.0	-17.0	-3.0	102.33
77	41.0	14.0	-68.0	114.0	-15.0	9.0	-6.0	-10.0	68.89
78	99.0	-50.0	-67.0	-11.0	-15.0	25.0	-1.0	-25.0	95.72
79	-110.0	108.0	111.0	12.0	13.0	0.0	-4.0	11.0	82.6
80	-115.0	82.0	1.0	-37.0	-17.0	23.0	4.0	-5.0	68.44
81	46.0	4.0	-82.0	-7.0	2.0	-10.0	9.0	-1.0	76.4
82	-45.0	-39.0	43.0	-21.0	-2.0	-5.0	15.0	17.0	84.64
83	-128.0	127.0	1.0	66.0	1.0	-1.0	-6.0	-10.0	102.58
