0	-3.0	-90.0	116.0	11.0	22.0	80.0	-11.0	6.0	139.24
1	-100.0	3.0	-35.0	-35.0	34.0	43.0	19.0	-7.0	150.43
2	76.0	59.0	20.0	1.0	-40.0	72.0	-18.0	8.0	148.21
3	-33.0	64.0	106.0	65.0	15.0	22.0	49.0	-27.0	151.65
4	-23.0	-94.0	-23.0	-96.0	96.0	-115.0	-15.0	47.0	152.03
5	-3.0	99.0	-78.0	-63.0	-7.0	91.0	4.0	-25.0	152.51
6	-98.0	-42.0	113.0	41.0	14.0	-17.0	-16.0	22.0	152.13
7	18.0	-60.0	-44.0	5.0	119.0	-9.0	-45.0	-17.0	151.65
8	19.0	5.0	39.0	57.0	-109.0	1.0	-10.0	22.0	151.98
9	66.0	127.0	-33.0	-115.0	5.0	-20.0	11.0	-18.0	149.29
10	53.0	-46.0	112.0	-59.0	63.0	-20.0	-16.0	3.0	152.03
11	-27.0	-51.0	37.0	117.0	79.0	-37.0	-2.0	-106.0	150.43
12	-49.0	-101.0	-67.0	-27.0	31.0	1.0	10.0	30.0	147.65
13	127.0	67.0	-103.0	-10.0	-86.0	21.0	30.0	89.0	139.45
14	-29.0	-32.0	-47.0	-32.0	127.0	-61.0	-49.0	-70.0	138.54
15	-72.0	-13.0	27.0	67.0	12.0	49.0	-5.0	56.0	133.46
16	52.0	-123.0	-79.0	64.0	-11.0	86.0	-32.0	-11.0	129.05
17	14.0	82.0	127.0	-82.0	-44.0	-11.0	117.0	6.0	138.95
18	-128.0	-17.0	-124.0	-11.0	-52.0	-3.0	9.0	66.0	134.91
19	126.0	30.0	-101.0	83.0	101.0	-28.0	16.0	-71.0	128.75
20	-26.0	127.0	3.0	39.0	-66.0	7.0	17.0	-11.0	132.11
21	-20.0	3.0	-50.0	2.0	26.0	73.0	-31.0	-1.0	132.11
22	60.0	42.0	110.0	91.0	31.0	-25.0	-15.0	-38.0	123.46
23	1.0	-116.0	-35.0	-105.0	67.0	3.0	-11.0	-12.0	123.98
24	27.0	-69.0	-90.0	23.0	27.0	13.0	4.0	67.0	125.51
25	-48.0	104.0	4.0	-58.0	-128.0	-128.0	0.0	-5.0	126.41
26	71.0	-17.0	127.0	7.0	-5.0	4.0	24.0	14.0	124.24
27	4.0	39.0	-61.0	-57.0	85.0	22.0	9.0	3.0	102.78
28	40.0	-36.0	-75.0	-65.0	-11.0	39.0	-11.0	-3.0	103.37
29	-1.0	24.0	1.0	6.0	-23.0	-28.0	24.0	30.0	103.37
30	-75.0	96.0	-126.0	-26.0	-10.0	-12.0	-28.0	-58.0	95.67
31	0.0	-124.0	95.0	-26.0	-86.0	0.0	-28.0	48.0	99.84
32	83.0	34.0	-21.0	47.0	33.0	-15.0	-19.0	-15.0	106.39
33	-58.0	-96.0	10.0	-97.0	72.0	4.0	-28.0	-11.0	98.41
34	24.0	43.0	-16.0	117.0	-60.0	-24.0	13.0	-6.0	113.3
35	7.0	102.0	-15.0	-50.0	-120.0	43.0	-20.0	-2.0	98.11
36	-20.0	-110.0	18.0	29.0	67.0	-17.0	29.0	-1.0	94.46
37	-50.0	53.0	-11.0	4.0	40.0	-28.0	-5.0	-31.0	86.9
38	-128.0	80.0	54.0	-15.0	3.0	-101.0	-3.0	37.0	79.88
39	49.0	-5.0	57.0	-27.0	53.0	30.0	9.0	-6.0	79.54
40	127.0	-34.0	-52.0	0.0	-16.0	-8.0	0.0	4.0	78.77
41	106.0	-35.0	12.0	91.0	-5.0	50.0	14.0	14.0	78.3
42	-61.0	-73.0	-73.0	-75.0	68.0	-34.0	-24.0	-16.0	78.3
43	-3.0	102.0	-7.0	19.0	10.0	-90.0	5.0	21.0	78.35
44	-60.0	109.0	8.0	30.0	-16.0	-20.0	-2.0	14.0	79.36
45	29.0	-55.0	117.0	123.0	-47.0	88.0	1.0	47.0	79.36
46	-108.0	-79.0	41.0	19.0	-85.0	-18.0	69.0	9.0	86.9
47	110.0	5.0	-102.0	-22.0	5.0	2.0	10.0	-34.0	94.46
48	17.0	-81.0	-32.0	-27.0	-15.0	-65.0	22.0	90.0	98.41
49	-98.0	127.0	-90.0	-6.0	-45.0	34.0	-14.0	-14.0	113.56
50	72.0	1.0	41.0	-36.0	100.0	-8.0	-18.0	-4.0	117.01
51	-37.0	1.0	56.0	127.0	-90.0	8.0	-17.0	-9.0	118.91
52	83.0	-10.0	-34.0	-54.0	43.0	-49.0	-11.0	11.0	120.54
53	27.0	110.0	-117.0	20.0	32.0	-33.0	7.0	4.0	113.3
54	-32.0	79.0	46.0	-1.0	-85.0	103.0	-8.0	-79.0	118.91
55	92.0	-4.0	32.0	57.0	46.0	-50.0	13.0	-1.0	122.99
56	-67.0	-86.0	-10.0	-11.0	-19.0	-19.0	-21.0	-1.0	136.45
57	80.0	7.0	18.0	63.0	-37.0	111.0	-11.0	30.0	120.6
58	-12.0	97.0	-20.0	-110.0	124.0	-80.0	27.0	13.0	131.35
59	-74.0	-53.0	82.0	23.0	12.0	25.0	-23.0	-42.0	138.54
60	-38.0	86.0	63.0	-17.0	51.0	12.0	3.0	34.0	134.91
61	-72.0	-104.0	95.0	-92.0	100.0	-6.0	35.0	-39.0	125.01
62	53.0	-128.0	-57.0	-8.0	-6.0	-24.0	6.0	10.0	124.81
63	-107.0	-112.0	-20.0	16.0	84.0	8.0	4.0	16.0	121.16
64	-5.0	-48.0	-6.0	9.0	21.0	43.0	15.0	-12.0	123.31
65	-8.0	40.0	127.0	58.0	-9.0	16.0	5.0	-1.0	129.75
66	-128.0	-18.0	-82.0	32.0	-45.0	20.0	-5.0	-25.0	124.81
67	-94.0	-26.0	81.0	37.0	35.0	-62.0	-7.0	-16.0	123.38
68	-31.0	-56.0	-28.0	118.0	-128.0	-13.0	7.0	42.0	122.99
69	6.0	-33.0	-33.0	-93.0	-55.0	-61.0	5.0	-6.0	121.16
70	34.0	50.0	10.0	97.0	-19.0	-54.0	5.0	15.0	123.31
71	35.0	-68.0	26.0	25.0	85.0	3.0	9.0	-29.0	131.35
72	-62.0	-31.0	-101.0	-60.0	-90.0	-13.0	-22.0	25.0	128.75
73	-7.0	34.0	47.0	50.0	-29.0	-8.0	-2.0	6.0	137.82
74	57.0	14.0	-19.0	55.0	-13.0	-63.0	-8.0	-12.0	135.73
75	-52.0	-14.0	-38.0	-27.0	-9.0	28.0	-39.0	24.0	143.52
76	-128.0	15.0	65.0	20.0	71.0	4.0	32.0	4.0	143.52
77	-5.0	79.0	4.0	127.0	-47.0	-4.0	-4.0	44.0	142.26
78	-55.0	-128.0	31.0	-71.0	60.0	-7.0	-8.0	-5.0	144.0
79	99.0	53.0	97.0	26.0	-46.0	49.0	-6.0	-9.0	145.83
80	52.0	4.0	-116.0	82.0	67.0	48.0	8.0	-28.0	145.28
81	-84.0	-89.0	19.0	-58.0	37.0	-28.0	-8.0	-10.0	142.26
82	-128.0	63.0	127.0	26.0	-36.0	-6.0	-7.0	16.0	138.95
