0	52.0	127.0	-68.0	37.0	15.0	-7.0	-11.0	-2.0	118.56
1	114.0	127.0	-101.0	-41.0	15.0	-3.0	26.0	-24.0	130.07
2	-91.0	-79.0	127.0	105.0	7.0	-7.0	-1.0	-11.0	115.42
3	127.0	29.0	-97.0	-38.0	5.0	-15.0	-9.0	19.0	120.83
4	-115.0	-10.0	-29.0	91.0	12.0	1.0	0.0	19.0	118.56
5	-70.0	62.0	35.0	-2.0	1.0	13.0	7.0	-81.0	120.76
6	-51.0	-128.0	-17.0	-2.0	7.0	0.0	38.0	36.0	120.76
7	-32.0	-84.0	-49.0	-3.0	0.0	-8.0	-39.0	30.0	119.27
8	-22.0	17.0	-27.0	-7.0	-26.0	-7.0	-39.0	19.0	112.47
9	-92.0	74.0	-35.0	-46.0	36.0	1.0	1.0	-54.0	114.53
10	73.0	55.0	-25.0	4.0	-29.0	-3.0	16.0	-30.0	100.11
11	127.0	-55.0	-48.0	19.0	-2.0	4.0	-13.0	-1.0	114.53
12	-118.0	-128.0	-24.0	-17.0	-29.0	4.0	-32.0	9.0	115.42
13	93.0	5.0	38.0	-13.0	-4.0	-4.0	-5.0	-24.0	111.84
14	103.0	79.0	-84.0	61.0	10.0	6.0	-7.0	-5.0	109.35
15	-84.0	-94.0	-108.0	41.0	3.0	-7.0	14.0	29.0	85.32
16	-26.0	15.0	95.0	7.0	-3.0	-7.0	13.0	-23.0	88.35
17	127.0	29.0	23.0	9.0	-13.0	24.0	-9.0	-54.0	83.17
18	127.0	-75.0	-53.0	123.0	13.0	18.0	3.0	-5.0	88.06
19	-6.0	26.0	0.0	-76.0	4.0	-5.0	0.0	55.0	78.98
20	-91.0	20.0	13.0	-14.0	10.0	-20.0	-15.0	17.0	69.42
21	-76.0	127.0	18.0	-4.0	-19.0	-42.0	-3.0	-12.0	92.27
22	-66.0	-43.0	-47.0	-28.0	1.0	-1.0	-16.0	15.0	94.35
23	-87.0	-67.0	-121.0	103.0	11.0	6.0	9.0	11.0	78.98
24	-42.0	-34.0	-38.0	61.0	2.0	-1.0	-6.0	-77.0	113.01
25	59.0	-83.0	-27.0	-43.0	4.0	-46.0	-26.0	-12.0	104.58
26	-23.0	-24.0	38.0	-80.0	-6.0	-14.0	0.0	-16.0	76.32
27	-66.0	57.0	43.0	-69.0	-12.0	13.0	-6.0	-20.0	95.02
28	69.0	-15.0	5.0	81.0	-45.0	-11.0	-13.0	-53.0	66.44
29	-15.0	-86.0	64.0	-7.0	-7.0	13.0	4.0	-2.0	104.58
30	-105.0	71.0	-44.0	43.0	-9.0	-14.0	18.0	-1.0	66.44
31	85.0	-75.0	37.0	-78.0	15.0	23.0	0.0	-16.0	95.02
32	-9.0	-117.0	24.0	70.0	-5.0	-6.0	1.0	31.0	51.56
33	-29.0	-73.0	-75.0	-8.0	-14.0	7.0	-8.0	77.0	58.89
34	34.0	-72.0	-19.0	-95.0	14.0	17.0	-5.0	-22.0	54.77
35	-61.0	-128.0	2.0	-70.0	-6.0	-1.0	-5.0	-56.0	58.89
36	85.0	126.0	-3.0	7.0	5.0	8.0	-10.0	47.0	49.54
37	-44.0	-79.0	-75.0	-65.0	-7.0	-42.0	84.0	26.0	54.37
38	38.0	23.0	-92.0	-35.0	-8.0	3.0	-8.0	-52.0	52.51
39	-22.0	127.0	19.0	-60.0	-1.0	16.0	11.0	44.0	49.87
40	123.0	-111.0	22.0	-20.0	-15.0	-4.0	-8.0	-5.0	72.37
41	-1.0	22.0	8.0	-23.0	21.0	-7.0	-6.0	-75.0	64.69
42	38.0	127.0	-56.0	-34.0	-27.0	-6.0	9.0	-56.0	49.48
43	28.0	127.0	65.0	6.0	-19.0	-21.0	8.0	-14.0	49.51
44	31.0	99.0	110.0	14.0	-6.0	-28.0	-15.0	29.0	50.05
45	-95.0	-117.0	-26.0	2.0	-2.0	19.0	-16.0	12.0	51.03
46	-26.0	-41.0	112.0	16.0	16.0	-10.0	13.0	26.0	57.15
47	127.0	108.0	-21.0	-12.0	10.0	-2.0	4.0	25.0	51.03
48	-107.0	-89.0	-48.0	-76.0	-14.0	-14.0	-3.0	27.0	50.5
49	-128.0	-38.0	64.0	-11.0	-8.0	-14.0	-114.0	-20.0	50.28
50	-95.0	95.0	23.0	9.0	24.0	-1.0	26.0	20.0	49.87
51	127.0	39.0	-21.0	51.0	-21.0	-3.0	18.0	24.0	49.48
52	-119.0	-64.0	-52.0	-4.0	9.0	11.0	-14.0	41.0	52.51
53	48.0	74.0	45.0	-14.0	-3.0	0.0	-2.0	-38.0	50.77
54	23.0	-11.0	84.0	-15.0	-2.0	36.0	75.0	-3.0	51.15
55	12.0	-42.0	43.0	-1.0	-11.0	14.0	-1.0	-41.0	49.51
56	21.0	-93.0	-116.0	-44.0	-2.0	46.0	-3.0	-20.0	49.4
57	58.0	43.0	-59.0	-47.0	-11.0	-5.0	3.0	59.0	47.96
58	-6.0	-113.0	-43.0	10.0	-7.0	2.0	7.0	21.0	58.07
59	41.0	0.0	99.0	64.0	-4.0	23.0	13.0	-24.0	60.62
60	-35.0	-29.0	-121.0	26.0	8.0	-14.0	3.0	9.0	72.37
61	-61.0	5.0	-35.0	-18.0	3.0	14.0	-40.0	29.0	54.77
62	28.0	-22.0	-71.0	-30.0	-7.0	3.0	-10.0	-13.0	59.69
63	-1.0	-93.0	-100.0	30.0	5.0	-29.0	10.0	33.0	58.07
64	-58.0	-112.0	-30.0	-78.0	13.0	-4.0	6.0	-20.0	59.63
65	-40.0	99.0	-51.0	7.0	-2.0	9.0	14.0	0.0	57.15
66	21.0	80.0	127.0	-47.0	13.0	-3.0	10.0	35.0	57.98
67	127.0	18.0	20.0	19.0	10.0	13.0	-13.0	-52.0	51.56
68	-128.0	51.0	-20.0	49.0	0.0	0.0	17.0	36.0	62.39
69	38.0	36.0	-120.0	-43.0	-8.0	1.0	7.0	8.0	66.92
70	-43.0	-97.0	-32.0	101.0	-11.0	-3.0	3.0	-62.0	75.43
71	29.0	-128.0	-78.0	33.0	34.0	18.0	-24.0	-49.0	69.42
72	59.0	66.0	21.0	-30.0	20.0	13.0	28.0	47.0	66.43
73	38.0	-67.0	64.0	-106.0	58.0	-6.0	4.0	14.0	88.35
74	-52.0	-123.0	-16.0	68.0	13.0	-21.0	6.0	-56.0	60.62
75	115.0	109.0	-45.0	-42.0	-17.0	-46.0	7.0	-7.0	72.26
76	50.0	101.0	-26.0	-76.0	-3.0	1.0	-14.0	-10.0	75.43
77	-127.0	127.0	33.0	11.0	-14.0	-5.0	14.0	2.0	78.9
78	22.0	-128.0	61.0	13.0	9.0	-4.0	-13.0	-86.0	83.17
79	114.0	74.0	6.0	-32.0	9.0	-9.0	-7.0	15.0	109.35
80	127.0	-128.0	-50.0	-10.0	-4.0	5.0	10.0	-38.0	92.86
81	127.0	-10.0	-121.0	-47.0	-21.0	-19.0	0.0	26.0	98.7
82	29.0	27.0	-1.0	71.0	-11.0	10.0	-6.0	-57.0	115.3
83	-76.0	-69.0	-73.0	-6.0	-9.0	1.0	-7.0	55.0	94.35
84	-58.0	127.0	-108.0	13.0	-2.0	0.0	-2.0	55.0	117.98
85	75.0	-81.0	90.0	46.0	15.0	9.0	2.0	36.0	130.07
86	-110.0	-78.0	10.0	11.0	-11.0	19.0	32.0	-72.0	120.34
