0	-9.0	-128.0	29.0	-12.0	66.0	-48.0	-29.0	12.0	161.26
1	-29.0	22.0	-28.0	36.0	71.0	59.0	51.0	-8.0	165.69
2	83.0	-52.0	-21.0	-36.0	21.0	-128.0	-60.0	12.0	162.38
3	-16.0	2.0	-40.0	25.0	6.0	78.0	19.0	-27.0	165.58
4	64.0	16.0	36.0	26.0	25.0	56.0	-3.0	-6.0	165.58
5	78.0	-64.0	5.0	-2.0	127.0	-50.0	115.0	-7.0	170.08
6	38.0	3.0	-6.0	9.0	-19.0	117.0	86.0	71.0	170.91
7	27.0	-22.0	29.0	12.0	51.0	115.0	-13.0	-106.0	171.12
8	68.0	-42.0	-15.0	-16.0	29.0	-4.0	45.0	8.0	172.04
9	-115.0	-29.0	-34.0	-85.0	-40.0	19.0	54.0	127.0	172.04
10	21.0	-68.0	-40.0	-17.0	6.0	-95.0	-15.0	47.0	172.33
11	49.0	72.0	97.0	29.0	67.0	-51.0	-67.0	-15.0	172.35
12	-59.0	-10.0	-4.0	3.0	45.0	58.0	-29.0	22.0	172.41
13	6.0	-12.0	-19.0	9.0	-50.0	54.0	-6.0	-128.0	172.35
14	31.0	1.0	-21.0	1.0	-13.0	-47.0	8.0	69.0	177.57
15	-9.0	4.0	-6.0	14.0	127.0	127.0	-88.0	46.0	171.96
16	7.0	10.0	5.0	18.0	-47.0	-60.0	-24.0	55.0	171.96
17	-43.0	-23.0	41.0	101.0	59.0	39.0	-4.0	44.0	171.12
18	16.0	32.0	-3.0	54.0	-67.0	21.0	82.0	-55.0	165.01
19	-10.0	1.0	36.0	12.0	-65.0	76.0	31.0	-15.0	166.06
20	-58.0	-29.0	-12.0	-68.0	119.0	-63.0	-67.0	41.0	170.34
21	-128.0	22.0	-13.0	17.0	123.0	25.0	6.0	37.0	161.26
22	-13.0	17.0	-20.0	-8.0	124.0	-73.0	25.0	98.0	160.66
23	-22.0	16.0	-3.0	127.0	127.0	42.0	18.0	-17.0	170.34
24	-22.0	81.0	-18.0	34.0	-13.0	47.0	57.0	98.0	162.05
25	102.0	-30.0	127.0	-90.0	-62.0	-34.0	-67.0	85.0	153.52
26	-63.0	10.0	4.0	26.0	127.0	-16.0	16.0	-44.0	162.18
27	83.0	0.0	121.0	46.0	100.0	-24.0	97.0	117.0	144.7
28	-5.0	16.0	-5.0	19.0	-26.0	-53.0	0.0	69.0	157.67
29	-40.0	23.0	-12.0	0.0	-53.0	127.0	-74.0	23.0	128.59
30	-84.0	-26.0	12.0	127.0	-128.0	117.0	-8.0	-7.0	155.21
31	7.0	-10.0	-17.0	0.0	4.0	-112.0	-20.0	46.0	129.14
32	47.0	127.0	-9.0	-79.0	64.0	-94.0	31.0	12.0	131.59
33	41.0	79.0	127.0	50.0	17.0	-71.0	24.0	43.0	135.27
34	-73.0	-56.0	-12.0	18.0	17.0	59.0	70.0	12.0	140.13
35	116.0	-14.0	13.0	77.0	-11.0	-74.0	11.0	19.0	140.13
36	127.0	70.0	9.0	35.0	38.0	127.0	2.0	-23.0	123.19
37	16.0	-42.0	67.0	114.0	24.0	127.0	-54.0	-17.0	130.88
38	9.0	16.0	-9.0	-17.0	-28.0	-74.0	52.0	-15.0	138.56
39	58.0	-28.0	-3.0	-20.0	69.0	0.0	-64.0	84.0	147.87
40	54.0	48.0	120.0	122.0	102.0	94.0	-43.0	25.0	142.43
41	61.0	-36.0	31.0	-5.0	-13.0	54.0	49.0	50.0	147.0
42	38.0	54.0	-25.0	-1.0	-36.0	127.0	-33.0	-36.0	142.43
43	49.0	-12.0	62.0	50.0	55.0	81.0	127.0	1.0	160.1
44	-17.0	15.0	22.0	0.0	9.0	101.0	-34.0	70.0	146.57
45	48.0	-72.0	5.0	-64.0	0.0	63.0	69.0	83.0	150.0
46	-2.0	48.0	-77.0	-13.0	-34.0	127.0	-88.0	-1.0	134.98
47	27.0	-91.0	-9.0	42.0	-47.0	-82.0	49.0	77.0	130.88
48	-10.0	76.0	20.0	-19.0	127.0	-87.0	19.0	44.0	130.56
49	28.0	10.0	-8.0	116.0	-54.0	18.0	-94.0	30.0	126.14
50	-58.0	4.0	-5.0	-63.0	-59.0	-81.0	-21.0	-128.0	104.54
51	99.0	-5.0	22.0	-90.0	127.0	127.0	20.0	-102.0	117.87
52	-10.0	-89.0	1.0	119.0	-123.0	125.0	16.0	23.0	112.96
53	-78.0	32.0	41.0	-24.0	41.0	22.0	84.0	97.0	104.54
54	127.0	127.0	0.0	-4.0	-51.0	-47.0	-59.0	-42.0	105.48
55	-108.0	-35.0	28.0	25.0	17.0	-94.0	14.0	73.0	104.48
56	30.0	3.0	36.0	-2.0	112.0	70.0	-20.0	46.0	117.87
57	8.0	64.0	27.0	-17.0	33.0	-66.0	127.0	110.0	106.73
58	-16.0	127.0	4.0	11.0	-58.0	42.0	11.0	-83.0	120.43
59	-106.0	-72.0	27.0	52.0	55.0	-14.0	14.0	98.0	105.48
60	-59.0	-3.0	-5.0	-20.0	55.0	-49.0	51.0	25.0	122.83
61	-16.0	30.0	-17.0	27.0	-41.0	-74.0	17.0	104.0	120.43
62	70.0	5.0	1.0	89.0	97.0	-24.0	-66.0	-40.0	131.23
63	-14.0	-9.0	-48.0	-15.0	127.0	-50.0	34.0	34.0	123.19
64	49.0	-16.0	3.0	-5.0	-109.0	-52.0	52.0	23.0	118.78
65	22.0	-9.0	65.0	14.0	-5.0	-94.0	-78.0	46.0	124.73
66	17.0	-34.0	0.0	-32.0	82.0	-44.0	103.0	-78.0	127.39
67	-81.0	-26.0	-15.0	-19.0	-2.0	15.0	71.0	49.0	124.73
68	53.0	64.0	16.0	-22.0	-6.0	-69.0	28.0	50.0	117.46
69	-21.0	29.0	27.0	-37.0	35.0	53.0	-46.0	40.0	144.7
70	83.0	125.0	37.0	-14.0	20.0	110.0	-80.0	64.0	127.03
71	113.0	94.0	-47.0	17.0	-16.0	26.0	6.0	109.0	128.59
72	-13.0	22.0	-35.0	-18.0	-110.0	89.0	117.0	-110.0	127.39
73	21.0	-21.0	-91.0	30.0	-26.0	111.0	68.0	-23.0	160.1
74	10.0	-82.0	-5.0	-8.0	-111.0	120.0	-3.0	98.0	147.0
75	-20.0	-25.0	13.0	17.0	-82.0	125.0	-74.0	-12.0	147.87
76	0.0	13.0	-48.0	17.0	-15.0	111.0	119.0	9.0	153.71
77	77.0	34.0	12.0	-31.0	127.0	23.0	117.0	30.0	157.67
78	108.0	32.0	31.0	18.0	38.0	-38.0	43.0	1.0	150.62
79	1.0	9.0	74.0	117.0	88.0	85.0	85.0	-77.0	156.89
80	127.0	23.0	6.0	11.0	111.0	55.0	27.0	-2.0	138.56
81	1.0	2.0	4.0	-6.0	18.0	127.0	-4.0	71.0	153.71
82	-5.0	-19.0	13.0	26.0	-76.0	0.0	11.0	95.0	153.52
83	-62.0	119.0	-15.0	25.0	127.0	-52.0	-27.0	127.0	162.18
84	31.0	49.0	16.0	-21.0	40.0	1.0	-47.0	19.0	157.1
85	39.0	-12.0	15.0	12.0	-40.0	125.0	92.0	-98.0	171.64
86	31.0	71.0	0.0	-128.0	-111.0	70.0	32.0	-57.0	165.23
87	9.0	-29.0	-9.0	17.0	-95.0	7.0	-77.0	-104.0	165.69
