0	-3.0	-128.0	-2.0	-6.0	-2.0	2.0	-2.0	-22.0	137.07
1	48.0	1.0	-10.0	-8.0	-1.0	1.0	1.0	-10.0	135.83
2	-31.0	0.0	2.0	0.0	-8.0	-1.0	0.0	6.0	142.23
3	-3.0	2.0	-17.0	2.0	-7.0	0.0	1.0	-3.0	145.61
4	-8.0	-5.0	1.0	-17.0	-2.0	-2.0	0.0	1.0	142.57
5	0.0	-118.0	0.0	4.0	-3.0	-1.0	-1.0	-1.0	143.03
6	-67.0	0.0	-1.0	-14.0	-1.0	10.0	1.0	-20.0	143.25
7	127.0	1.0	13.0	2.0	-1.0	0.0	-1.0	18.0	138.82
8	-2.0	9.0	-9.0	-3.0	7.0	1.0	-2.0	4.0	143.11
9	-3.0	4.0	-1.0	-6.0	-2.0	-12.0	-6.0	-25.0	143.03
10	-57.0	-1.0	4.0	2.0	-2.0	4.0	0.0	2.0	144.75
11	0.0	-104.0	19.0	3.0	-1.0	-2.0	1.0	3.0	143.25
12	127.0	-3.0	-5.0	34.0	0.0	1.0	-11.0	11.0	153.7
13	93.0	1.0	-97.0	-7.0	-3.0	1.0	18.0	-6.0	153.25
14	-128.0	16.0	-53.0	-5.0	10.0	-8.0	0.0	-7.0	157.27
15	1.0	-1.0	59.0	-6.0	13.0	-2.0	-1.0	13.0	156.85
16	95.0	-4.0	71.0	-4.0	-2.0	0.0	-12.0	-12.0	149.03
17	-74.0	-128.0	0.0	-5.0	-2.0	1.0	-8.0	44.0	144.36
18	-2.0	2.0	-3.0	0.0	2.0	-1.0	0.0	-5.0	136.31
19	-1.0	-102.0	-2.0	-1.0	-2.0	-2.0	1.0	2.0	142.23
20	-33.0	3.0	88.0	7.0	3.0	-3.0	2.0	0.0	144.15
21	-119.0	-39.0	88.0	-5.0	0.0	-2.0	-5.0	-2.0	144.64
22	44.0	-77.0	51.0	-16.0	-2.0	1.0	-2.0	-2.0	150.56
23	-12.0	0.0	1.0	0.0	-2.0	-8.0	-2.0	3.0	145.34
24	-1.0	1.0	55.0	28.0	-1.0	0.0	5.0	1.0	149.03
25	-85.0	-23.0	-3.0	-2.0	1.0	1.0	1.0	-17.0	163.07
26	2.0	4.0	-3.0	11.0	-6.0	7.0	-2.0	-2.0	158.48
27	23.0	-10.0	-7.0	-29.0	6.0	-1.0	-4.0	-1.0	157.27
28	9.0	-2.0	14.0	-8.0	-7.0	1.0	-2.0	6.0	158.57
29	-128.0	6.0	-4.0	3.0	1.0	2.0	3.0	0.0	141.54
30	-3.0	-2.0	68.0	-2.0	3.0	0.0	-1.0	28.0	128.64
31	-4.0	2.0	-6.0	7.0	0.0	-1.0	3.0	42.0	127.66
32	-3.0	1.0	-1.0	2.0	-11.0	1.0	-11.0	-16.0	128.64
33	2.0	0.0	9.0	0.0	-1.0	-3.0	3.0	1.0	134.72
34	20.0	127.0	-40.0	-9.0	-2.0	1.0	13.0	-1.0	137.49
35	-1.0	-2.0	-38.0	5.0	6.0	-8.0	0.0	-33.0	141.52
36	-53.0	-84.0	4.0	1.0	0.0	4.0	8.0	8.0	154.47
37	26.0	108.0	-2.0	28.0	-3.0	11.0	-5.0	-2.0	155.6
38	0.0	1.0	-33.0	-3.0	3.0	-4.0	-5.0	29.0	155.6
39	5.0	1.0	0.0	2.0	-3.0	-1.0	1.0	-2.0	165.12
40	-33.0	-83.0	-94.0	-11.0	-4.0	-2.0	3.0	1.0	165.12
41	2.0	-5.0	19.0	-17.0	0.0	-3.0	5.0	-40.0	166.68
42	49.0	-8.0	0.0	-2.0	-2.0	-6.0	0.0	-19.0	164.97
43	-117.0	-3.0	11.0	-2.0	-16.0	1.0	-2.0	-3.0	161.52
44	-3.0	-1.0	-1.0	20.0	-5.0	-16.0	-4.0	8.0	166.68
45	-111.0	-1.0	-57.0	9.0	-1.0	0.0	0.0	-1.0	163.07
46	-10.0	-79.0	76.0	-29.0	1.0	-1.0	-2.0	-5.0	157.57
47	-46.0	25.0	-31.0	-2.0	0.0	1.0	6.0	-3.0	144.75
48	5.0	7.0	89.0	-2.0	0.0	-1.0	-3.0	-12.0	144.15
49	-2.0	21.0	-91.0	-4.0	-1.0	2.0	-6.0	1.0	145.17
50	0.0	-1.0	0.0	-1.0	-8.0	-3.0	-9.0	0.0	144.01
51	127.0	53.0	36.0	2.0	-4.0	-1.0	-3.0	-2.0	141.24
52	-1.0	60.0	5.0	-1.0	-6.0	13.0	1.0	2.0	147.37
53	-5.0	-3.0	11.0	0.0	2.0	-1.0	-13.0	-3.0	154.17
54	0.0	100.0	-3.0	-5.0	-4.0	-2.0	-1.0	7.0	140.14
55	0.0	-128.0	-29.0	13.0	-10.0	-9.0	1.0	1.0	135.83
56	-2.0	60.0	1.0	-17.0	-1.0	-7.0	-6.0	8.0	139.11
57	-98.0	-32.0	-36.0	1.0	-7.0	-1.0	1.0	-26.0	142.8
58	113.0	-5.0	-1.0	-12.0	-3.0	0.0	-2.0	-1.0	142.57
59	0.0	-1.0	0.0	2.0	-1.0	0.0	-2.0	-1.0	137.49
60	-7.0	-6.0	-1.0	3.0	-1.0	-2.0	2.0	63.0	145.34
61	-128.0	-2.0	2.0	34.0	-8.0	-15.0	-2.0	-16.0	141.17
62	-49.0	-1.0	2.0	41.0	0.0	0.0	-1.0	33.0	131.68
63	62.0	127.0	-2.0	-5.0	-8.0	4.0	-2.0	-2.0	119.0
64	18.0	-2.0	-45.0	-6.0	1.0	-4.0	-17.0	26.0	127.66
65	-2.0	0.0	11.0	-20.0	-4.0	-1.0	5.0	4.0	122.3
66	-3.0	-2.0	-2.0	16.0	-9.0	-1.0	5.0	-4.0	117.84
67	29.0	-1.0	1.0	1.0	-1.0	-9.0	2.0	-4.0	117.84
68	-41.0	108.0	-11.0	-6.0	-13.0	0.0	3.0	-14.0	114.4
69	-1.0	-110.0	-6.0	-28.0	2.0	-8.0	-1.0	-2.0	114.4
70	1.0	-11.0	-1.0	0.0	13.0	-2.0	-8.0	1.0	118.86
71	18.0	5.0	-1.0	0.0	0.0	-13.0	-16.0	6.0	124.74
72	127.0	18.0	41.0	-4.0	2.0	-9.0	-3.0	-32.0	119.0
73	1.0	-2.0	13.0	-23.0	0.0	-4.0	1.0	35.0	117.96
74	0.0	-5.0	-5.0	-1.0	0.0	-1.0	-5.0	1.0	124.0
75	30.0	-2.0	52.0	33.0	1.0	-8.0	-2.0	1.0	127.21
76	-5.0	124.0	-3.0	-3.0	-7.0	-1.0	3.0	-1.0	127.21
77	-74.0	27.0	-2.0	4.0	-2.0	-1.0	-2.0	-1.0	137.8
78	2.0	91.0	-48.0	-6.0	-1.0	1.0	0.0	3.0	145.68
79	-23.0	-107.0	-2.0	-5.0	-2.0	0.0	-1.0	-52.0	144.36
80	-4.0	-107.0	1.0	-25.0	-8.0	0.0	-2.0	-1.0	144.96
81	48.0	-119.0	2.0	-15.0	-2.0	4.0	14.0	-4.0	153.7
82	3.0	127.0	-27.0	4.0	-1.0	-9.0	-11.0	76.0	141.24
83	-1.0	60.0	-2.0	0.0	1.0	-3.0	0.0	63.0	143.75
84	-5.0	0.0	-1.0	-5.0	5.0	0.0	0.0	-12.0	142.49
