0	27.0	51.0	7.0	-31.0	-12.0	-39.0	4.0	-24.0	93.49
1	-56.0	-81.0	-26.0	-128.0	14.0	-15.0	-2.0	2.0	73.84
2	-39.0	-78.0	-10.0	-19.0	13.0	-4.0	-20.0	-36.0	73.16
3	-95.0	60.0	29.0	-15.0	1.0	-7.0	-3.0	110.0	72.43
4	127.0	71.0	76.0	-45.0	4.0	13.0	-3.0	-26.0	66.21
5	118.0	-39.0	29.0	-55.0	-8.0	-12.0	1.0	-25.0	65.6
6	127.0	-54.0	68.0	93.0	22.0	0.0	-15.0	-95.0	64.66
7	-83.0	-90.0	-37.0	11.0	-33.0	60.0	19.0	-25.0	61.35
8	-128.0	24.0	54.0	-31.0	22.0	8.0	20.0	-4.0	61.35
9	99.0	-39.0	68.0	27.0	-7.0	-7.0	18.0	-17.0	38.23
10	-85.0	-54.0	-33.0	81.0	3.0	3.0	3.0	-7.0	43.58
11	-128.0	-84.0	-10.0	31.0	-2.0	7.0	0.0	-55.0	64.66
12	-11.0	-45.0	-52.0	-19.0	-7.0	-34.0	-3.0	-14.0	64.12
13	-61.0	75.0	116.0	76.0	9.0	5.0	1.0	-7.0	63.96
14	-36.0	-105.0	120.0	27.0	-3.0	-34.0	-7.0	22.0	62.52
15	-61.0	103.0	114.0	33.0	10.0	-17.0	-38.0	101.0	64.12
16	127.0	-74.0	28.0	-16.0	-9.0	-9.0	22.0	8.0	48.37
17	-24.0	-59.0	36.0	54.0	-6.0	10.0	-5.0	-13.0	36.54
18	-64.0	2.0	116.0	37.0	-5.0	-15.0	2.0	32.0	36.18
19	88.0	-67.0	-49.0	14.0	-14.0	14.0	-7.0	-13.0	37.29
20	-29.0	60.0	16.0	-26.0	8.0	0.0	13.0	-11.0	36.19
21	-106.0	31.0	92.0	82.0	-12.0	-18.0	-20.0	17.0	36.18
22	-128.0	127.0	-44.0	54.0	8.0	5.0	-19.0	-12.0	36.54
23	-80.0	-81.0	75.0	-17.0	-9.0	-9.0	-10.0	-49.0	53.76
24	127.0	-128.0	-53.0	20.0	-1.0	-12.0	-8.0	-20.0	38.23
25	-128.0	-31.0	-13.0	13.0	11.0	27.0	-9.0	-24.0	65.7
26	-44.0	123.0	13.0	-20.0	-4.0	-11.0	25.0	-23.0	65.7
27	42.0	5.0	-125.0	-49.0	-5.0	-9.0	-17.0	29.0	66.12
28	86.0	-106.0	-27.0	8.0	-10.0	12.0	-15.0	63.0	83.7
29	89.0	-3.0	-25.0	-23.0	14.0	-14.0	-16.0	7.0	83.7
30	76.0	-118.0	2.0	-22.0	3.0	-18.0	2.0	67.0	73.84
31	-80.0	25.0	16.0	25.0	-13.0	-9.0	67.0	30.0	73.15
32	-29.0	15.0	85.0	48.0	15.0	27.0	4.0	29.0	88.48
33	-85.0	-48.0	38.0	-8.0	-1.0	-26.0	-7.0	-42.0	88.48
34	2.0	127.0	-74.0	-115.0	-10.0	16.0	-13.0	-52.0	103.69
35	119.0	52.0	73.0	-128.0	1.0	-7.0	11.0	-85.0	107.57
36	127.0	-119.0	20.0	123.0	4.0	6.0	-98.0	-4.0	107.57
37	-3.0	-18.0	41.0	60.0	-2.0	13.0	6.0	3.0	102.64
38	-104.0	71.0	5.0	-67.0	-2.0	4.0	-9.0	29.0	103.73
39	-70.0	8.0	27.0	-35.0	-19.0	-19.0	7.0	54.0	114.51
40	99.0	118.0	48.0	127.0	-7.0	3.0	-18.0	48.0	106.41
41	76.0	-60.0	17.0	45.0	9.0	-4.0	-11.0	-25.0	113.28
42	-80.0	127.0	-86.0	-27.0	-10.0	-40.0	13.0	7.0	105.47
43	70.0	-27.0	-38.0	25.0	14.0	16.0	-2.0	41.0	114.53
44	-128.0	127.0	20.0	31.0	1.0	3.0	10.0	20.0	108.89
45	-5.0	75.0	-36.0	-59.0	-8.0	5.0	-2.0	-14.0	118.41
46	43.0	-99.0	-55.0	18.0	-1.0	-25.0	9.0	-8.0	119.93
47	112.0	52.0	43.0	-5.0	11.0	9.0	1.0	-28.0	120.37
48	-29.0	-90.0	-82.0	-21.0	-10.0	3.0	-28.0	-25.0	121.93
49	127.0	127.0	-110.0	-80.0	-11.0	-5.0	-3.0	-38.0	126.3
50	116.0	-128.0	3.0	22.0	27.0	-5.0	12.0	0.0	126.3
51	38.0	22.0	67.0	11.0	-11.0	29.0	-71.0	44.0	131.49
52	43.0	-106.0	-32.0	-11.0	-39.0	-18.0	1.0	55.0	129.54
53	15.0	127.0	-4.0	-62.0	28.0	8.0	76.0	-2.0	129.54
54	38.0	125.0	127.0	37.0	12.0	-12.0	-58.0	11.0	133.09
55	-30.0	4.0	56.0	8.0	11.0	23.0	6.0	-12.0	132.74
56	-18.0	127.0	77.0	-28.0	22.0	-1.0	4.0	-49.0	132.08
57	81.0	-23.0	127.0	-48.0	-19.0	7.0	1.0	38.0	132.08
58	-82.0	-118.0	73.0	35.0	-21.0	8.0	5.0	-51.0	133.09
59	123.0	97.0	-80.0	17.0	-3.0	-20.0	9.0	13.0	133.13
60	-112.0	-50.0	-109.0	-21.0	12.0	3.0	-12.0	2.0	132.95
61	59.0	77.0	-78.0	18.0	-14.0	4.0	-13.0	-16.0	128.45
62	-108.0	-90.0	44.0	56.0	4.0	31.0	7.0	47.0	128.6
63	-15.0	-45.0	-47.0	16.0	-14.0	-30.0	0.0	37.0	130.93
64	95.0	115.0	104.0	22.0	9.0	5.0	26.0	-16.0	128.6
65	-97.0	-76.0	-1.0	42.0	-2.0	20.0	-18.0	-76.0	124.69
66	115.0	-46.0	127.0	-46.0	7.0	-11.0	4.0	38.0	125.79
67	127.0	-31.0	72.0	81.0	22.0	-4.0	11.0	49.0	121.93
68	-56.0	27.0	11.0	8.0	-3.0	-17.0	-13.0	-25.0	122.4
69	-67.0	-112.0	-11.0	-20.0	-6.0	35.0	-22.0	24.0	120.37
70	-35.0	12.0	-38.0	19.0	-2.0	1.0	-8.0	28.0	114.53
71	-108.0	81.0	-19.0	72.0	54.0	0.0	45.0	-44.0	103.45
72	39.0	-24.0	-29.0	64.0	-21.0	6.0	22.0	16.0	93.49
73	116.0	9.0	-48.0	-31.0	-4.0	-9.0	-24.0	15.0	103.69
74	101.0	-25.0	-26.0	-26.0	-8.0	16.0	-2.0	1.0	106.41
75	30.0	29.0	27.0	-1.0	9.0	11.0	-21.0	-3.0	114.51
76	-83.0	-6.0	-52.0	-7.0	-42.0	9.0	5.0	0.0	104.94
77	127.0	-128.0	75.0	9.0	-12.0	-14.0	-7.0	28.0	93.23
78	-128.0	-58.0	-37.0	13.0	-11.0	-16.0	4.0	-55.0	93.66
79	65.0	-38.0	103.0	72.0	-9.0	1.0	13.0	-14.0	96.08
80	-102.0	64.0	30.0	-31.0	-8.0	-14.0	-11.0	-25.0	105.47
81	61.0	127.0	-82.0	-48.0	18.0	-20.0	-10.0	15.0	118.94
82	102.0	61.0	-60.0	76.0	-30.0	-1.0	-17.0	20.0	119.27
83	-33.0	58.0	-69.0	-13.0	14.0	13.0	6.0	22.0	104.3
