0	27.0	-29.0	-44.0	-36.0	46.0	-51.0	-90.0	9.0	143.12
1	-16.0	-50.0	59.0	78.0	9.0	22.0	58.0	-7.0	142.89
2	61.0	-1.0	-39.0	-10.0	-69.0	-7.0	83.0	49.0	142.89
3	6.0	105.0	-53.0	9.0	-15.0	10.0	5.0	-2.0	143.3
4	-19.0	118.0	70.0	-1.0	12.0	-27.0	-28.0	8.0	143.12
5	90.0	15.0	18.0	-9.0	-26.0	-50.0	79.0	23.0	141.48
6	92.0	-20.0	-21.0	-128.0	46.0	8.0	102.0	16.0	138.66
7	-90.0	-21.0	-19.0	-22.0	-15.0	10.0	-85.0	21.0	140.17
8	-50.0	95.0	11.0	77.0	-62.0	-29.0	-24.0	5.0	136.9
9	72.0	-27.0	38.0	49.0	19.0	43.0	59.0	7.0	140.17
10	127.0	-32.0	-70.0	26.0	11.0	-7.0	-90.0	-47.0	124.76
11	127.0	42.0	-105.0	95.0	-54.0	46.0	-7.0	-57.0	124.49
12	121.0	87.0	16.0	92.0	18.0	36.0	-100.0	-46.0	110.32
13	53.0	-39.0	50.0	-8.0	-38.0	-73.0	65.0	-64.0	113.24
14	-104.0	26.0	35.0	2.0	-12.0	0.0	7.0	46.0	115.88
15	127.0	-10.0	1.0	-11.0	25.0	25.0	-43.0	70.0	115.43
16	61.0	-9.0	19.0	22.0	-1.0	-45.0	-95.0	18.0	120.97
17	-128.0	-18.0	-26.0	40.0	-41.0	11.0	5.0	20.0	113.24
18	127.0	34.0	120.0	-25.0	-5.0	-11.0	80.0	-13.0	108.63
19	73.0	22.0	33.0	-30.0	3.0	-6.0	61.0	75.0	111.97
20	43.0	6.0	-19.0	-36.0	11.0	-8.0	105.0	-10.0	105.89
21	54.0	127.0	81.0	-11.0	3.0	-4.0	65.0	-83.0	104.8
22	-102.0	127.0	-19.0	25.0	8.0	3.0	55.0	23.0	105.17
23	64.0	-128.0	-105.0	-61.0	14.0	127.0	36.0	101.0	104.99
24	102.0	-9.0	54.0	-26.0	23.0	4.0	-96.0	-29.0	101.67
25	0.0	127.0	-49.0	-14.0	-61.0	-9.0	-101.0	-14.0	99.42
26	23.0	-94.0	-69.0	38.0	-1.0	-81.0	75.0	-48.0	77.28
27	48.0	-115.0	31.0	87.0	-25.0	-28.0	2.0	41.0	63.1
28	-109.0	68.0	-34.0	44.0	5.0	51.0	-3.0	54.0	76.14
29	-29.0	-76.0	48.0	14.0	-15.0	31.0	111.0	-48.0	77.77
30	-128.0	91.0	43.0	14.0	21.0	2.0	64.0	1.0	78.75
31	-121.0	-54.0	21.0	-39.0	78.0	10.0	91.0	-24.0	98.57
32	87.0	108.0	38.0	7.0	3.0	3.0	100.0	-64.0	87.16
33	-55.0	-16.0	-17.0	-28.0	-43.0	9.0	-113.0	-12.0	68.22
34	-39.0	-128.0	-96.0	49.0	21.0	-14.0	58.0	17.0	47.19
35	85.0	-55.0	-75.0	-2.0	9.0	1.0	-4.0	-27.0	58.87
36	20.0	42.0	25.0	-3.0	-34.0	-80.0	18.0	42.0	58.22
37	-120.0	78.0	-53.0	-1.0	-3.0	-45.0	8.0	21.0	67.25
38	-28.0	43.0	-12.0	-29.0	-16.0	-27.0	-67.0	92.0	99.04
39	127.0	45.0	-14.0	36.0	0.0	-10.0	28.0	15.0	99.2
40	110.0	26.0	47.0	-2.0	-28.0	-6.0	-3.0	-69.0	76.14
41	35.0	34.0	39.0	-84.0	-8.0	4.0	-55.0	25.0	101.67
42	-35.0	127.0	2.0	29.0	32.0	-25.0	-67.0	-1.0	100.03
43	121.0	-127.0	-3.0	11.0	-17.0	-31.0	57.0	23.0	63.91
44	-32.0	-32.0	31.0	17.0	-60.0	-60.0	-66.0	17.0	66.57
45	-66.0	-120.0	127.0	-1.0	16.0	28.0	-111.0	24.0	63.1
46	87.0	23.0	70.0	-30.0	-30.0	70.0	37.0	57.0	58.22
47	55.0	6.0	-7.0	-39.0	-43.0	0.0	-25.0	75.0	41.97
48	102.0	10.0	63.0	123.0	-4.0	12.0	5.0	-65.0	43.77
49	69.0	99.0	-30.0	33.0	-8.0	-32.0	106.0	44.0	41.16
50	-11.0	93.0	32.0	-3.0	12.0	5.0	-47.0	-35.0	41.97
51	-87.0	36.0	-85.0	-8.0	-5.0	40.0	44.0	-46.0	41.13
52	-121.0	79.0	-29.0	-6.0	7.0	-14.0	80.0	-9.0	47.19
53	92.0	102.0	-127.0	21.0	24.0	5.0	127.0	15.0	52.66
54	127.0	-96.0	13.0	-8.0	9.0	11.0	82.0	2.0	61.75
55	-8.0	110.0	-24.0	-82.0	31.0	-26.0	16.0	36.0	67.25
56	49.0	20.0	22.0	-128.0	15.0	33.0	127.0	82.0	63.91
57	52.0	31.0	88.0	3.0	6.0	-17.0	-6.0	-46.0	76.52
58	106.0	20.0	-75.0	23.0	-23.0	5.0	-24.0	70.0	99.04
59	-9.0	113.0	-43.0	20.0	11.0	-3.0	-52.0	-16.0	78.75
60	-95.0	96.0	16.0	11.0	-27.0	4.0	-128.0	-16.0	99.42
61	-14.0	11.0	127.0	5.0	-7.0	20.0	120.0	68.0	104.43
62	22.0	-128.0	-128.0	-1.0	40.0	-90.0	-9.0	-97.0	103.54
63	-61.0	-128.0	81.0	-56.0	-50.0	-97.0	61.0	22.0	104.8
64	15.0	-84.0	-36.0	24.0	3.0	-7.0	97.0	22.0	108.01
65	-110.0	-92.0	104.0	-49.0	-6.0	-49.0	4.0	38.0	105.17
66	22.0	115.0	22.0	127.0	-17.0	-29.0	-128.0	-92.0	105.89
67	106.0	-107.0	101.0	-14.0	-3.0	-25.0	-29.0	-4.0	108.63
68	-7.0	-85.0	14.0	125.0	-1.0	20.0	47.0	-6.0	115.43
69	10.0	-77.0	-29.0	-9.0	-25.0	-23.0	-86.0	89.0	118.25
70	-80.0	-26.0	-80.0	9.0	12.0	17.0	45.0	-78.0	118.25
71	-74.0	127.0	5.0	3.0	9.0	-13.0	-78.0	-76.0	120.78
72	-84.0	127.0	-5.0	20.0	6.0	29.0	7.0	50.0	138.49
73	34.0	32.0	-128.0	31.0	-18.0	-5.0	-14.0	-13.0	138.66
74	127.0	-12.0	-58.0	-16.0	0.0	-12.0	-77.0	-40.0	142.56
75	-7.0	116.0	28.0	15.0	-31.0	-97.0	-128.0	11.0	136.9
76	8.0	-94.0	75.0	23.0	-27.0	12.0	19.0	-7.0	135.7
77	79.0	-23.0	-68.0	26.0	2.0	-39.0	16.0	-13.0	129.33
78	93.0	-119.0	-7.0	-18.0	-7.0	21.0	35.0	-21.0	131.78
79	-7.0	121.0	127.0	22.0	15.0	107.0	34.0	51.0	124.49
80	-100.0	127.0	5.0	9.0	-8.0	12.0	-63.0	14.0	129.33
81	69.0	115.0	87.0	18.0	4.0	-5.0	25.0	58.0	135.62
82	24.0	5.0	-11.0	-82.0	7.0	21.0	55.0	4.0	129.74
83	-117.0	-91.0	11.0	-4.0	-10.0	113.0	106.0	7.0	134.54
84	-38.0	-77.0	43.0	-100.0	12.0	-62.0	70.0	17.0	141.67
