0	103.0	127.0	-9.0	-47.0	-23.0	5.0	-20.0	54.0	36.09
1	48.0	59.0	-72.0	-13.0	-4.0	8.0	-2.0	42.0	50.04
2	96.0	-128.0	41.0	-2.0	24.0	-14.0	8.0	-3.0	33.92
3	-16.0	71.0	-27.0	28.0	2.0	9.0	-11.0	34.0	34.39
4	3.0	11.0	-23.0	-39.0	-5.0	8.0	12.0	61.0	37.49
5	10.0	-84.0	123.0	27.0	3.0	-4.0	-10.0	16.0	38.12
6	45.0	-24.0	-56.0	-27.0	-17.0	8.0	-4.0	85.0	42.82
7	-14.0	64.0	-20.0	1.0	-14.0	5.0	6.0	-35.0	49.24
8	3.0	-59.0	108.0	-28.0	6.0	-2.0	2.0	10.0	50.04
9	39.0	96.0	108.0	-48.0	8.0	-27.0	3.0	12.0	56.37
10	14.0	59.0	-128.0	-11.0	-6.0	6.0	-3.0	-21.0	60.77
11	71.0	22.0	-68.0	29.0	-2.0	-3.0	-2.0	-7.0	71.92
12	77.0	-16.0	28.0	59.0	-3.0	-9.0	5.0	16.0	71.92
13	72.0	50.0	113.0	41.0	1.0	9.0	13.0	10.0	78.76
14	-44.0	-1.0	-121.0	-9.0	24.0	16.0	22.0	-25.0	88.68
15	127.0	-30.0	12.0	19.0	34.0	2.0	-4.0	15.0	77.83
16	-123.0	127.0	18.0	4.0	5.0	-8.0	11.0	5.0	80.1
17	92.0	39.0	34.0	8.0	-46.0	16.0	10.0	14.0	91.65
18	53.0	67.0	-49.0	-78.0	-15.0	-9.0	-14.0	7.0	91.65
19	-128.0	-103.0	61.0	8.0	24.0	0.0	-4.0	20.0	84.5
20	-76.0	-36.0	-90.0	-44.0	-6.0	37.0	-4.0	-70.0	95.12
21	105.0	23.0	-128.0	59.0	10.0	7.0	-2.0	-16.0	94.4
22	127.0	127.0	-4.0	-28.0	8.0	-11.0	4.0	-25.0	95.12
23	35.0	24.0	98.0	-66.0	8.0	0.0	-51.0	32.0	97.35
24	11.0	-9.0	-71.0	-120.0	-33.0	0.0	-7.0	23.0	100.85
25	62.0	54.0	53.0	47.0	40.0	-8.0	5.0	-9.0	101.48
26	127.0	-45.0	-11.0	69.0	6.0	1.0	-7.0	15.0	113.22
27	89.0	-4.0	42.0	-58.0	-3.0	-12.0	-41.0	40.0	110.23
28	117.0	-70.0	-63.0	-6.0	4.0	9.0	-9.0	65.0	101.48
29	95.0	-76.0	-74.0	4.0	4.0	-11.0	8.0	5.0	108.29
30	-81.0	48.0	-91.0	4.0	17.0	-18.0	-10.0	4.0	106.18
31	64.0	-128.0	100.0	56.0	-5.0	14.0	26.0	47.0	114.76
32	-109.0	4.0	70.0	-17.0	-5.0	25.0	-5.0	-7.0	118.09
33	-2.0	127.0	-29.0	34.0	0.0	-46.0	-8.0	31.0	117.67
34	-31.0	75.0	87.0	6.0	11.0	-9.0	-16.0	12.0	118.51
35	127.0	43.0	108.0	38.0	-12.0	14.0	23.0	-35.0	119.93
36	-91.0	127.0	57.0	44.0	0.0	-38.0	5.0	30.0	121.15
37	-19.0	-87.0	-70.0	-1.0	-21.0	30.0	-27.0	-12.0	120.33
38	46.0	100.0	116.0	70.0	0.0	10.0	12.0	-22.0	120.78
39	-13.0	45.0	-65.0	-21.0	2.0	24.0	2.0	-1.0	121.16
40	-43.0	-33.0	92.0	3.0	-5.0	-3.0	2.0	4.0	121.15
41	127.0	64.0	-43.0	-76.0	-7.0	-4.0	2.0	26.0	119.93
42	92.0	65.0	-9.0	-18.0	-4.0	-30.0	-8.0	10.0	118.51
43	10.0	-7.0	53.0	-100.0	1.0	5.0	9.0	-67.0	117.67
44	65.0	-63.0	16.0	-97.0	-8.0	-4.0	2.0	-11.0	116.37
45	-65.0	98.0	-68.0	-5.0	9.0	-28.0	3.0	-23.0	113.22
46	127.0	87.0	43.0	3.0	-9.0	4.0	2.0	-46.0	108.29
47	65.0	106.0	-21.0	18.0	8.0	-2.0	1.0	30.0	100.01
48	40.0	-47.0	0.0	92.0	7.0	-3.0	9.0	-7.0	97.35
49	-57.0	18.0	-20.0	73.0	8.0	8.0	10.0	100.0	86.2
50	-80.0	24.0	33.0	9.0	2.0	41.0	5.0	15.0	88.68
51	-57.0	11.0	11.0	-127.0	-3.0	-23.0	11.0	-15.0	80.1
52	-51.0	67.0	52.0	27.0	-19.0	5.0	2.0	8.0	86.2
53	1.0	-43.0	68.0	12.0	-5.0	-17.0	21.0	-94.0	77.83
54	-49.0	19.0	19.0	-14.0	-18.0	13.0	5.0	54.0	75.9
55	-78.0	114.0	93.0	-21.0	9.0	2.0	10.0	-81.0	83.62
56	-64.0	84.0	-17.0	127.0	9.0	-11.0	3.0	-51.0	75.55
57	-128.0	-18.0	-8.0	9.0	-15.0	0.0	-8.0	6.0	72.7
58	66.0	-28.0	-11.0	-30.0	10.0	3.0	11.0	-13.0	72.7
59	21.0	-23.0	15.0	61.0	12.0	11.0	20.0	-32.0	66.94
60	111.0	61.0	12.0	12.0	-20.0	12.0	-6.0	-40.0	58.06
61	-60.0	64.0	-105.0	37.0	-6.0	7.0	-30.0	41.0	61.42
62	38.0	25.0	20.0	-50.0	-11.0	-7.0	1.0	39.0	63.94
63	-99.0	-128.0	2.0	-20.0	-6.0	2.0	-4.0	-1.0	60.77
64	37.0	-95.0	4.0	6.0	10.0	6.0	-4.0	-24.0	68.53
65	-26.0	-107.0	16.0	-49.0	-4.0	13.0	2.0	-22.0	63.94
66	-22.0	-38.0	31.0	-4.0	5.0	-5.0	6.0	30.0	56.08
67	24.0	91.0	-44.0	102.0	28.0	-25.0	9.0	-38.0	65.69
68	19.0	88.0	2.0	-8.0	-6.0	0.0	-3.0	56.0	56.28
69	-28.0	-24.0	-38.0	-120.0	-16.0	-3.0	-3.0	-77.0	50.79
70	-77.0	-103.0	-51.0	-33.0	7.0	1.0	-4.0	39.0	54.23
71	-6.0	127.0	56.0	27.0	6.0	-17.0	1.0	-73.0	54.23
72	127.0	88.0	-45.0	-39.0	-20.0	1.0	-18.0	17.0	40.49
73	124.0	7.0	58.0	20.0	8.0	19.0	22.0	11.0	38.07
74	-56.0	34.0	46.0	-17.0	2.0	-2.0	-1.0	21.0	33.52
75	5.0	-83.0	11.0	-5.0	-8.0	-6.0	-13.0	0.0	32.9
76	127.0	-30.0	52.0	47.0	1.0	6.0	10.0	14.0	32.9
77	-116.0	7.0	83.0	-31.0	7.0	12.0	10.0	1.0	33.07
78	-128.0	-9.0	-36.0	-1.0	-7.0	-8.0	-5.0	-23.0	33.52
79	12.0	9.0	-48.0	-57.0	-26.0	-15.0	5.0	14.0	36.09
80	-128.0	-103.0	101.0	0.0	8.0	3.0	-9.0	-38.0	40.49
81	20.0	-23.0	-27.0	64.0	-8.0	-2.0	-3.0	14.0	50.79
82	-92.0	-105.0	-128.0	4.0	5.0	0.0	-14.0	-2.0	56.28
83	111.0	-30.0	-102.0	-100.0	-9.0	10.0	0.0	86.0	51.02
84	-38.0	9.0	-102.0	-58.0	-1.0	3.0	7.0	-25.0	50.86
85	-128.0	-128.0	26.0	39.0	4.0	-17.0	-6.0	59.0	49.24
