0	127.0	-50.0	0.0	102.0	4.0	-31.0	-3.0	-12.0	106.94
1	-42.0	60.0	-87.0	-47.0	-13.0	22.0	-16.0	-18.0	104.39
2	126.0	-70.0	-19.0	-114.0	-17.0	-9.0	-69.0	33.0	105.56
3	39.0	27.0	7.0	49.0	-9.0	32.0	54.0	-32.0	116.33
4	12.0	-6.0	76.0	-1.0	34.0	-53.0	50.0	-99.0	120.89
5	127.0	-128.0	-25.0	-74.0	32.0	2.0	79.0	-17.0	117.63
6	116.0	52.0	-109.0	21.0	-6.0	-13.0	-38.0	90.0	110.42
7	-19.0	-36.0	-112.0	106.0	31.0	84.0	-6.0	32.0	99.63
8	42.0	24.0	13.0	-34.0	-6.0	-12.0	-22.0	22.0	99.76
9	112.0	40.0	-2.0	-117.0	35.0	17.0	8.0	127.0	108.47
10	67.0	6.0	-128.0	-13.0	4.0	49.0	0.0	-37.0	108.47
11	-51.0	-84.0	33.0	-11.0	-30.0	37.0	95.0	-2.0	114.69
12	48.0	-108.0	80.0	7.0	4.0	-58.0	-7.0	58.0	122.74
13	127.0	-46.0	-29.0	5.0	15.0	-42.0	-128.0	-39.0	116.33
14	-118.0	-119.0	-18.0	11.0	4.0	-6.0	-27.0	-47.0	120.89
15	50.0	15.0	118.0	-128.0	4.0	-7.0	18.0	20.0	120.6
16	112.0	-64.0	-107.0	17.0	31.0	-12.0	2.0	65.0	124.26
17	127.0	127.0	-107.0	75.0	3.0	0.0	37.0	-23.0	128.41
18	32.0	-28.0	127.0	-15.0	2.0	2.0	-6.0	-35.0	124.26
19	-102.0	-37.0	37.0	-109.0	-10.0	-29.0	31.0	51.0	124.09
20	0.0	-42.0	1.0	91.0	2.0	12.0	-123.0	-120.0	129.6
21	-56.0	-88.0	-128.0	70.0	55.0	-28.0	-57.0	-5.0	130.04
22	-56.0	25.0	-65.0	27.0	-9.0	-13.0	-22.0	-9.0	140.48
23	127.0	3.0	58.0	9.0	1.0	17.0	-24.0	52.0	133.55
24	-25.0	-16.0	36.0	-7.0	-7.0	65.0	-43.0	23.0	143.8
25	2.0	-77.0	-14.0	-106.0	-9.0	-4.0	2.0	-3.0	136.48
26	14.0	-76.0	33.0	91.0	8.0	-33.0	122.0	65.0	144.98
27	-112.0	-13.0	45.0	9.0	20.0	96.0	-53.0	-15.0	135.16
28	86.0	-128.0	13.0	49.0	24.0	7.0	-37.0	12.0	144.85
29	36.0	108.0	-62.0	3.0	0.0	7.0	-49.0	-3.0	144.98
30	-73.0	6.0	-128.0	3.0	-13.0	-50.0	-35.0	-5.0	142.67
31	0.0	40.0	67.0	-17.0	-5.0	-11.0	27.0	-20.0	138.5
32	-95.0	127.0	-11.0	127.0	-27.0	7.0	27.0	93.0	133.56
33	17.0	38.0	47.0	19.0	4.0	26.0	48.0	-56.0	133.55
34	-128.0	-27.0	12.0	-19.0	7.0	-4.0	-50.0	0.0	129.6
35	127.0	-118.0	19.0	13.0	-14.0	-33.0	-15.0	-45.0	128.55
36	-128.0	127.0	23.0	-19.0	-7.0	-74.0	10.0	40.0	131.92
37	-96.0	-31.0	-18.0	-24.0	14.0	2.0	51.0	24.0	135.16
38	-35.0	-128.0	107.0	-32.0	-9.0	5.0	-27.0	26.0	145.58
39	61.0	62.0	16.0	-21.0	-29.0	-12.0	37.0	61.0	145.69
40	-107.0	104.0	62.0	3.0	-9.0	18.0	-106.0	-75.0	145.58
41	63.0	89.0	87.0	-68.0	1.0	4.0	-20.0	-60.0	142.67
42	-74.0	-91.0	-119.0	62.0	4.0	90.0	-81.0	26.0	142.26
43	-126.0	-128.0	16.0	10.0	4.0	4.0	-14.0	7.0	145.52
44	-128.0	-55.0	-8.0	-24.0	23.0	-33.0	-78.0	40.0	139.48
45	127.0	0.0	-29.0	10.0	-18.0	17.0	9.0	-28.0	138.5
46	-48.0	-128.0	95.0	43.0	4.0	6.0	-69.0	20.0	142.26
47	-63.0	103.0	-35.0	1.0	8.0	30.0	89.0	-27.0	131.19
48	113.0	66.0	-128.0	105.0	3.0	17.0	69.0	33.0	130.04
49	82.0	26.0	120.0	-116.0	0.0	-28.0	-22.0	4.0	129.46
50	-128.0	33.0	19.0	-46.0	-3.0	-11.0	-10.0	34.0	124.09
51	0.0	126.0	-25.0	28.0	8.0	-87.0	11.0	75.0	106.94
52	20.0	-68.0	79.0	-63.0	-15.0	15.0	35.0	-17.0	98.0
53	-127.0	88.0	-128.0	14.0	3.0	12.0	-40.0	28.0	97.18
54	-74.0	90.0	-5.0	-45.0	-5.0	20.0	22.0	-52.0	94.07
55	67.0	90.0	-76.0	-13.0	-10.0	3.0	-95.0	-25.0	70.11
56	-56.0	-128.0	72.0	14.0	-4.0	-11.0	15.0	94.0	71.14
57	127.0	11.0	-4.0	8.0	-3.0	0.0	-29.0	18.0	55.78
58	54.0	127.0	10.0	25.0	-6.0	-29.0	26.0	-30.0	60.09
59	-23.0	-76.0	-4.0	18.0	17.0	8.0	-34.0	-33.0	95.87
60	-10.0	-17.0	-104.0	36.0	10.0	0.0	-1.0	4.0	63.61
61	-77.0	-76.0	122.0	13.0	9.0	-36.0	-67.0	70.0	68.93
62	-45.0	-50.0	-34.0	2.0	-13.0	38.0	-40.0	9.0	57.43
63	42.0	58.0	-6.0	-13.0	18.0	-10.0	49.0	-14.0	70.11
64	-128.0	-94.0	5.0	-44.0	1.0	-10.0	-60.0	26.0	58.12
65	96.0	-64.0	62.0	-2.0	-50.0	11.0	-123.0	2.0	67.98
66	119.0	-62.0	-25.0	-25.0	35.0	-7.0	-5.0	-37.0	58.0
67	14.0	97.0	-128.0	-114.0	-89.0	-11.0	-30.0	8.0	72.28
68	112.0	63.0	-9.0	-20.0	23.0	-3.0	-34.0	-12.0	64.55
69	-91.0	-69.0	-53.0	80.0	-14.0	-4.0	-52.0	3.0	60.09
70	48.0	4.0	112.0	-2.0	-59.0	8.0	44.0	37.0	58.12
71	11.0	-128.0	-33.0	113.0	-21.0	-35.0	-67.0	-47.0	58.46
72	48.0	-1.0	22.0	16.0	-36.0	35.0	-32.0	-26.0	93.48
73	32.0	-19.0	61.0	-34.0	29.0	-8.0	-24.0	7.0	68.93
74	-100.0	-13.0	-47.0	-19.0	-22.0	-79.0	-23.0	-2.0	96.97
75	-15.0	106.0	70.0	-128.0	15.0	-6.0	30.0	16.0	99.76
76	127.0	23.0	20.0	-46.0	40.0	24.0	10.0	-21.0	72.28
77	-104.0	-107.0	-104.0	-128.0	-13.0	-2.0	-14.0	21.0	99.44
78	58.0	127.0	18.0	-21.0	-2.0	13.0	64.0	90.0	57.43
79	8.0	59.0	-107.0	80.0	17.0	8.0	-24.0	9.0	93.48
80	-12.0	76.0	19.0	-12.0	-11.0	32.0	1.0	-52.0	95.87
81	-128.0	-46.0	-128.0	47.0	0.0	-10.0	-4.0	-17.0	98.97
82	-89.0	17.0	103.0	-27.0	-74.0	7.0	3.0	4.0	98.0
83	43.0	113.0	-106.0	-11.0	-47.0	-9.0	-14.0	42.0	102.39
84	-47.0	-50.0	104.0	15.0	13.0	32.0	76.0	-17.0	99.44
85	-33.0	122.0	14.0	-53.0	10.0	-13.0	-17.0	-2.0	100.66
