0	127.0	-89.0	44.0	-44.0	12.0	3.0	-4.0	16.0	101.38
1	-128.0	-80.0	-5.0	-2.0	-6.0	-6.0	-10.0	-10.0	114.81
2	-52.0	-17.0	-4.0	21.0	-17.0	-3.0	-21.0	-3.0	101.9
3	127.0	12.0	-37.0	-105.0	26.0	-12.0	9.0	22.0	102.71
4	-44.0	49.0	-30.0	85.0	-11.0	4.0	10.0	10.0	111.01
5	-98.0	-128.0	-37.0	37.0	3.0	-3.0	-4.0	-14.0	105.0
6	68.0	-8.0	-113.0	-1.0	1.0	5.0	4.0	-8.0	103.52
7	-44.0	111.0	7.0	-32.0	-10.0	6.0	17.0	2.0	101.15
8	30.0	-55.0	15.0	127.0	-10.0	-3.0	-3.0	18.0	103.52
9	-121.0	113.0	21.0	-6.0	-1.0	-3.0	-2.0	3.0	101.69
10	-128.0	77.0	3.0	5.0	-4.0	-15.0	12.0	-22.0	104.11
11	-82.0	124.0	127.0	-15.0	-14.0	4.0	-20.0	57.0	115.43
12	12.0	106.0	-71.0	127.0	28.0	11.0	-2.0	-2.0	101.57
13	13.0	119.0	-34.0	34.0	15.0	4.0	9.0	-29.0	101.04
14	96.0	35.0	72.0	-6.0	-9.0	9.0	-11.0	4.0	118.37
15	127.0	100.0	-21.0	23.0	-4.0	-16.0	-7.0	22.0	105.0
16	33.0	127.0	12.0	-37.0	7.0	9.0	11.0	30.0	105.23
17	48.0	-27.0	127.0	-3.0	-12.0	6.0	3.0	7.0	109.04
18	-110.0	-46.0	-31.0	-112.0	9.0	-4.0	-7.0	-36.0	103.91
19	82.0	44.0	-18.0	-25.0	3.0	1.0	-18.0	4.0	114.81
20	31.0	45.0	-82.0	-17.0	-3.0	-10.0	-5.0	-10.0	107.33
21	-70.0	29.0	-102.0	-24.0	0.0	-20.0	23.0	-2.0	116.69
22	112.0	99.0	-10.0	32.0	7.0	6.0	-7.0	39.0	132.34
23	-71.0	-128.0	-105.0	-120.0	-3.0	-5.0	4.0	25.0	133.07
24	127.0	-56.0	36.0	10.0	13.0	14.0	10.0	4.0	124.65
25	127.0	38.0	110.0	7.0	-7.0	-8.0	-16.0	4.0	128.38
26	101.0	72.0	-2.0	-114.0	-17.0	-15.0	5.0	10.0	133.07
27	-128.0	78.0	-46.0	-3.0	5.0	-19.0	-5.0	-42.0	135.41
28	3.0	48.0	66.0	-3.0	-13.0	-10.0	-2.0	-29.0	136.26
29	-34.0	-52.0	-47.0	80.0	36.0	-3.0	18.0	27.0	135.1
30	-33.0	60.0	60.0	-85.0	12.0	-16.0	-7.0	-2.0	136.81
31	97.0	84.0	51.0	21.0	-9.0	9.0	0.0	-27.0	136.73
32	3.0	82.0	22.0	13.0	2.0	-8.0	11.0	-12.0	136.75
33	-54.0	-128.0	-101.0	8.0	-7.0	0.0	-3.0	1.0	121.7
34	97.0	64.0	111.0	48.0	-1.0	-8.0	1.0	41.0	136.14
35	-8.0	-47.0	-16.0	-128.0	5.0	-1.0	-1.0	-82.0	136.81
36	-59.0	-76.0	-12.0	112.0	-16.0	-2.0	-4.0	20.0	136.14
37	20.0	-84.0	79.0	-57.0	14.0	-18.0	-1.0	-15.0	134.43
38	63.0	127.0	-55.0	96.0	-6.0	23.0	-4.0	-59.0	132.34
39	88.0	121.0	120.0	-56.0	8.0	-2.0	2.0	-2.0	121.7
40	-90.0	35.0	-128.0	88.0	-7.0	9.0	-19.0	-20.0	119.78
41	-89.0	-50.0	107.0	19.0	-14.0	18.0	12.0	50.0	110.99
42	-88.0	-87.0	-69.0	-52.0	-4.0	-2.0	-12.0	-29.0	136.26
43	-57.0	-97.0	109.0	-92.0	7.0	12.0	-8.0	68.0	131.43
44	127.0	82.0	-2.0	-18.0	3.0	4.0	-8.0	48.0	110.99
45	-118.0	-15.0	2.0	-44.0	-1.0	-4.0	-13.0	-17.0	103.91
46	61.0	127.0	-26.0	-80.0	1.0	-2.0	4.0	38.0	102.9
47	55.0	60.0	-73.0	127.0	-15.0	10.0	7.0	5.0	109.04
48	-44.0	116.0	31.0	-36.0	-3.0	-8.0	3.0	17.0	101.69
49	82.0	111.0	50.0	41.0	0.0	-6.0	4.0	-9.0	102.11
50	26.0	54.0	49.0	-60.0	-12.0	15.0	-12.0	-41.0	101.35
51	-107.0	69.0	-66.0	-62.0	10.0	1.0	4.0	14.0	99.39
52	-1.0	-83.0	56.0	-37.0	-4.0	5.0	-9.0	-4.0	93.66
53	-94.0	-42.0	-106.0	30.0	-9.0	-12.0	5.0	-8.0	81.16
54	-71.0	31.0	4.0	-36.0	8.0	1.0	-7.0	1.0	76.27
55	38.0	116.0	11.0	-34.0	-3.0	27.0	-9.0	-38.0	76.98
56	127.0	36.0	-115.0	11.0	9.0	-17.0	-4.0	2.0	78.22
57	86.0	78.0	99.0	-35.0	21.0	12.0	-20.0	-22.0	98.06
58	17.0	-128.0	-44.0	110.0	-15.0	-7.0	35.0	-35.0	76.98
59	-16.0	-128.0	66.0	-58.0	1.0	-13.0	1.0	16.0	77.16
60	-110.0	-105.0	-128.0	39.0	-10.0	17.0	-12.0	-41.0	74.46
61	2.0	106.0	-71.0	1.0	1.0	-18.0	-3.0	39.0	76.86
62	-41.0	-62.0	85.0	95.0	4.0	-11.0	-12.0	-3.0	93.2
63	-60.0	61.0	65.0	-27.0	-7.0	26.0	18.0	-55.0	94.78
64	63.0	30.0	92.0	-9.0	-14.0	6.0	-8.0	14.0	81.88
65	75.0	-34.0	-89.0	86.0	-16.0	-11.0	11.0	-21.0	81.16
66	127.0	0.0	71.0	51.0	-10.0	-4.0	9.0	-25.0	77.16
67	-128.0	-95.0	-128.0	-40.0	1.0	17.0	-13.0	-60.0	94.78
68	-67.0	-111.0	-45.0	-128.0	0.0	-2.0	17.0	107.0	75.19
69	-128.0	91.0	-21.0	-28.0	-6.0	9.0	-27.0	36.0	71.86
70	60.0	32.0	18.0	-1.0	-25.0	-19.0	8.0	-6.0	75.19
71	-61.0	25.0	28.0	-101.0	36.0	-3.0	-19.0	29.0	80.99
72	87.0	38.0	-27.0	12.0	29.0	7.0	-2.0	-52.0	74.46
73	-13.0	-21.0	51.0	-54.0	-16.0	-3.0	14.0	54.0	76.56
74	95.0	24.0	41.0	8.0	7.0	-11.0	-7.0	-2.0	74.63
75	-114.0	-48.0	37.0	52.0	-11.0	-28.0	22.0	13.0	78.09
76	95.0	-95.0	-1.0	-75.0	2.0	22.0	6.0	-2.0	78.22
77	78.0	57.0	53.0	53.0	-17.0	1.0	-4.0	-7.0	98.07
78	104.0	127.0	11.0	3.0	-1.0	-28.0	-16.0	15.0	93.68
79	103.0	6.0	39.0	20.0	2.0	-4.0	-3.0	17.0	101.04
80	34.0	97.0	13.0	31.0	-10.0	7.0	21.0	-39.0	99.45
81	96.0	-128.0	48.0	-22.0	9.0	10.0	8.0	5.0	99.39
82	-11.0	52.0	24.0	-2.0	-7.0	2.0	0.0	3.0	98.07
83	127.0	92.0	26.0	-9.0	20.0	-11.0	-1.0	-9.0	99.45
84	33.0	-76.0	-68.0	36.0	-6.0	11.0	-8.0	-1.0	101.9
