0	127.0	-114.0	40.0	-28.0	11.0	-14.0	-3.0	11.0	131.18
1	52.0	-4.0	-8.0	38.0	1.0	7.0	14.0	25.0	127.44
2	-78.0	26.0	23.0	30.0	8.0	-10.0	-12.0	37.0	135.22
3	-99.0	-12.0	-10.0	17.0	-1.0	15.0	-6.0	-24.0	131.69
4	-18.0	127.0	40.0	-97.0	-13.0	-16.0	-3.0	-120.0	127.95
5	-9.0	-111.0	-128.0	1.0	-5.0	6.0	-1.0	13.0	134.74
6	79.0	90.0	-91.0	-9.0	-7.0	10.0	11.0	-39.0	136.05
7	127.0	119.0	-109.0	-16.0	-11.0	-26.0	-2.0	-33.0	129.25
8	-66.0	97.0	-31.0	-98.0	9.0	-3.0	11.0	55.0	125.28
9	-121.0	-41.0	91.0	30.0	-23.0	17.0	0.0	59.0	126.38
10	-20.0	-81.0	-86.0	5.0	10.0	-11.0	11.0	-14.0	131.76
11	-121.0	-107.0	-7.0	-21.0	-4.0	32.0	2.0	-40.0	119.32
12	-48.0	65.0	127.0	-42.0	-3.0	-4.0	-6.0	-12.0	124.07
13	4.0	-10.0	-48.0	127.0	-6.0	-18.0	-6.0	4.0	126.32
14	35.0	-128.0	16.0	37.0	-9.0	0.0	-1.0	15.0	129.25
15	75.0	-35.0	106.0	-19.0	-15.0	-6.0	-4.0	-57.0	120.06
16	-60.0	28.0	4.0	-26.0	21.0	-15.0	-2.0	22.0	120.06
17	0.0	-119.0	21.0	-22.0	6.0	-3.0	-1.0	-8.0	109.01
18	-97.0	121.0	-128.0	-41.0	-15.0	-5.0	-10.0	54.0	113.67
19	52.0	-67.0	-36.0	-11.0	19.0	-18.0	5.0	-85.0	123.83
20	-114.0	68.0	-1.0	6.0	-9.0	-6.0	0.0	-12.0	109.01
21	-13.0	-116.0	16.0	-31.0	-17.0	4.0	1.0	3.0	119.32
22	14.0	-5.0	89.0	-9.0	6.0	10.0	10.0	-2.0	111.98
23	-93.0	-21.0	-128.0	-74.0	-13.0	-4.0	-5.0	-47.0	106.69
24	-128.0	58.0	127.0	12.0	14.0	-2.0	-1.0	32.0	110.95
25	57.0	-21.0	-90.0	-54.0	2.0	11.0	-3.0	-16.0	113.67
26	101.0	40.0	-61.0	62.0	8.0	23.0	9.0	6.0	112.78
27	62.0	-18.0	-128.0	-36.0	1.0	23.0	-8.0	9.0	115.42
28	52.0	68.0	34.0	80.0	0.0	-9.0	-21.0	-53.0	107.75
29	-102.0	-128.0	11.0	-38.0	15.0	-12.0	23.0	41.0	107.25
30	-128.0	-75.0	-33.0	21.0	-2.0	-6.0	-1.0	33.0	101.23
31	-125.0	12.0	-53.0	-104.0	9.0	1.0	-20.0	37.0	77.27
32	-128.0	57.0	-67.0	2.0	7.0	9.0	13.0	-51.0	77.46
33	31.0	80.0	-75.0	100.0	-15.0	13.0	-2.0	-33.0	85.94
34	93.0	-109.0	-17.0	24.0	7.0	11.0	-13.0	-5.0	103.86
35	9.0	127.0	-128.0	-25.0	4.0	19.0	0.0	-8.0	106.52
36	11.0	-94.0	94.0	33.0	-22.0	-5.0	-6.0	69.0	101.61
37	97.0	-67.0	23.0	44.0	-6.0	-18.0	4.0	18.0	83.24
38	-99.0	69.0	2.0	-88.0	3.0	15.0	30.0	-28.0	102.25
39	111.0	-14.0	-33.0	127.0	-13.0	-5.0	-11.0	-7.0	106.65
40	-74.0	37.0	23.0	12.0	15.0	-8.0	-10.0	-95.0	76.47
41	6.0	-21.0	-3.0	99.0	-3.0	4.0	-1.0	5.0	76.02
42	127.0	-128.0	114.0	-57.0	1.0	12.0	0.0	-86.0	74.86
43	-70.0	-119.0	-82.0	-40.0	-13.0	-11.0	-3.0	-22.0	73.96
44	11.0	61.0	-22.0	7.0	-20.0	12.0	-3.0	33.0	73.96
45	108.0	-85.0	30.0	-61.0	5.0	-22.0	-11.0	20.0	75.67
46	49.0	-123.0	-56.0	37.0	6.0	-11.0	8.0	-2.0	73.25
47	-1.0	100.0	127.0	8.0	21.0	5.0	4.0	-67.0	75.67
48	-128.0	5.0	-100.0	-47.0	-16.0	-33.0	3.0	36.0	72.77
49	-128.0	-9.0	14.0	6.0	15.0	26.0	-22.0	-58.0	75.27
50	127.0	75.0	-116.0	-27.0	-4.0	15.0	-3.0	18.0	73.25
51	-128.0	-69.0	-59.0	-128.0	9.0	1.0	2.0	-29.0	74.72
52	-53.0	83.0	-15.0	78.0	-20.0	-11.0	-14.0	-78.0	72.37
53	-6.0	123.0	57.0	-128.0	-7.0	22.0	5.0	102.0	72.37
54	107.0	-62.0	-2.0	-9.0	2.0	-17.0	-15.0	-32.0	75.42
55	19.0	0.0	10.0	-35.0	23.0	-6.0	16.0	-48.0	76.12
56	83.0	90.0	121.0	99.0	0.0	3.0	-8.0	2.0	76.12
57	-128.0	-57.0	-49.0	16.0	-8.0	-15.0	-14.0	-29.0	78.27
58	-66.0	-128.0	37.0	13.0	1.0	3.0	-8.0	36.0	106.65
59	123.0	89.0	-85.0	114.0	-4.0	6.0	22.0	-2.0	103.87
60	77.0	85.0	-41.0	-33.0	3.0	-3.0	-1.0	0.0	83.24
61	-128.0	127.0	7.0	-8.0	7.0	-2.0	16.0	36.0	102.32
62	10.0	46.0	20.0	-48.0	-15.0	5.0	1.0	-1.0	77.06
63	116.0	-44.0	-52.0	-81.0	7.0	9.0	5.0	-47.0	78.27
64	-101.0	-53.0	86.0	127.0	4.0	-21.0	-11.0	-7.0	101.23
65	-128.0	106.0	38.0	-86.0	0.0	11.0	-18.0	-16.0	102.32
66	21.0	27.0	-68.0	-17.0	10.0	-7.0	-5.0	8.0	85.94
67	90.0	-83.0	-78.0	25.0	27.0	1.0	8.0	-10.0	77.27
68	-55.0	-128.0	29.0	46.0	-15.0	2.0	5.0	-56.0	106.52
69	50.0	127.0	37.0	28.0	-1.0	8.0	-4.0	-64.0	93.36
70	-28.0	-97.0	-18.0	20.0	8.0	-17.0	-11.0	-25.0	109.22
71	-9.0	63.0	12.0	13.0	-3.0	12.0	-14.0	-62.0	118.07
72	74.0	69.0	92.0	7.0	6.0	-7.0	-20.0	36.0	125.28
73	73.0	-128.0	-15.0	-25.0	-11.0	-15.0	7.0	22.0	122.22
74	99.0	-66.0	19.0	-94.0	-2.0	20.0	0.0	-55.0	134.77
75	61.0	9.0	122.0	2.0	-1.0	-11.0	-7.0	33.0	134.74
76	38.0	-7.0	-52.0	30.0	16.0	10.0	6.0	-28.0	134.64
77	48.0	79.0	-65.0	75.0	3.0	-34.0	6.0	-70.0	136.57
78	-128.0	-128.0	-119.0	-22.0	-9.0	3.0	-7.0	-2.0	136.52
79	122.0	92.0	-128.0	-3.0	-11.0	26.0	-16.0	-94.0	136.52
80	17.0	-35.0	-97.0	-21.0	-3.0	-10.0	26.0	-46.0	136.01
81	103.0	-19.0	32.0	17.0	-12.0	-16.0	-29.0	-4.0	136.01
82	127.0	71.0	56.0	-6.0	-4.0	2.0	0.0	5.0	127.95
