0	10.0	87.0	-59.0	8.0	-17.0	1.0	4.0	34.0	113.51
1	22.0	-128.0	-6.0	3.0	-13.0	4.0	-31.0	-25.0	110.33
2	-46.0	18.0	69.0	5.0	-1.0	0.0	-12.0	5.0	112.15
3	88.0	43.0	59.0	-33.0	-5.0	1.0	9.0	32.0	111.16
4	-35.0	45.0	-10.0	1.0	-16.0	-1.0	2.0	-77.0	125.41
5	-108.0	-67.0	5.0	-5.0	-7.0	-19.0	-1.0	4.0	126.62
6	-34.0	-25.0	38.0	-14.0	-5.0	18.0	2.0	-2.0	126.62
7	68.0	-28.0	-96.0	-6.0	-1.0	39.0	0.0	4.0	120.41
8	-76.0	53.0	40.0	-1.0	4.0	-1.0	-35.0	10.0	122.56
9	-52.0	-47.0	41.0	-15.0	10.0	-4.0	-11.0	-12.0	90.54
10	89.0	-106.0	-33.0	8.0	-4.0	-20.0	61.0	-23.0	92.37
11	-21.0	21.0	5.0	106.0	15.0	-1.0	2.0	-17.0	125.41
12	-22.0	-44.0	-47.0	-2.0	29.0	26.0	-41.0	12.0	118.19
13	2.0	6.0	25.0	-15.0	-28.0	-17.0	52.0	-47.0	125.87
14	10.0	8.0	-25.0	-11.0	-12.0	-17.0	4.0	-75.0	83.11
15	84.0	60.0	-16.0	5.0	1.0	5.0	0.0	54.0	116.98
16	113.0	-7.0	-3.0	8.0	-12.0	6.0	-44.0	9.0	115.09
17	117.0	29.0	4.0	26.0	-6.0	-4.0	14.0	-38.0	111.16
18	-115.0	-12.0	49.0	-115.0	-3.0	11.0	23.0	-16.0	111.04
19	113.0	-64.0	-25.0	-15.0	5.0	-9.0	-1.0	5.0	107.32
20	65.0	6.0	-11.0	49.0	-16.0	0.0	-20.0	20.0	80.25
21	-106.0	-4.0	38.0	-3.0	22.0	11.0	9.0	-10.0	80.25
22	-3.0	30.0	-115.0	20.0	-6.0	12.0	3.0	9.0	97.08
23	78.0	49.0	67.0	-2.0	-7.0	-7.0	-10.0	-10.0	73.79
24	72.0	127.0	-103.0	-24.0	8.0	23.0	5.0	2.0	77.44
25	-10.0	-79.0	-128.0	42.0	3.0	13.0	-8.0	28.0	75.4
26	69.0	-67.0	124.0	9.0	-12.0	14.0	2.0	5.0	72.51
27	30.0	57.0	2.0	-5.0	-22.0	6.0	-5.0	-38.0	70.61
28	69.0	-65.0	-10.0	12.0	20.0	26.0	9.0	23.0	70.61
29	97.0	51.0	53.0	-13.0	-3.0	-6.0	-18.0	-90.0	70.88
30	127.0	22.0	-36.0	-26.0	-1.0	2.0	8.0	45.0	92.37
31	-128.0	36.0	11.0	4.0	-12.0	-8.0	-45.0	-46.0	77.44
32	-100.0	-21.0	2.0	-17.0	-1.0	-19.0	8.0	-8.0	73.79
33	77.0	94.0	-70.0	10.0	8.0	15.0	7.0	51.0	63.52
34	-5.0	127.0	-27.0	65.0	2.0	4.0	-11.0	18.0	63.85
35	124.0	12.0	3.0	-32.0	-10.0	5.0	-2.0	0.0	65.1
36	-5.0	49.0	-17.0	9.0	9.0	-8.0	-42.0	18.0	56.67
37	127.0	-16.0	12.0	-8.0	-17.0	4.0	71.0	17.0	61.04
38	9.0	-48.0	15.0	-124.0	-5.0	-10.0	44.0	-4.0	65.1
39	11.0	80.0	-25.0	-6.0	7.0	-19.0	3.0	11.0	41.53
40	113.0	-97.0	-8.0	13.0	-2.0	-7.0	-14.0	30.0	54.91
41	-128.0	-79.0	-128.0	27.0	0.0	4.0	-20.0	-20.0	45.03
42	-81.0	32.0	3.0	53.0	9.0	0.0	13.0	43.0	54.52
43	60.0	-21.0	-34.0	1.0	16.0	-16.0	-2.0	5.0	42.72
44	-67.0	60.0	-69.0	2.0	1.0	9.0	1.0	-4.0	42.72
45	40.0	-92.0	-89.0	-15.0	29.0	-10.0	-5.0	-45.0	50.43
46	127.0	-71.0	-91.0	-3.0	-2.0	-3.0	52.0	-2.0	61.87
47	-105.0	43.0	-11.0	-43.0	-15.0	24.0	-26.0	14.0	45.02
48	-93.0	127.0	13.0	-105.0	-2.0	3.0	2.0	26.0	61.04
49	120.0	121.0	-9.0	-124.0	10.0	-23.0	8.0	41.0	47.73
50	85.0	-106.0	-66.0	-60.0	-8.0	6.0	38.0	-42.0	55.11
51	-75.0	101.0	-35.0	120.0	3.0	13.0	-3.0	-5.0	36.83
52	97.0	110.0	-7.0	-23.0	3.0	-26.0	-11.0	97.0	36.99
53	120.0	-91.0	-38.0	-41.0	-16.0	-12.0	-12.0	24.0	37.9
54	62.0	-92.0	34.0	-5.0	10.0	-1.0	42.0	-47.0	39.55
55	-64.0	51.0	-22.0	-76.0	17.0	1.0	-10.0	51.0	40.55
56	-109.0	25.0	-60.0	-24.0	-4.0	-3.0	-7.0	1.0	38.73
57	35.0	-58.0	118.0	-3.0	-28.0	17.0	17.0	-13.0	40.97
58	23.0	-128.0	-19.0	-43.0	9.0	7.0	1.0	-24.0	57.38
59	-47.0	127.0	-41.0	18.0	10.0	-1.0	2.0	44.0	50.43
60	-14.0	25.0	-47.0	-33.0	-3.0	30.0	-1.0	29.0	40.97
61	-95.0	6.0	13.0	-69.0	-11.0	-9.0	14.0	-10.0	36.99
62	74.0	-96.0	-72.0	28.0	-3.0	-8.0	-19.0	-23.0	38.73
63	127.0	-128.0	4.0	16.0	1.0	-5.0	14.0	18.0	56.67
64	-55.0	-126.0	-31.0	18.0	7.0	-12.0	9.0	40.0	45.03
65	-7.0	-111.0	-70.0	-32.0	25.0	-17.0	-8.0	17.0	50.69
66	58.0	55.0	-12.0	-6.0	-7.0	8.0	-19.0	0.0	63.85
67	107.0	60.0	-30.0	-64.0	-17.0	3.0	37.0	8.0	66.9
68	-46.0	-111.0	88.0	17.0	-2.0	-28.0	-9.0	-3.0	75.54
69	-128.0	75.0	40.0	-62.0	-12.0	20.0	-23.0	49.0	101.91
70	127.0	-69.0	-25.0	18.0	19.0	-2.0	-6.0	-17.0	87.5
71	71.0	-108.0	8.0	-8.0	24.0	3.0	-4.0	-4.0	85.0
72	-80.0	42.0	110.0	20.0	14.0	2.0	2.0	58.0	115.32
73	-46.0	95.0	-63.0	24.0	-10.0	-21.0	10.0	-10.0	110.33
74	-75.0	-50.0	-49.0	12.0	23.0	-8.0	-28.0	23.0	113.25
75	62.0	-108.0	-15.0	63.0	-12.0	-18.0	-2.0	-25.0	116.98
76	-41.0	-52.0	44.0	-48.0	-7.0	-1.0	-13.0	-14.0	116.4
77	-3.0	25.0	-50.0	-33.0	2.0	1.0	11.0	-66.0	115.32
78	17.0	28.0	12.0	10.0	-7.0	18.0	3.0	-27.0	106.44
79	87.0	-84.0	-13.0	7.0	1.0	-6.0	-6.0	-80.0	90.54
80	-128.0	-73.0	-70.0	-27.0	-18.0	21.0	84.0	14.0	96.04
81	49.0	-65.0	-6.0	78.0	8.0	23.0	-8.0	-15.0	102.74
82	-73.0	127.0	-33.0	-76.0	20.0	-9.0	0.0	52.0	101.91
83	-80.0	-128.0	-24.0	-37.0	-17.0	12.0	-10.0	-43.0	102.74
84	-66.0	83.0	13.0	-12.0	-2.0	14.0	2.0	-41.0	113.25
