0	-96.0	-41.0	38.0	-15.0	-25.0	12.0	-1.0	12.0	70.61
1	-90.0	57.0	1.0	-12.0	0.0	-11.0	22.0	-40.0	60.39
2	-72.0	33.0	-1.0	12.0	19.0	-8.0	-13.0	6.0	57.17
3	-41.0	-3.0	28.0	24.0	2.0	6.0	-3.0	1.0	49.05
4	-8.0	-49.0	-48.0	-57.0	10.0	-14.0	6.0	-8.0	44.35
5	-91.0	68.0	98.0	-18.0	10.0	-6.0	-62.0	-29.0	55.81
6	114.0	39.0	-107.0	28.0	-13.0	-6.0	9.0	-66.0	53.99
7	1.0	59.0	36.0	18.0	-4.0	-6.0	-17.0	-21.0	52.55
8	-66.0	45.0	76.0	5.0	31.0	25.0	6.0	-14.0	49.05
9	-111.0	-61.0	-49.0	37.0	1.0	-8.0	-4.0	18.0	51.57
10	28.0	-128.0	-112.0	-55.0	-13.0	-3.0	-5.0	0.0	64.48
11	85.0	39.0	30.0	16.0	20.0	-13.0	5.0	10.0	50.44
12	127.0	48.0	-17.0	32.0	4.0	3.0	3.0	-30.0	43.97
13	97.0	-11.0	51.0	-66.0	-8.0	-4.0	-5.0	43.0	53.99
14	91.0	64.0	-58.0	3.0	-14.0	6.0	-38.0	-15.0	57.17
15	48.0	-46.0	-81.0	-5.0	-16.0	3.0	3.0	-43.0	47.75
16	-117.0	-81.0	6.0	10.0	8.0	-14.0	17.0	8.0	51.5
17	85.0	-128.0	26.0	-45.0	-9.0	-4.0	-5.0	-24.0	54.45
18	-83.0	-6.0	-87.0	11.0	-3.0	-1.0	-8.0	-7.0	51.5
19	-3.0	-25.0	36.0	-45.0	-14.0	15.0	-3.0	18.0	60.39
20	-55.0	96.0	-2.0	-27.0	10.0	-16.0	15.0	10.0	65.22
21	24.0	18.0	1.0	-10.0	-7.0	10.0	-11.0	-15.0	67.24
22	-41.0	-96.0	-33.0	-3.0	11.0	-11.0	1.0	-30.0	70.65
23	1.0	-39.0	-21.0	-21.0	-6.0	12.0	1.0	0.0	76.79
24	127.0	24.0	-19.0	22.0	-19.0	-4.0	-6.0	-90.0	86.52
25	-56.0	-64.0	40.0	1.0	-16.0	-22.0	-4.0	20.0	87.94
26	-50.0	73.0	61.0	26.0	-10.0	1.0	12.0	-23.0	90.58
27	72.0	65.0	-10.0	-25.0	-2.0	5.0	27.0	6.0	100.9
28	30.0	127.0	-22.0	11.0	8.0	-17.0	2.0	-61.0	100.9
29	-101.0	-90.0	-106.0	-31.0	-12.0	-4.0	14.0	-4.0	107.0
30	70.0	-20.0	-3.0	-10.0	28.0	10.0	-5.0	-16.0	98.79
31	-57.0	-82.0	-62.0	2.0	-19.0	-1.0	29.0	-4.0	112.88
32	-21.0	15.0	-5.0	-13.0	-3.0	18.0	-2.0	21.0	112.88
33	-119.0	1.0	-32.0	-59.0	0.0	31.0	-24.0	-1.0	115.26
34	50.0	-128.0	-128.0	10.0	10.0	3.0	27.0	-9.0	122.05
35	-25.0	94.0	86.0	-36.0	49.0	-8.0	-7.0	54.0	118.97
36	-65.0	-89.0	-14.0	11.0	14.0	-13.0	27.0	-7.0	121.84
37	-99.0	34.0	-109.0	-27.0	-13.0	14.0	-9.0	27.0	124.15
38	-103.0	-47.0	43.0	-49.0	10.0	31.0	-11.0	-28.0	118.97
39	-13.0	-68.0	-44.0	30.0	30.0	15.0	-3.0	36.0	127.03
40	30.0	-25.0	-106.0	-28.0	7.0	9.0	-7.0	-7.0	121.84
41	10.0	-29.0	-101.0	20.0	-7.0	-13.0	-26.0	-71.0	119.06
42	58.0	119.0	34.0	-47.0	-10.0	-16.0	-7.0	-4.0	112.08
43	-12.0	-109.0	-46.0	35.0	9.0	-33.0	-4.0	-12.0	101.46
44	-128.0	109.0	-89.0	-1.0	-21.0	-10.0	0.0	-43.0	101.46
45	-24.0	-128.0	23.0	-31.0	3.0	-9.0	-6.0	-10.0	124.8
46	-5.0	10.0	-101.0	10.0	-6.0	0.0	22.0	-28.0	127.03
47	-69.0	-128.0	-11.0	6.0	-19.0	-3.0	-13.0	-35.0	133.71
48	86.0	-73.0	-17.0	7.0	1.0	5.0	31.0	-36.0	126.34
49	7.0	33.0	12.0	-27.0	-7.0	-10.0	6.0	-33.0	127.05
50	-89.0	-63.0	-50.0	100.0	-5.0	-22.0	33.0	-18.0	132.25
51	-8.0	-55.0	-5.0	46.0	-14.0	0.0	-4.0	38.0	136.2
52	-110.0	65.0	4.0	-17.0	-19.0	7.0	13.0	-33.0	136.5
53	100.0	25.0	-66.0	25.0	26.0	-2.0	10.0	30.0	135.88
54	47.0	104.0	14.0	110.0	11.0	13.0	5.0	9.0	135.18
55	-47.0	29.0	-13.0	-46.0	17.0	0.0	-10.0	-109.0	134.66
56	13.0	-114.0	-24.0	-14.0	-11.0	18.0	-5.0	36.0	122.66
57	26.0	67.0	40.0	20.0	-3.0	-12.0	-4.0	22.0	119.29
58	-128.0	32.0	-53.0	1.0	-3.0	14.0	66.0	-41.0	136.5
59	127.0	96.0	12.0	-21.0	-7.0	-13.0	-12.0	14.0	133.71
60	-99.0	-18.0	-37.0	-1.0	-7.0	-4.0	0.0	22.0	117.06
61	-1.0	-128.0	-2.0	-14.0	-2.0	13.0	-20.0	-26.0	126.34
62	32.0	5.0	-33.0	-6.0	-4.0	-22.0	15.0	-6.0	112.08
63	14.0	12.0	-48.0	32.0	11.0	1.0	-8.0	44.0	110.68
64	-112.0	-115.0	127.0	-36.0	-7.0	8.0	22.0	-42.0	92.79
65	-67.0	1.0	10.0	-5.0	-21.0	3.0	-5.0	32.0	84.77
66	-88.0	-128.0	19.0	-35.0	-7.0	-3.0	68.0	-9.0	78.85
67	101.0	-17.0	-34.0	-25.0	-10.0	-8.0	29.0	-11.0	75.78
68	-76.0	-38.0	-20.0	-33.0	-3.0	-2.0	0.0	8.0	70.61
69	36.0	84.0	57.0	-15.0	16.0	-34.0	-26.0	-4.0	68.81
70	-25.0	127.0	5.0	-11.0	-9.0	17.0	-4.0	-64.0	69.48
71	95.0	54.0	-29.0	-8.0	-9.0	23.0	-92.0	-44.0	76.79
72	101.0	-71.0	-37.0	-42.0	1.0	-2.0	10.0	20.0	78.83
73	62.0	-23.0	4.0	-9.0	-4.0	0.0	-31.0	2.0	82.78
74	-96.0	-128.0	-22.0	16.0	-8.0	5.0	-12.0	-4.0	82.78
75	41.0	41.0	-60.0	2.0	-8.0	10.0	-21.0	14.0	95.89
76	-6.0	7.0	-75.0	-9.0	9.0	-15.0	-13.0	43.0	84.77
77	120.0	40.0	28.0	-128.0	5.0	-7.0	15.0	20.0	70.65
78	127.0	-91.0	-73.0	-32.0	-4.0	-13.0	-3.0	-69.0	67.24
79	127.0	-107.0	-105.0	18.0	5.0	15.0	-3.0	44.0	72.75
80	100.0	-44.0	-26.0	-75.0	7.0	-9.0	-20.0	5.0	74.77
