0	99.0	50.0	-28.0	-58.0	-15.0	103.0	-11.0	-1.0	123.98
1	-20.0	-60.0	-33.0	-11.0	63.0	-28.0	14.0	15.0	128.75
2	66.0	53.0	-15.0	5.0	-11.0	-20.0	-5.0	-38.0	133.46
3	35.0	7.0	-23.0	117.0	37.0	43.0	-15.0	-39.0	128.75
4	-128.0	-55.0	18.0	-115.0	101.0	21.0	49.0	4.0	125.01
5	127.0	14.0	4.0	118.0	-40.0	-24.0	-39.0	3.0	138.54
6	-38.0	5.0	-101.0	58.0	-19.0	-80.0	-8.0	-2.0	137.82
7	71.0	-33.0	-21.0	-10.0	-37.0	72.0	17.0	25.0	145.28
8	110.0	99.0	-20.0	11.0	-19.0	-61.0	5.0	-34.0	151.65
9	-62.0	-56.0	127.0	-60.0	84.0	25.0	-22.0	89.0	138.54
10	-100.0	-53.0	82.0	127.0	-128.0	-19.0	-20.0	-70.0	142.26
11	-5.0	-48.0	-82.0	57.0	21.0	-28.0	9.0	-5.0	152.51
12	-58.0	127.0	-10.0	16.0	14.0	111.0	-11.0	22.0	151.98
13	-48.0	79.0	10.0	39.0	31.0	3.0	-8.0	-42.0	139.24
14	-8.0	-34.0	127.0	-17.0	22.0	-128.0	29.0	13.0	150.43
15	127.0	109.0	31.0	-26.0	-11.0	3.0	27.0	-11.0	142.26
16	-27.0	-42.0	127.0	63.0	-10.0	20.0	4.0	24.0	134.91
17	19.0	127.0	-117.0	-71.0	-5.0	-54.0	6.0	-79.0	131.35
18	-98.0	86.0	-75.0	64.0	40.0	-13.0	-3.0	-9.0	132.11
19	4.0	-128.0	39.0	-15.0	-47.0	1.0	-7.0	30.0	132.11
20	24.0	40.0	57.0	-65.0	85.0	-20.0	11.0	-1.0	126.41
21	-84.0	-36.0	-32.0	19.0	-90.0	86.0	3.0	3.0	134.91
22	76.0	80.0	-33.0	67.0	-44.0	-34.0	13.0	-16.0	138.95
23	29.0	63.0	117.0	-93.0	3.0	49.0	24.0	30.0	144.0
24	7.0	3.0	-103.0	65.0	-90.0	-9.0	-5.0	10.0	143.52
25	-49.0	-101.0	18.0	26.0	60.0	-33.0	-11.0	-11.0	152.03
26	53.0	-124.0	112.0	6.0	33.0	34.0	-8.0	66.0	152.13
27	-108.0	3.0	-126.0	23.0	-128.0	-4.0	8.0	-71.0	147.65
28	83.0	104.0	1.0	29.0	51.0	-28.0	10.0	67.0	143.52
29	27.0	-35.0	-35.0	-27.0	79.0	-11.0	-18.0	-106.0	136.45
30	-29.0	4.0	27.0	25.0	46.0	-20.0	7.0	-14.0	138.95
31	-52.0	-46.0	97.0	20.0	-86.0	50.0	-45.0	-12.0	150.43
32	-67.0	67.0	32.0	4.0	127.0	-90.0	-7.0	-1.0	135.73
33	-3.0	59.0	-90.0	37.0	10.0	-115.0	-28.0	34.0	151.65
34	-7.0	5.0	110.0	0.0	-9.0	-6.0	24.0	-10.0	139.45
35	83.0	-128.0	-79.0	-8.0	67.0	-17.0	10.0	14.0	152.03
36	52.0	-89.0	95.0	19.0	-45.0	43.0	-4.0	-1.0	145.83
37	-60.0	-14.0	81.0	50.0	72.0	-28.0	-11.0	-16.0	149.29
38	92.0	-104.0	41.0	-63.0	-66.0	39.0	9.0	47.0	148.21
39	80.0	110.0	-20.0	-75.0	96.0	-18.0	-6.0	16.0	129.05
40	-31.0	-18.0	47.0	-96.0	67.0	-6.0	-17.0	16.0	125.51
41	57.0	-10.0	-44.0	-57.0	-47.0	7.0	-16.0	-15.0	123.31
42	-72.0	-94.0	106.0	30.0	31.0	12.0	7.0	-31.0	123.31
43	72.0	-68.0	-50.0	-82.0	-23.0	13.0	-32.0	4.0	124.81
44	-94.0	53.0	-101.0	57.0	-120.0	28.0	30.0	-12.0	123.46
45	6.0	39.0	116.0	20.0	-60.0	22.0	-2.0	22.0	123.38
46	34.0	-32.0	-61.0	-27.0	-52.0	4.0	9.0	8.0	122.99
47	-75.0	82.0	-102.0	83.0	-109.0	-13.0	4.0	-29.0	121.16
48	-3.0	79.0	127.0	-11.0	71.0	-8.0	-49.0	90.0	117.01
49	-128.0	-116.0	95.0	-35.0	-85.0	0.0	-11.0	-11.0	106.39
50	-32.0	30.0	-57.0	26.0	-55.0	-8.0	-18.0	-25.0	113.56
51	17.0	34.0	-19.0	47.0	67.0	49.0	-5.0	21.0	118.91
52	-128.0	15.0	-116.0	-58.0	-6.0	-3.0	4.0	-27.0	120.6
53	27.0	24.0	26.0	91.0	-86.0	-101.0	5.0	47.0	122.99
54	60.0	-112.0	63.0	-92.0	-13.0	-24.0	5.0	-1.0	103.37
55	-5.0	-17.0	-67.0	-1.0	124.0	16.0	-31.0	-12.0	113.3
56	-20.0	96.0	-90.0	32.0	32.0	4.0	22.0	-6.0	98.11
57	-61.0	-110.0	-7.0	7.0	-29.0	30.0	0.0	44.0	102.78
58	-23.0	-69.0	-52.0	1.0	53.0	-61.0	-21.0	6.0	103.37
59	-72.0	-90.0	-38.0	2.0	68.0	-62.0	35.0	30.0	98.41
60	126.0	102.0	-11.0	-26.0	-16.0	-25.0	-16.0	11.0	79.36
61	0.0	-86.0	-73.0	23.0	26.0	-15.0	117.0	-25.0	99.84
62	-55.0	97.0	-16.0	-54.0	-45.0	8.0	32.0	9.0	86.9
63	-37.0	-96.0	20.0	117.0	43.0	-8.0	-8.0	-6.0	95.67
64	-98.0	-26.0	113.0	-105.0	100.0	2.0	-24.0	-9.0	94.46
65	-128.0	127.0	-124.0	-6.0	5.0	80.0	-19.0	-17.0	78.3
66	18.0	-81.0	-35.0	-27.0	-85.0	-50.0	-15.0	4.0	79.88
67	1.0	-17.0	-6.0	127.0	12.0	-17.0	-28.0	-4.0	78.77
68	-74.0	34.0	3.0	-59.0	15.0	43.0	19.0	14.0	94.46
69	52.0	64.0	65.0	-32.0	100.0	73.0	15.0	-58.0	79.36
70	-1.0	-31.0	-47.0	-50.0	-5.0	88.0	-14.0	42.0	98.41
71	-50.0	-51.0	4.0	9.0	-7.0	4.0	-2.0	56.0	78.3
72	14.0	1.0	19.0	-22.0	34.0	-7.0	-23.0	-28.0	79.54
73	106.0	-13.0	41.0	-110.0	-46.0	8.0	5.0	-18.0	78.35
74	-3.0	-79.0	-34.0	41.0	85.0	48.0	-28.0	14.0	86.9
75	-128.0	-5.0	8.0	-97.0	-16.0	-12.0	0.0	-6.0	113.3
76	-107.0	-73.0	37.0	97.0	-36.0	22.0	9.0	37.0	118.91
77	53.0	102.0	12.0	82.0	119.0	-63.0	69.0	-5.0	120.54
78	40.0	1.0	46.0	-36.0	-9.0	1.0	-2.0	48.0	124.81
79	-26.0	42.0	-78.0	-27.0	27.0	-65.0	-10.0	6.0	121.16
80	-12.0	-4.0	56.0	55.0	5.0	91.0	16.0	6.0	124.24
81	-33.0	43.0	54.0	123.0	12.0	-37.0	1.0	-7.0	129.75
82	49.0	-123.0	10.0	91.0	35.0	-49.0	13.0	-3.0	131.35
