0	-128.0	15.0	14.0	-19.0	-13.0	-3.0	11.0	-2.0	86.19
1	-2.0	127.0	-117.0	-44.0	-9.0	-8.0	-9.0	-17.0	84.97
2	127.0	-62.0	51.0	127.0	-11.0	5.0	-12.0	9.0	89.03
3	-65.0	-24.0	66.0	-17.0	0.0	9.0	-17.0	-81.0	100.99
4	44.0	56.0	41.0	42.0	7.0	-21.0	23.0	84.0	62.38
5	3.0	-59.0	-5.0	16.0	-3.0	-12.0	-2.0	25.0	54.18
6	-113.0	-39.0	84.0	76.0	16.0	21.0	-15.0	19.0	46.26
7	89.0	92.0	-24.0	-32.0	-15.0	1.0	-12.0	-20.0	51.64
8	127.0	-2.0	-13.0	-30.0	-23.0	9.0	41.0	-77.0	46.26
9	-73.0	-113.0	-49.0	-29.0	-6.0	2.0	15.0	2.0	41.81
10	-128.0	121.0	10.0	-6.0	-10.0	-12.0	-1.0	24.0	35.5
11	-33.0	20.0	-63.0	-85.0	22.0	6.0	-102.0	33.0	34.53
12	79.0	-67.0	-65.0	24.0	0.0	6.0	-3.0	-31.0	34.13
13	-128.0	107.0	25.0	31.0	-11.0	24.0	-21.0	-87.0	39.43
14	-95.0	-19.0	24.0	-6.0	-13.0	-30.0	4.0	-1.0	35.22
15	5.0	-60.0	-31.0	14.0	12.0	17.0	7.0	101.0	42.59
16	-31.0	44.0	29.0	-3.0	-8.0	-14.0	-57.0	60.0	34.38
17	94.0	62.0	-86.0	-128.0	-11.0	23.0	5.0	-3.0	34.38
18	112.0	44.0	-47.0	-25.0	-7.0	-15.0	-4.0	-6.0	35.5
19	127.0	100.0	-23.0	-34.0	21.0	-16.0	-12.0	23.0	34.13
20	0.0	-119.0	37.0	1.0	-36.0	-9.0	-8.0	-23.0	22.88
21	5.0	15.0	14.0	-17.0	29.0	-38.0	-13.0	14.0	42.97
22	1.0	-19.0	29.0	-10.0	-1.0	18.0	8.0	35.0	41.37
23	7.0	-128.0	29.0	9.0	-5.0	6.0	0.0	-24.0	35.35
24	82.0	-23.0	-55.0	-6.0	2.0	9.0	-5.0	-48.0	52.27
25	-77.0	16.0	-11.0	-2.0	-5.0	8.0	-50.0	2.0	35.22
26	0.0	80.0	73.0	-16.0	3.0	-33.0	85.0	-21.0	23.11
27	-78.0	29.0	-55.0	42.0	-26.0	-30.0	-53.0	-49.0	42.97
28	-128.0	127.0	73.0	-24.0	20.0	-12.0	-17.0	20.0	41.37
29	127.0	-56.0	-29.0	-28.0	9.0	4.0	49.0	-8.0	44.86
30	102.0	-4.0	-57.0	16.0	5.0	0.0	10.0	1.0	61.34
31	-44.0	87.0	-16.0	-31.0	1.0	2.0	-9.0	15.0	59.79
32	127.0	-30.0	-1.0	23.0	-6.0	11.0	-1.0	2.0	51.64
33	-128.0	2.0	101.0	97.0	6.0	-11.0	13.0	58.0	46.2
34	-9.0	15.0	127.0	7.0	-3.0	-3.0	-12.0	17.0	47.44
35	-48.0	127.0	58.0	-72.0	-3.0	-11.0	6.0	-3.0	65.69
36	104.0	-60.0	-27.0	-4.0	-1.0	-6.0	2.0	-122.0	63.14
37	70.0	35.0	127.0	5.0	-21.0	1.0	-15.0	39.0	59.79
38	-119.0	-4.0	-3.0	-9.0	7.0	-10.0	46.0	15.0	52.27
39	-57.0	127.0	3.0	-4.0	-7.0	3.0	-14.0	-38.0	59.65
40	30.0	127.0	-13.0	33.0	33.0	17.0	13.0	40.0	73.75
41	49.0	-55.0	100.0	27.0	8.0	5.0	24.0	-33.0	70.79
42	6.0	83.0	26.0	-67.0	5.0	7.0	-18.0	-26.0	73.75
43	-82.0	58.0	5.0	4.0	-9.0	16.0	20.0	119.0	61.34
44	81.0	-41.0	4.0	-6.0	6.0	8.0	0.0	4.0	80.48
45	-118.0	-33.0	-92.0	-4.0	4.0	7.0	7.0	4.0	66.57
46	20.0	81.0	-99.0	20.0	12.0	12.0	-9.0	-27.0	82.66
47	-81.0	-100.0	60.0	102.0	-10.0	9.0	25.0	-54.0	80.48
48	78.0	-128.0	22.0	15.0	25.0	8.0	-13.0	-64.0	102.17
49	84.0	27.0	35.0	8.0	13.0	-3.0	9.0	-25.0	111.45
50	42.0	71.0	-29.0	6.0	8.0	5.0	-5.0	-16.0	118.32
51	103.0	-111.0	-20.0	14.0	-22.0	2.0	3.0	-72.0	109.79
52	-93.0	49.0	-9.0	-53.0	-6.0	9.0	-33.0	16.0	117.56
53	55.0	-128.0	66.0	40.0	-2.0	2.0	80.0	-23.0	123.97
54	-100.0	-80.0	-17.0	24.0	-2.0	9.0	0.0	-85.0	129.99
55	-45.0	111.0	-125.0	11.0	9.0	-13.0	-8.0	3.0	120.04
56	-10.0	-128.0	72.0	76.0	15.0	-18.0	-7.0	-38.0	122.19
57	34.0	98.0	-7.0	-38.0	-6.0	-4.0	-26.0	26.0	129.99
58	-45.0	-20.0	-118.0	12.0	-10.0	-8.0	-7.0	42.0	130.01
59	127.0	-115.0	127.0	117.0	0.0	6.0	-51.0	-29.0	129.91
60	3.0	79.0	49.0	-69.0	32.0	15.0	10.0	27.0	123.28
61	69.0	51.0	11.0	-66.0	31.0	-6.0	-7.0	-12.0	135.2
62	-67.0	26.0	-76.0	70.0	21.0	-2.0	33.0	29.0	123.44
63	-86.0	18.0	28.0	30.0	12.0	-8.0	4.0	35.0	123.44
64	125.0	-45.0	-21.0	-20.0	-29.0	5.0	-6.0	-11.0	130.9
65	107.0	6.0	-42.0	-25.0	-12.0	20.0	-20.0	-17.0	135.2
66	-56.0	61.0	22.0	122.0	-12.0	-10.0	4.0	13.0	110.67
67	-128.0	33.0	107.0	-65.0	4.0	-5.0	7.0	-11.0	124.6
68	-37.0	-95.0	127.0	-5.0	1.0	-13.0	81.0	-14.0	118.32
69	-120.0	19.0	-90.0	-3.0	8.0	-21.0	11.0	-13.0	98.59
70	-38.0	-31.0	-74.0	-51.0	10.0	-19.0	5.0	-63.0	122.19
71	119.0	31.0	38.0	-128.0	14.0	10.0	-9.0	-37.0	102.17
72	-94.0	18.0	-1.0	-54.0	6.0	14.0	41.0	-81.0	99.33
73	12.0	29.0	34.0	-20.0	4.0	-20.0	8.0	81.0	110.67
74	-79.0	-57.0	-82.0	127.0	-3.0	30.0	-9.0	15.0	108.19
75	-38.0	-128.0	11.0	2.0	11.0	-5.0	0.0	3.0	76.56
76	127.0	7.0	113.0	-14.0	-10.0	-8.0	-29.0	-9.0	84.97
77	127.0	127.0	-122.0	-117.0	5.0	15.0	13.0	-16.0	86.19
78	-85.0	-28.0	-29.0	5.0	16.0	0.0	2.0	-4.0	70.3
79	10.0	1.0	84.0	42.0	-5.0	-4.0	-5.0	-16.0	93.62
80	-20.0	-50.0	-128.0	94.0	-4.0	7.0	16.0	-20.0	65.69
81	-128.0	-84.0	-48.0	-11.0	6.0	18.0	6.0	34.0	68.99
82	127.0	75.0	39.0	40.0	3.0	3.0	49.0	-4.0	68.99
83	107.0	-128.0	-33.0	-28.0	18.0	-3.0	-25.0	-86.0	87.6
84	119.0	121.0	-14.0	-20.0	6.0	6.0	0.0	6.0	100.99
85	62.0	-97.0	29.0	1.0	-18.0	-9.0	40.0	19.0	93.62
