0	21.0	75.0	25.0	-34.0	1.0	-4.0	9.0	4.0	98.76
1	-89.0	3.0	127.0	14.0	-8.0	-6.0	7.0	-22.0	95.84
2	37.0	-127.0	-61.0	-51.0	-16.0	-2.0	-4.0	-1.0	94.37
3	66.0	35.0	60.0	-49.0	-12.0	-8.0	-16.0	1.0	93.12
4	21.0	54.0	-27.0	-18.0	10.0	8.0	12.0	-12.0	93.64
5	-104.0	56.0	-89.0	-5.0	13.0	6.0	-19.0	-52.0	92.03
6	-59.0	-9.0	-69.0	-128.0	4.0	-11.0	6.0	-28.0	93.12
7	-3.0	-105.0	58.0	-22.0	1.0	-13.0	1.0	12.0	86.05
8	-126.0	-10.0	37.0	-16.0	14.0	-6.0	7.0	39.0	90.52
9	85.0	-128.0	-8.0	-34.0	-1.0	-5.0	-1.0	-2.0	99.47
10	62.0	53.0	30.0	-4.0	2.0	-7.0	-4.0	44.0	99.54
11	-128.0	105.0	-63.0	12.0	-3.0	10.0	-9.0	-23.0	105.08
12	68.0	-128.0	-23.0	-10.0	-10.0	-2.0	-4.0	16.0	109.77
13	-79.0	37.0	-42.0	71.0	-2.0	8.0	-14.0	11.0	100.2
14	-88.0	55.0	7.0	-91.0	-4.0	6.0	5.0	-23.0	119.24
15	28.0	-22.0	71.0	47.0	6.0	4.0	-4.0	68.0	115.06
16	-128.0	112.0	22.0	5.0	-3.0	-5.0	-16.0	12.0	116.8
17	-18.0	73.0	-128.0	-26.0	19.0	24.0	-7.0	-60.0	104.64
18	-118.0	-60.0	53.0	5.0	6.0	0.0	-5.0	-34.0	102.57
19	37.0	96.0	-11.0	-104.0	-8.0	4.0	-14.0	-10.0	116.8
20	-66.0	83.0	58.0	35.0	-14.0	13.0	-3.0	11.0	122.95
21	33.0	46.0	-50.0	-2.0	-4.0	-2.0	3.0	-63.0	121.47
22	36.0	-37.0	53.0	75.0	-23.0	-13.0	23.0	46.0	127.93
23	2.0	62.0	38.0	56.0	6.0	11.0	15.0	9.0	127.04
24	120.0	-17.0	19.0	-46.0	-13.0	-11.0	28.0	-11.0	131.66
25	58.0	52.0	52.0	-14.0	3.0	1.0	-4.0	-23.0	127.04
26	-53.0	72.0	54.0	-7.0	0.0	2.0	10.0	0.0	130.55
27	127.0	24.0	44.0	-128.0	-15.0	-9.0	39.0	44.0	133.93
28	126.0	-98.0	35.0	83.0	-2.0	-9.0	0.0	48.0	133.93
29	-18.0	-128.0	4.0	-11.0	0.0	6.0	-62.0	40.0	133.16
30	-128.0	-69.0	-59.0	38.0	13.0	-1.0	-14.0	1.0	133.68
31	62.0	-8.0	-14.0	-52.0	12.0	9.0	45.0	-51.0	133.88
32	23.0	-51.0	-62.0	-83.0	1.0	-10.0	-3.0	-37.0	133.68
33	50.0	-66.0	68.0	17.0	3.0	-11.0	16.0	-40.0	131.66
34	95.0	37.0	-92.0	-14.0	-6.0	-13.0	-1.0	-5.0	133.62
35	127.0	-29.0	0.0	-32.0	-4.0	-3.0	-10.0	1.0	132.96
36	7.0	-10.0	39.0	73.0	10.0	-11.0	-4.0	10.0	127.93
37	72.0	-68.0	-67.0	-78.0	15.0	-3.0	1.0	15.0	131.15
38	-71.0	119.0	-99.0	11.0	3.0	16.0	7.0	-23.0	128.49
39	20.0	102.0	1.0	47.0	-14.0	32.0	20.0	18.0	125.43
40	70.0	-75.0	-23.0	-20.0	23.0	-7.0	-3.0	-52.0	123.36
41	108.0	-68.0	-34.0	12.0	-44.0	9.0	-11.0	76.0	121.47
42	29.0	-46.0	76.0	-14.0	-11.0	-1.0	-12.0	-13.0	106.9
43	-58.0	-104.0	-71.0	11.0	18.0	-1.0	-8.0	-35.0	97.29
44	4.0	101.0	-70.0	34.0	14.0	-2.0	-40.0	-8.0	106.9
45	-35.0	107.0	-19.0	8.0	-6.0	-7.0	-1.0	17.0	119.47
46	66.0	41.0	-40.0	40.0	30.0	13.0	-5.0	-68.0	119.24
47	77.0	-66.0	-40.0	14.0	9.0	8.0	17.0	-28.0	108.11
48	121.0	-113.0	54.0	0.0	0.0	-3.0	-4.0	6.0	102.57
49	-58.0	6.0	36.0	-29.0	12.0	2.0	6.0	3.0	103.93
50	-128.0	89.0	32.0	7.0	-8.0	-22.0	-11.0	70.0	102.5
51	46.0	-91.0	-40.0	8.0	-12.0	-3.0	-10.0	45.0	105.08
52	0.0	127.0	-64.0	14.0	-1.0	-9.0	2.0	9.0	99.62
53	-70.0	127.0	-37.0	-84.0	-15.0	-1.0	-1.0	26.0	99.47
54	-128.0	-83.0	-3.0	50.0	-7.0	-42.0	42.0	-46.0	97.29
55	-128.0	38.0	4.0	30.0	-14.0	15.0	0.0	21.0	93.64
56	70.0	84.0	-128.0	14.0	-1.0	14.0	-6.0	37.0	70.71
57	-63.0	-23.0	9.0	-86.0	-6.0	13.0	4.0	-48.0	70.27
58	-35.0	-100.0	37.0	99.0	19.0	1.0	-4.0	28.0	70.71
59	127.0	66.0	-37.0	-11.0	5.0	0.0	-7.0	-34.0	86.05
60	-36.0	112.0	-53.0	-90.0	-8.0	-11.0	-7.0	7.0	71.38
61	-22.0	-84.0	115.0	56.0	-13.0	5.0	-1.0	-23.0	87.47
62	41.0	-58.0	19.0	34.0	12.0	-9.0	-3.0	13.0	89.12
63	-38.0	29.0	-80.0	-6.0	4.0	-1.0	15.0	-77.0	89.12
64	-38.0	-40.0	-31.0	20.0	3.0	-4.0	-7.0	-17.0	71.68
65	84.0	-48.0	27.0	67.0	-12.0	-1.0	15.0	71.0	70.27
66	127.0	-24.0	-34.0	0.0	11.0	10.0	-1.0	49.0	70.12
67	9.0	91.0	-95.0	-48.0	-17.0	14.0	3.0	-31.0	56.46
68	88.0	50.0	79.0	-21.0	-2.0	24.0	35.0	47.0	54.84
69	-108.0	34.0	-110.0	14.0	2.0	3.0	-2.0	-35.0	54.34
70	34.0	103.0	-5.0	38.0	9.0	12.0	5.0	-8.0	42.7
71	-3.0	93.0	-37.0	22.0	-1.0	4.0	5.0	26.0	41.9
72	-76.0	54.0	70.0	-42.0	-1.0	-4.0	-6.0	65.0	41.99
73	-33.0	-128.0	-14.0	-6.0	9.0	-17.0	-36.0	-3.0	48.22
74	33.0	3.0	-102.0	-30.0	-6.0	14.0	-5.0	-17.0	41.99
75	65.0	53.0	-5.0	-9.0	6.0	-10.0	8.0	9.0	52.61
76	97.0	-112.0	107.0	3.0	13.0	-6.0	1.0	-48.0	53.86
77	63.0	-70.0	-113.0	-26.0	-16.0	7.0	-1.0	22.0	52.61
78	-19.0	-12.0	63.0	57.0	-5.0	-1.0	-70.0	69.0	54.84
79	-128.0	-11.0	-35.0	44.0	5.0	-13.0	-2.0	-30.0	60.44
80	111.0	-35.0	5.0	-38.0	-9.0	12.0	5.0	64.0	58.48
81	-19.0	-96.0	109.0	25.0	-6.0	4.0	53.0	16.0	70.6
82	19.0	-92.0	-7.0	22.0	-3.0	21.0	12.0	0.0	71.68
