0	-49.0	-18.0	-128.0	-31.0	-3.0	-4.0	-30.0	61.0	42.82
1	71.0	50.0	-56.0	41.0	-8.0	2.0	8.0	16.0	40.49
2	-6.0	-63.0	42.0	102.0	24.0	-9.0	10.0	14.0	38.07
3	111.0	19.0	113.0	0.0	-5.0	3.0	-14.0	10.0	36.09
4	96.0	59.0	2.0	27.0	-16.0	19.0	-2.0	-13.0	33.52
5	66.0	-107.0	41.0	-39.0	17.0	5.0	-1.0	7.0	33.52
6	-80.0	45.0	116.0	-30.0	9.0	0.0	21.0	-94.0	32.9
7	-64.0	4.0	108.0	92.0	-5.0	-30.0	1.0	39.0	34.39
8	20.0	-103.0	46.0	-6.0	-20.0	-5.0	22.0	-3.0	36.09
9	40.0	98.0	-51.0	-100.0	2.0	-6.0	-3.0	12.0	33.92
10	-57.0	127.0	19.0	-47.0	-7.0	3.0	3.0	-67.0	37.49
11	-128.0	96.0	-4.0	18.0	-17.0	-27.0	20.0	-70.0	33.07
12	-16.0	61.0	0.0	4.0	8.0	30.0	-4.0	8.0	32.9
13	-109.0	9.0	61.0	6.0	8.0	7.0	5.0	-22.0	38.12
14	10.0	-84.0	16.0	34.0	-8.0	-18.0	-7.0	41.0	40.49
15	-123.0	127.0	-102.0	-14.0	-9.0	11.0	-4.0	-46.0	50.79
16	1.0	127.0	123.0	70.0	10.0	9.0	13.0	86.0	50.79
17	77.0	-30.0	18.0	-76.0	-46.0	13.0	-2.0	-51.0	50.86
18	127.0	-70.0	-21.0	59.0	8.0	8.0	-14.0	1.0	61.42
19	-57.0	7.0	-128.0	-39.0	-15.0	9.0	26.0	-21.0	50.04
20	11.0	-45.0	70.0	6.0	-5.0	-14.0	2.0	21.0	49.24
21	127.0	-24.0	-43.0	64.0	-15.0	1.0	11.0	6.0	56.28
22	-51.0	75.0	-9.0	27.0	-4.0	-4.0	-18.0	-35.0	54.23
23	-14.0	-30.0	-17.0	-4.0	-6.0	1.0	-6.0	12.0	51.02
24	-116.0	-24.0	-27.0	-44.0	9.0	6.0	-4.0	40.0	60.77
25	-128.0	-59.0	56.0	-2.0	-14.0	-17.0	11.0	-15.0	56.37
26	-28.0	48.0	87.0	-33.0	24.0	16.0	4.0	15.0	50.04
27	-99.0	91.0	57.0	4.0	5.0	16.0	-13.0	-38.0	68.53
28	95.0	100.0	11.0	12.0	-23.0	-2.0	-3.0	14.0	75.9
29	-13.0	-43.0	53.0	-58.0	7.0	-4.0	-5.0	-24.0	72.7
30	53.0	-28.0	15.0	3.0	28.0	8.0	5.0	-12.0	86.2
31	-76.0	-103.0	20.0	-28.0	-5.0	8.0	2.0	-25.0	88.68
32	12.0	59.0	-36.0	-49.0	-2.0	6.0	10.0	-23.0	94.4
33	65.0	84.0	-70.0	-57.0	10.0	-38.0	-10.0	-81.0	106.18
34	127.0	-7.0	12.0	4.0	-26.0	0.0	2.0	-7.0	101.48
35	-91.0	64.0	-65.0	59.0	-1.0	12.0	2.0	-40.0	101.48
36	21.0	127.0	33.0	-18.0	6.0	-17.0	2.0	-32.0	117.67
37	64.0	9.0	11.0	27.0	10.0	2.0	-4.0	59.0	113.22
38	46.0	-23.0	26.0	127.0	12.0	37.0	-8.0	-25.0	114.76
39	-22.0	71.0	-38.0	-20.0	8.0	3.0	10.0	30.0	116.37
40	14.0	-128.0	53.0	-58.0	-4.0	-28.0	-2.0	-9.0	118.09
41	-56.0	24.0	-27.0	-27.0	-4.0	24.0	-20.0	56.0	118.51
42	48.0	-33.0	-68.0	39.0	0.0	-3.0	12.0	54.0	119.93
43	103.0	-9.0	58.0	4.0	0.0	-11.0	5.0	34.0	121.15
44	111.0	67.0	16.0	28.0	9.0	1.0	-5.0	15.0	120.78
45	-26.0	127.0	-20.0	-17.0	-6.0	14.0	5.0	10.0	121.15
46	-2.0	-23.0	83.0	56.0	7.0	-12.0	9.0	0.0	121.16
47	35.0	64.0	4.0	-13.0	6.0	13.0	-41.0	5.0	119.93
48	19.0	22.0	-74.0	37.0	24.0	0.0	9.0	-77.0	118.51
49	72.0	-47.0	68.0	-78.0	4.0	-46.0	7.0	15.0	120.33
50	-78.0	54.0	-23.0	-120.0	8.0	-2.0	1.0	85.0	117.67
51	117.0	-30.0	-49.0	-50.0	-8.0	-3.0	-3.0	-22.0	113.22
52	-128.0	24.0	-11.0	29.0	5.0	4.0	5.0	31.0	110.23
53	-92.0	-105.0	-29.0	-5.0	1.0	-3.0	23.0	54.0	108.29
54	45.0	-128.0	52.0	-100.0	-6.0	-2.0	22.0	14.0	108.29
55	92.0	-36.0	-63.0	44.0	2.0	0.0	-4.0	11.0	100.01
56	24.0	-95.0	-102.0	69.0	-6.0	41.0	-7.0	-11.0	95.12
57	3.0	67.0	92.0	-5.0	4.0	-3.0	3.0	-2.0	100.85
58	127.0	43.0	34.0	-97.0	-19.0	12.0	8.0	14.0	91.65
59	127.0	-76.0	2.0	-21.0	1.0	5.0	-6.0	-7.0	91.65
60	5.0	-83.0	-9.0	-1.0	0.0	-25.0	6.0	5.0	97.35
61	-77.0	-16.0	-71.0	-21.0	-20.0	14.0	3.0	4.0	88.68
62	10.0	18.0	-11.0	1.0	3.0	10.0	-51.0	42.0	95.12
63	89.0	11.0	12.0	8.0	-18.0	8.0	-4.0	-7.0	97.35
64	127.0	-103.0	-45.0	38.0	-5.0	-9.0	-8.0	4.0	86.2
65	39.0	-9.0	-105.0	-17.0	-6.0	6.0	-27.0	26.0	80.1
66	-31.0	23.0	101.0	61.0	7.0	-11.0	-9.0	-35.0	63.94
67	62.0	-87.0	-8.0	47.0	40.0	-7.0	-16.0	47.0	66.94
68	3.0	106.0	-90.0	-120.0	6.0	10.0	-10.0	-16.0	65.69
69	127.0	-128.0	98.0	-11.0	-33.0	-15.0	6.0	10.0	71.92
70	-43.0	64.0	-44.0	-8.0	8.0	-23.0	10.0	-38.0	72.7
71	92.0	88.0	93.0	-9.0	8.0	5.0	-9.0	30.0	77.83
72	37.0	34.0	-48.0	-127.0	-12.0	9.0	-11.0	-25.0	77.83
73	-128.0	-4.0	28.0	47.0	2.0	-8.0	1.0	16.0	80.1
74	-38.0	11.0	52.0	9.0	-3.0	0.0	2.0	30.0	78.76
75	38.0	25.0	108.0	20.0	-7.0	7.0	2.0	20.0	83.62
76	65.0	87.0	-72.0	3.0	-11.0	-8.0	10.0	17.0	84.5
77	-128.0	114.0	100.0	12.0	-3.0	-11.0	11.0	32.0	71.92
78	124.0	-128.0	43.0	9.0	5.0	5.0	-3.0	39.0	75.55
79	-44.0	-1.0	-91.0	8.0	11.0	25.0	-4.0	-73.0	56.28
80	-65.0	127.0	-128.0	-48.0	-21.0	-2.0	12.0	65.0	60.77
81	-60.0	88.0	-20.0	73.0	1.0	2.0	-8.0	23.0	63.94
82	105.0	65.0	-121.0	19.0	34.0	-17.0	0.0	-1.0	58.06
83	127.0	7.0	-68.0	-28.0	2.0	-8.0	9.0	-23.0	56.08
84	-81.0	39.0	31.0	-66.0	4.0	0.0	2.0	-1.0	54.23
85	-19.0	-38.0	108.0	-1.0	-9.0	-9.0	5.0	100.0	49.24
