0	95.0	16.0	1.0	4.0	-1.0	-2.0	-2.0	33.0	165.12
1	3.0	-1.0	76.0	34.0	7.0	-1.0	0.0	-16.0	166.68
2	-53.0	-2.0	-97.0	1.0	1.0	4.0	-3.0	-2.0	166.68
3	0.0	108.0	55.0	-29.0	-4.0	0.0	14.0	-5.0	163.07
4	-33.0	-128.0	-1.0	-5.0	0.0	-1.0	5.0	35.0	161.52
5	5.0	0.0	14.0	-23.0	-2.0	-1.0	-1.0	-2.0	165.12
6	2.0	-104.0	-5.0	11.0	-11.0	-9.0	1.0	-12.0	163.07
7	26.0	-1.0	-33.0	34.0	-10.0	-1.0	-17.0	-22.0	145.17
8	-5.0	-3.0	51.0	20.0	0.0	-3.0	-2.0	-12.0	149.03
9	18.0	-5.0	11.0	0.0	-3.0	0.0	0.0	1.0	145.61
10	-128.0	-1.0	89.0	-29.0	3.0	0.0	1.0	1.0	144.75
11	-31.0	-39.0	-3.0	0.0	-4.0	4.0	3.0	8.0	144.96
12	0.0	100.0	-2.0	0.0	0.0	1.0	-16.0	-26.0	144.36
13	-128.0	124.0	-1.0	3.0	-4.0	11.0	-12.0	11.0	153.7
14	-128.0	60.0	-10.0	2.0	-3.0	-2.0	3.0	-33.0	144.75
15	29.0	-110.0	-48.0	28.0	-13.0	1.0	0.0	63.0	144.01
16	127.0	-2.0	19.0	-5.0	-1.0	-1.0	-2.0	-5.0	142.57
17	127.0	3.0	-2.0	1.0	-7.0	0.0	-1.0	-12.0	143.03
18	0.0	9.0	9.0	-8.0	-2.0	2.0	-8.0	-4.0	142.57
19	-111.0	-32.0	11.0	2.0	0.0	-12.0	-1.0	1.0	142.23
20	44.0	-83.0	-1.0	2.0	-1.0	-2.0	0.0	-1.0	124.0
21	93.0	-118.0	-2.0	-5.0	-3.0	-1.0	0.0	0.0	119.0
22	-57.0	5.0	0.0	2.0	-9.0	1.0	-1.0	6.0	124.74
23	2.0	-77.0	-2.0	-2.0	3.0	1.0	-2.0	1.0	114.4
24	-1.0	127.0	88.0	-5.0	-3.0	1.0	-2.0	-1.0	114.4
25	-119.0	-79.0	-4.0	-3.0	-2.0	-13.0	6.0	-40.0	117.96
26	-74.0	-119.0	-31.0	-4.0	-2.0	-4.0	1.0	-2.0	117.84
27	-1.0	0.0	-29.0	-1.0	-2.0	4.0	-2.0	6.0	117.84
28	-2.0	-1.0	-91.0	-16.0	-8.0	-1.0	1.0	-1.0	118.86
29	-117.0	53.0	2.0	-1.0	-1.0	-3.0	1.0	-1.0	122.3
30	-2.0	-8.0	-5.0	4.0	0.0	-15.0	-2.0	-3.0	135.83
31	127.0	-10.0	2.0	-6.0	-5.0	-1.0	-1.0	13.0	139.11
32	-49.0	1.0	-11.0	33.0	2.0	-9.0	3.0	8.0	127.66
33	-74.0	1.0	-1.0	-14.0	-2.0	1.0	-11.0	44.0	141.24
34	-12.0	-107.0	-3.0	-3.0	-2.0	-1.0	-13.0	-1.0	136.31
35	20.0	4.0	0.0	-6.0	-1.0	-8.0	-1.0	-2.0	141.52
36	-67.0	0.0	-9.0	-2.0	-7.0	-9.0	-2.0	-20.0	143.25
37	0.0	60.0	52.0	-6.0	1.0	-4.0	13.0	7.0	144.15
38	48.0	-3.0	71.0	13.0	-1.0	13.0	0.0	-25.0	142.49
39	-2.0	2.0	0.0	-8.0	0.0	-1.0	-2.0	-4.0	135.83
40	-85.0	-2.0	59.0	-20.0	1.0	-1.0	-11.0	-3.0	128.64
41	-10.0	1.0	-1.0	3.0	-2.0	0.0	-11.0	29.0	138.82
42	18.0	-5.0	4.0	7.0	-8.0	-2.0	-3.0	63.0	137.49
43	9.0	-1.0	13.0	-2.0	-6.0	0.0	1.0	0.0	143.11
44	-4.0	2.0	0.0	-5.0	-1.0	-1.0	0.0	3.0	144.64
45	-3.0	-2.0	-1.0	-12.0	-2.0	-2.0	-2.0	-52.0	145.34
46	23.0	-2.0	-38.0	0.0	-4.0	-6.0	-4.0	3.0	154.47
47	-1.0	4.0	-3.0	-1.0	2.0	-3.0	0.0	-10.0	150.56
48	5.0	-23.0	0.0	-3.0	-1.0	2.0	-2.0	-1.0	143.75
49	-33.0	-4.0	11.0	-4.0	0.0	-1.0	2.0	76.0	142.8
50	1.0	1.0	-40.0	-4.0	10.0	1.0	3.0	4.0	141.17
51	-23.0	-5.0	-7.0	-1.0	-2.0	-2.0	-2.0	-6.0	127.66
52	2.0	127.0	2.0	-25.0	-1.0	-7.0	3.0	-17.0	119.0
53	1.0	-128.0	-17.0	-6.0	13.0	-2.0	-2.0	3.0	137.8
54	0.0	-84.0	-1.0	28.0	-1.0	1.0	1.0	-1.0	137.49
55	-4.0	-2.0	-6.0	-6.0	1.0	2.0	-6.0	-1.0	134.72
56	-5.0	2.0	-94.0	-28.0	6.0	-1.0	-4.0	42.0	140.14
57	-1.0	91.0	13.0	-17.0	-7.0	1.0	3.0	-32.0	142.23
58	-2.0	27.0	-45.0	16.0	1.0	-8.0	5.0	2.0	141.24
59	-3.0	-128.0	36.0	41.0	1.0	-8.0	5.0	1.0	127.21
60	113.0	-1.0	-57.0	3.0	13.0	-3.0	-5.0	-14.0	143.03
61	-3.0	18.0	1.0	-5.0	0.0	0.0	-5.0	-3.0	147.37
62	48.0	25.0	-1.0	0.0	-7.0	-4.0	-1.0	2.0	155.6
63	-7.0	0.0	5.0	4.0	0.0	-3.0	1.0	8.0	155.6
64	2.0	-11.0	0.0	-2.0	2.0	1.0	-5.0	0.0	164.97
65	-46.0	-107.0	-36.0	-2.0	-1.0	0.0	8.0	-2.0	157.57
66	-3.0	6.0	1.0	-17.0	-1.0	-1.0	-8.0	2.0	145.34
67	62.0	7.0	-2.0	5.0	-2.0	1.0	2.0	-16.0	149.03
68	127.0	0.0	88.0	-15.0	-8.0	0.0	0.0	-3.0	143.25
69	0.0	-3.0	-2.0	0.0	-16.0	1.0	-2.0	1.0	141.54
70	-98.0	-102.0	-53.0	-9.0	-2.0	-8.0	18.0	4.0	128.64
71	49.0	-2.0	1.0	0.0	2.0	7.0	-9.0	-2.0	127.21
72	-41.0	108.0	-6.0	1.0	5.0	0.0	-1.0	-1.0	137.07
73	-1.0	-2.0	41.0	2.0	-2.0	-1.0	1.0	-19.0	131.68
74	1.0	1.0	-2.0	9.0	-3.0	0.0	-6.0	26.0	144.15
75	0.0	-5.0	-3.0	-7.0	3.0	1.0	0.0	28.0	145.68
76	-3.0	1.0	-3.0	2.0	-1.0	-2.0	-5.0	6.0	144.36
77	30.0	-6.0	19.0	-6.0	-1.0	4.0	2.0	-2.0	157.27
78	-8.0	-1.0	-2.0	2.0	-2.0	-16.0	1.0	1.0	154.17
79	-3.0	-1.0	-1.0	-17.0	0.0	0.0	-3.0	-4.0	153.7
80	0.0	1.0	68.0	-2.0	-8.0	-2.0	0.0	1.0	153.25
81	-1.0	127.0	2.0	0.0	-6.0	-9.0	5.0	1.0	156.85
82	-5.0	60.0	-27.0	-5.0	0.0	0.0	-6.0	18.0	157.27
83	-3.0	21.0	1.0	-11.0	-8.0	10.0	-2.0	-7.0	158.48
84	-2.0	0.0	4.0	7.0	6.0	-8.0	1.0	-2.0	158.57
