0	-109.0	-23.0	60.0	127.0	-5.0	0.0	-15.0	-4.0	81.0
1	100.0	73.0	33.0	-91.0	-2.0	-6.0	-4.0	-85.0	82.53
2	-89.0	-23.0	-15.0	-5.0	5.0	5.0	-8.0	-21.0	83.35
3	-14.0	-120.0	-40.0	-43.0	-12.0	0.0	-6.0	-68.0	89.55
4	-64.0	111.0	101.0	8.0	3.0	9.0	4.0	9.0	96.39
5	-99.0	-23.0	6.0	-35.0	39.0	7.0	5.0	-4.0	79.45
6	-20.0	-56.0	-117.0	-13.0	-6.0	-24.0	-18.0	-10.0	71.37
7	-128.0	29.0	-9.0	59.0	-1.0	-14.0	-2.0	66.0	70.42
8	100.0	90.0	-116.0	-32.0	1.0	4.0	7.0	-13.0	75.77
9	100.0	-74.0	-27.0	-16.0	0.0	-21.0	11.0	-66.0	71.37
10	-20.0	-10.0	-59.0	-13.0	6.0	-7.0	6.0	26.0	62.46
11	120.0	-78.0	79.0	-27.0	4.0	2.0	-1.0	59.0	61.82
12	47.0	-4.0	-27.0	-28.0	-18.0	21.0	-2.0	-2.0	58.79
13	93.0	-19.0	-87.0	2.0	-19.0	3.0	-3.0	-66.0	52.01
14	54.0	-9.0	-58.0	69.0	-24.0	-10.0	-15.0	49.0	55.25
15	-13.0	-64.0	19.0	9.0	-12.0	7.0	7.0	15.0	54.56
16	112.0	92.0	-46.0	-104.0	7.0	4.0	11.0	-44.0	49.87
17	-64.0	6.0	-77.0	44.0	-3.0	9.0	-18.0	-19.0	44.04
18	-89.0	-83.0	-39.0	-44.0	6.0	9.0	-6.0	15.0	44.04
19	91.0	48.0	127.0	42.0	12.0	-12.0	-4.0	-13.0	47.89
20	54.0	8.0	-86.0	-73.0	-23.0	-42.0	-10.0	-9.0	47.19
21	-90.0	57.0	40.0	10.0	-13.0	-1.0	0.0	-48.0	47.19
22	-128.0	-104.0	32.0	-55.0	-2.0	-6.0	11.0	-24.0	46.8
23	20.0	35.0	91.0	-44.0	-5.0	-2.0	-13.0	31.0	48.02
24	51.0	-118.0	-56.0	-12.0	-3.0	-27.0	-7.0	-13.0	54.93
25	84.0	-113.0	-12.0	-18.0	11.0	16.0	0.0	-4.0	56.29
26	-128.0	16.0	-39.0	58.0	-4.0	-13.0	43.0	-2.0	56.14
27	41.0	-87.0	-7.0	-22.0	10.0	-3.0	-3.0	-21.0	53.37
28	125.0	77.0	127.0	13.0	-9.0	-2.0	-4.0	-83.0	61.82
29	-59.0	-93.0	-128.0	-30.0	-5.0	21.0	7.0	5.0	60.84
30	-89.0	41.0	-19.0	1.0	-9.0	-9.0	1.0	-25.0	67.26
31	45.0	-128.0	54.0	-35.0	-7.0	8.0	18.0	-7.0	65.98
32	28.0	103.0	-128.0	-51.0	-6.0	3.0	10.0	127.0	56.29
33	-104.0	78.0	-105.0	22.0	7.0	5.0	2.0	43.0	67.26
34	-35.0	111.0	104.0	-18.0	3.0	-4.0	8.0	24.0	58.79
35	-128.0	-106.0	127.0	10.0	9.0	0.0	-3.0	-21.0	47.89
36	-8.0	-9.0	-85.0	7.0	-4.0	-10.0	-20.0	32.0	53.76
37	88.0	-40.0	-84.0	-26.0	-14.0	-5.0	-6.0	36.0	55.25
38	127.0	7.0	1.0	-40.0	30.0	-16.0	-10.0	-12.0	54.56
39	-128.0	-104.0	-26.0	-9.0	-5.0	0.0	12.0	-16.0	69.86
40	47.0	-128.0	-111.0	4.0	-23.0	48.0	0.0	1.0	70.2
41	41.0	2.0	33.0	-16.0	-2.0	-6.0	13.0	11.0	73.6
42	-72.0	-50.0	15.0	-23.0	-14.0	3.0	-3.0	14.0	70.2
43	32.0	60.0	-128.0	-57.0	12.0	-16.0	7.0	-109.0	72.55
44	-128.0	-85.0	98.0	-10.0	2.0	-4.0	-4.0	65.0	72.55
45	29.0	-128.0	-71.0	-26.0	-5.0	35.0	-4.0	-12.0	79.45
46	-73.0	48.0	48.0	0.0	10.0	-10.0	6.0	13.0	79.34
47	83.0	-106.0	-40.0	-128.0	-4.0	11.0	-1.0	-31.0	75.68
48	-10.0	-23.0	-9.0	25.0	-2.0	8.0	1.0	-116.0	75.68
49	-86.0	-9.0	3.0	-30.0	8.0	-9.0	5.0	14.0	85.3
50	-23.0	23.0	16.0	-47.0	4.0	7.0	-9.0	18.0	83.35
51	-10.0	-53.0	-49.0	48.0	-23.0	-14.0	-5.0	52.0	87.09
52	-32.0	127.0	38.0	-39.0	-8.0	-11.0	8.0	21.0	87.09
53	46.0	-72.0	14.0	-44.0	1.0	1.0	5.0	14.0	93.41
54	127.0	-128.0	-16.0	-98.0	-11.0	-9.0	-4.0	11.0	87.97
55	-62.0	39.0	11.0	-128.0	-4.0	-3.0	-3.0	16.0	114.84
56	-3.0	85.0	-63.0	67.0	2.0	3.0	-2.0	6.0	101.68
57	-71.0	80.0	-41.0	0.0	4.0	-24.0	-16.0	7.0	93.41
58	115.0	-128.0	-78.0	16.0	1.0	1.0	-14.0	20.0	94.48
59	38.0	-32.0	91.0	34.0	-1.0	13.0	1.0	34.0	91.93
60	-89.0	127.0	-12.0	93.0	6.0	-14.0	5.0	-24.0	108.39
61	2.0	50.0	127.0	124.0	0.0	-10.0	-2.0	-12.0	109.12
62	-75.0	-63.0	91.0	-91.0	8.0	11.0	-1.0	19.0	96.39
63	29.0	97.0	43.0	-41.0	2.0	10.0	3.0	-1.0	91.93
64	35.0	16.0	-3.0	16.0	-3.0	10.0	5.0	-60.0	98.97
65	127.0	45.0	91.0	-16.0	-10.0	-4.0	-18.0	-107.0	87.97
66	38.0	-110.0	43.0	22.0	-9.0	1.0	-5.0	36.0	81.0
67	-49.0	60.0	24.0	69.0	8.0	2.0	5.0	0.0	112.09
68	-4.0	-79.0	41.0	56.0	-1.0	10.0	9.0	-3.0	113.64
69	0.0	-124.0	-80.0	123.0	-5.0	-15.0	-6.0	13.0	106.7
70	11.0	21.0	-86.0	-53.0	-18.0	-3.0	14.0	-25.0	98.36
71	-105.0	-65.0	-80.0	110.0	6.0	-6.0	-2.0	0.0	114.1
72	72.0	-42.0	-32.0	8.0	-6.0	-2.0	-4.0	1.0	106.7
73	21.0	111.0	-19.0	18.0	25.0	11.0	-6.0	32.0	116.78
74	10.0	-91.0	-20.0	-7.0	-19.0	12.0	-5.0	2.0	117.96
75	59.0	127.0	23.0	-79.0	-2.0	-4.0	-9.0	-36.0	116.78
76	-93.0	67.0	-57.0	58.0	2.0	7.0	-26.0	0.0	116.71
77	19.0	32.0	-64.0	-85.0	13.0	-11.0	13.0	22.0	114.1
78	127.0	8.0	-13.0	-18.0	2.0	1.0	10.0	-20.0	114.84
79	68.0	-44.0	-34.0	-44.0	-3.0	-11.0	-8.0	-51.0	101.68
80	10.0	64.0	58.0	25.0	7.0	12.0	0.0	-21.0	113.64
81	-121.0	127.0	66.0	-69.0	26.0	4.0	-2.0	17.0	115.55
82	127.0	-4.0	12.0	3.0	-30.0	3.0	10.0	8.0	117.09
83	104.0	22.0	13.0	-7.0	4.0	20.0	10.0	-7.0	103.87
84	26.0	127.0	-116.0	61.0	5.0	1.0	-10.0	13.0	108.39
85	-33.0	-84.0	10.0	89.0	-9.0	3.0	-5.0	23.0	112.71
86	72.0	-40.0	2.0	1.0	-3.0	-3.0	7.0	6.0	111.81
87	1.0	-115.0	48.0	30.0	-11.0	-11.0	7.0	-13.0	115.81
88	-34.0	-85.0	27.0	-29.0	-18.0	-26.0	0.0	-6.0	103.04
