0	7.0	101.0	-42.0	-14.0	12.0	-4.0	-6.0	-23.0	70.12
1	-128.0	-66.0	-61.0	-18.0	-6.0	-1.0	-10.0	-23.0	87.47
2	-70.0	3.0	-35.0	56.0	0.0	7.0	-3.0	69.0	71.68
3	121.0	56.0	-128.0	-10.0	-2.0	15.0	23.0	-13.0	71.68
4	120.0	96.0	-40.0	12.0	-11.0	14.0	5.0	9.0	89.12
5	62.0	29.0	32.0	-46.0	0.0	-2.0	-10.0	-12.0	71.38
6	97.0	62.0	-53.0	-128.0	3.0	-5.0	-5.0	-2.0	86.05
7	-58.0	55.0	38.0	-5.0	14.0	14.0	9.0	-28.0	93.64
8	50.0	-113.0	-92.0	-11.0	-4.0	8.0	10.0	21.0	102.5
9	29.0	-68.0	70.0	38.0	1.0	4.0	-4.0	9.0	99.62
10	127.0	-8.0	36.0	5.0	-12.0	-6.0	-3.0	-1.0	99.54
11	58.0	53.0	-5.0	-26.0	3.0	-1.0	28.0	65.0	99.47
12	70.0	102.0	52.0	14.0	0.0	-1.0	-16.0	16.0	97.29
13	21.0	-84.0	79.0	-84.0	-16.0	-3.0	-7.0	-22.0	93.12
14	33.0	-48.0	-63.0	-6.0	-1.0	0.0	-14.0	44.0	86.05
15	-35.0	75.0	-19.0	22.0	11.0	13.0	-14.0	-52.0	90.52
16	62.0	34.0	44.0	-16.0	-14.0	-7.0	-7.0	1.0	95.84
17	63.0	54.0	54.0	38.0	-8.0	4.0	1.0	-30.0	93.12
18	-71.0	127.0	54.0	-20.0	2.0	-11.0	12.0	-17.0	98.76
19	41.0	-70.0	-27.0	30.0	6.0	-11.0	6.0	4.0	94.37
20	65.0	-91.0	-3.0	14.0	4.0	9.0	-3.0	-11.0	105.08
21	-63.0	66.0	-64.0	-91.0	9.0	-6.0	7.0	11.0	116.8
22	-22.0	-69.0	58.0	-22.0	-3.0	-5.0	-4.0	-51.0	108.11
23	-38.0	37.0	-11.0	73.0	1.0	2.0	6.0	1.0	119.24
24	127.0	-128.0	127.0	-14.0	6.0	-9.0	20.0	7.0	121.47
25	-38.0	-29.0	-7.0	75.0	13.0	-2.0	-14.0	39.0	128.49
26	-128.0	119.0	-102.0	11.0	6.0	-2.0	-6.0	45.0	131.66
27	-18.0	-17.0	7.0	83.0	-23.0	-2.0	7.0	-48.0	127.93
28	21.0	-98.0	5.0	-2.0	1.0	1.0	3.0	44.0	127.04
29	-35.0	-58.0	-71.0	-34.0	-14.0	10.0	45.0	48.0	125.43
30	-66.0	-68.0	53.0	22.0	-3.0	14.0	-1.0	-77.0	122.95
31	37.0	-10.0	63.0	47.0	2.0	-17.0	-40.0	-37.0	127.93
32	-19.0	-40.0	37.0	-51.0	18.0	6.0	-16.0	-48.0	131.15
33	-128.0	112.0	-31.0	44.0	-6.0	1.0	-4.0	-23.0	130.55
34	34.0	93.0	-69.0	-38.0	-9.0	3.0	53.0	-35.0	133.62
35	68.0	-10.0	60.0	40.0	13.0	2.0	-4.0	46.0	132.96
36	-89.0	103.0	-59.0	14.0	-13.0	21.0	5.0	-10.0	133.88
37	-108.0	38.0	71.0	25.0	-8.0	-11.0	-12.0	-23.0	133.68
38	66.0	-105.0	-113.0	-32.0	-6.0	-3.0	-4.0	-68.0	133.93
39	-3.0	-46.0	107.0	3.0	-17.0	-13.0	-36.0	17.0	133.93
40	-19.0	83.0	-37.0	-14.0	-6.0	-10.0	-8.0	15.0	133.68
41	46.0	-51.0	19.0	-26.0	-2.0	-8.0	-11.0	76.0	133.16
42	19.0	-35.0	-62.0	50.0	3.0	13.0	15.0	49.0	131.66
43	-53.0	46.0	68.0	-29.0	-1.0	-1.0	17.0	-17.0	127.04
44	88.0	72.0	-50.0	67.0	19.0	12.0	16.0	-60.0	115.06
45	-36.0	-24.0	0.0	0.0	4.0	10.0	5.0	-28.0	119.24
46	-79.0	-112.0	58.0	-7.0	-12.0	-4.0	12.0	0.0	121.47
47	36.0	-60.0	4.0	-52.0	3.0	4.0	2.0	10.0	119.47
48	-58.0	107.0	-110.0	56.0	12.0	9.0	0.0	-8.0	105.08
49	2.0	6.0	76.0	47.0	-15.0	-42.0	-7.0	13.0	100.2
50	-59.0	54.0	39.0	57.0	30.0	-3.0	1.0	9.0	103.93
51	126.0	112.0	-37.0	-90.0	-7.0	-11.0	-7.0	11.0	102.57
52	111.0	52.0	-34.0	99.0	9.0	-9.0	15.0	-46.0	102.57
53	127.0	-100.0	-23.0	7.0	-12.0	-3.0	4.0	3.0	97.29
54	72.0	84.0	19.0	-83.0	9.0	4.0	-62.0	37.0	99.47
55	4.0	127.0	-95.0	-48.0	-3.0	16.0	-70.0	-35.0	106.9
56	23.0	-66.0	-34.0	34.0	5.0	24.0	-3.0	71.0	104.64
57	-33.0	-83.0	115.0	20.0	-8.0	-11.0	-1.0	-52.0	106.9
58	-104.0	-22.0	-70.0	-78.0	12.0	6.0	8.0	-34.0	116.8
59	37.0	-23.0	25.0	35.0	-10.0	-9.0	3.0	-31.0	123.36
60	-128.0	-9.0	1.0	0.0	10.0	-4.0	-4.0	12.0	109.77
61	-76.0	73.0	-99.0	-86.0	23.0	-1.0	-9.0	0.0	93.64
62	85.0	53.0	-37.0	-30.0	13.0	32.0	-1.0	64.0	92.03
63	108.0	-128.0	-89.0	-21.0	5.0	-13.0	-11.0	-5.0	89.12
64	-128.0	-11.0	-67.0	-128.0	19.0	12.0	42.0	1.0	70.27
65	-128.0	50.0	-14.0	-4.0	-4.0	13.0	-5.0	6.0	70.71
66	28.0	-75.0	-5.0	17.0	-44.0	0.0	-2.0	47.0	56.46
67	-128.0	91.0	9.0	8.0	-8.0	-9.0	-5.0	18.0	54.84
68	70.0	105.0	-80.0	8.0	-1.0	11.0	-4.0	26.0	53.86
69	95.0	-96.0	-23.0	-6.0	-15.0	-10.0	0.0	16.0	70.71
70	-118.0	41.0	109.0	5.0	-6.0	-6.0	-4.0	22.0	70.6
71	84.0	-127.0	-40.0	-11.0	-16.0	8.0	-1.0	26.0	70.27
72	-126.0	-104.0	30.0	71.0	-5.0	24.0	5.0	-23.0	54.34
73	33.0	-92.0	53.0	-9.0	10.0	8.0	39.0	28.0	58.48
74	66.0	37.0	4.0	34.0	-13.0	6.0	1.0	-8.0	52.61
75	-88.0	24.0	35.0	-34.0	14.0	-13.0	-2.0	-3.0	42.7
76	-18.0	-128.0	27.0	-49.0	15.0	-7.0	-1.0	-34.0	41.99
77	-3.0	-128.0	-128.0	14.0	-2.0	-1.0	7.0	-63.0	41.99
78	127.0	35.0	-8.0	-42.0	-14.0	-22.0	15.0	40.0	41.9
79	0.0	-37.0	37.0	12.0	-4.0	-7.0	-1.0	12.0	48.22
80	20.0	3.0	-40.0	14.0	-1.0	-13.0	35.0	-40.0	52.61
81	77.0	-12.0	-14.0	-104.0	-1.0	-1.0	-19.0	70.0	60.44
82	9.0	89.0	22.0	11.0	6.0	5.0	-1.0	68.0	54.84
