0	111.0	-90.0	17.0	-90.0	3.0	28.0	-92.0	8.0	95.23
1	-81.0	46.0	-96.0	38.0	-7.0	-3.0	29.0	28.0	106.7
2	2.0	-85.0	-61.0	79.0	0.0	4.0	-23.0	-61.0	106.37
3	12.0	101.0	8.0	-92.0	7.0	-34.0	80.0	20.0	108.15
4	-53.0	75.0	-19.0	0.0	-17.0	-28.0	-6.0	-5.0	102.89
5	-28.0	19.0	31.0	-30.0	-26.0	7.0	-43.0	11.0	107.96
6	4.0	-94.0	-26.0	-54.0	10.0	3.0	-22.0	-74.0	108.39
7	82.0	11.0	-89.0	92.0	12.0	25.0	30.0	39.0	108.61
8	33.0	-103.0	-32.0	91.0	16.0	-12.0	25.0	-8.0	108.61
9	-100.0	-89.0	-53.0	1.0	-11.0	35.0	3.0	-41.0	108.61
10	71.0	-71.0	-60.0	-25.0	22.0	-64.0	-22.0	4.0	108.62
11	-92.0	9.0	-12.0	-31.0	-39.0	-1.0	15.0	5.0	108.61
12	47.0	-38.0	-29.0	-20.0	-10.0	-2.0	12.0	-9.0	108.8
13	127.0	-89.0	-52.0	3.0	23.0	-3.0	2.0	28.0	108.47
14	-114.0	31.0	42.0	74.0	5.0	15.0	-5.0	14.0	102.89
15	21.0	117.0	5.0	24.0	-9.0	-5.0	-54.0	-44.0	100.29
16	-78.0	48.0	39.0	25.0	25.0	8.0	-6.0	-24.0	107.54
17	-101.0	-11.0	34.0	35.0	13.0	34.0	12.0	-5.0	102.49
18	-20.0	-26.0	-40.0	-30.0	-1.0	-8.0	8.0	25.0	100.29
19	117.0	-86.0	-39.0	62.0	7.0	38.0	-24.0	22.0	85.81
20	28.0	61.0	19.0	30.0	17.0	6.0	-5.0	-25.0	84.63
21	84.0	-97.0	22.0	-22.0	-4.0	-13.0	-8.0	-11.0	84.33
22	-128.0	-23.0	18.0	51.0	29.0	15.0	8.0	29.0	94.5
23	-128.0	80.0	23.0	1.0	30.0	0.0	-36.0	-19.0	83.57
24	100.0	-106.0	32.0	82.0	5.0	-16.0	70.0	-23.0	80.14
25	-65.0	18.0	-54.0	55.0	-13.0	2.0	21.0	-12.0	80.14
26	-128.0	22.0	47.0	8.0	-10.0	9.0	-3.0	-26.0	82.92
27	-21.0	-88.0	-38.0	13.0	8.0	19.0	13.0	13.0	77.43
28	-72.0	26.0	99.0	28.0	-3.0	-28.0	-40.0	28.0	74.23
29	34.0	-66.0	19.0	26.0	18.0	-14.0	-4.0	-14.0	69.72
30	20.0	-101.0	-7.0	-9.0	-20.0	-10.0	-2.0	-15.0	53.16
31	61.0	-87.0	7.0	-20.0	16.0	-33.0	2.0	-14.0	63.57
32	-94.0	-43.0	23.0	-27.0	2.0	32.0	3.0	-19.0	74.01
33	-51.0	8.0	-72.0	95.0	-22.0	-11.0	25.0	-17.0	75.45
34	9.0	-128.0	82.0	-56.0	-2.0	-2.0	-15.0	6.0	77.38
35	127.0	47.0	-66.0	44.0	-1.0	9.0	-14.0	26.0	70.08
36	39.0	-48.0	23.0	-46.0	-1.0	-9.0	-8.0	13.0	58.9
37	-81.0	113.0	-109.0	72.0	12.0	3.0	-33.0	-1.0	60.75
38	48.0	-128.0	41.0	-67.0	4.0	-11.0	-16.0	22.0	52.86
39	-72.0	127.0	-12.0	-21.0	17.0	27.0	60.0	-33.0	54.06
40	-26.0	-75.0	-71.0	-34.0	-10.0	-1.0	-9.0	69.0	55.24
41	-45.0	-17.0	-31.0	-55.0	33.0	-7.0	14.0	-32.0	52.46
42	-27.0	95.0	78.0	-38.0	-16.0	0.0	-6.0	21.0	52.97
43	127.0	-30.0	-19.0	-65.0	24.0	-18.0	3.0	58.0	55.24
44	64.0	-13.0	-84.0	-128.0	-11.0	5.0	-16.0	11.0	57.32
45	78.0	26.0	-10.0	92.0	-6.0	-8.0	-3.0	2.0	75.45
46	18.0	22.0	30.0	-36.0	17.0	-11.0	6.0	39.0	74.23
47	-116.0	92.0	-9.0	-4.0	14.0	4.0	-5.0	-21.0	63.57
48	102.0	2.0	-58.0	64.0	-7.0	-5.0	10.0	-25.0	52.97
49	24.0	45.0	36.0	40.0	-1.0	-13.0	11.0	-65.0	52.86
50	90.0	79.0	-16.0	35.0	-41.0	37.0	44.0	10.0	58.9
51	-70.0	-87.0	-32.0	-75.0	-1.0	-2.0	-25.0	-26.0	57.32
52	50.0	91.0	-12.0	-16.0	-7.0	-3.0	-1.0	7.0	54.41
53	115.0	-44.0	42.0	11.0	-36.0	2.0	-24.0	-20.0	65.69
54	23.0	-9.0	26.0	103.0	27.0	9.0	-12.0	19.0	66.53
55	-92.0	20.0	20.0	-67.0	9.0	23.0	28.0	24.0	62.6
56	-15.0	18.0	-2.0	-53.0	12.0	-9.0	-16.0	-29.0	71.98
57	84.0	71.0	8.0	80.0	11.0	5.0	-24.0	-24.0	76.09
58	-128.0	-94.0	-14.0	10.0	-4.0	-6.0	23.0	-59.0	77.38
59	3.0	12.0	3.0	-63.0	32.0	19.0	-6.0	16.0	70.08
60	61.0	-104.0	-10.0	6.0	20.0	-42.0	-25.0	-10.0	59.06
61	-87.0	113.0	42.0	66.0	-3.0	-20.0	7.0	-41.0	69.72
62	-4.0	-116.0	42.0	16.0	-12.0	-17.0	12.0	-29.0	76.53
63	-128.0	-114.0	-6.0	57.0	18.0	4.0	5.0	-19.0	77.43
64	-71.0	84.0	40.0	78.0	6.0	16.0	4.0	-85.0	81.87
65	70.0	-61.0	-21.0	26.0	-18.0	-16.0	-3.0	0.0	85.81
66	-48.0	-96.0	52.0	-15.0	-22.0	-4.0	53.0	13.0	85.02
67	-83.0	-72.0	-12.0	-28.0	-5.0	16.0	-20.0	-12.0	85.02
68	14.0	70.0	-128.0	-62.0	2.0	-23.0	4.0	2.0	99.78
69	-76.0	33.0	-28.0	31.0	-7.0	-2.0	-14.0	15.0	84.63
70	80.0	42.0	-13.0	-49.0	-12.0	-19.0	-16.0	55.0	88.3
71	-33.0	-128.0	61.0	-5.0	-3.0	13.0	-14.0	-64.0	93.38
72	68.0	30.0	-9.0	-8.0	-13.0	-12.0	-6.0	22.0	101.12
73	41.0	-32.0	121.0	-5.0	-21.0	39.0	-13.0	53.0	108.37
74	-79.0	-24.0	-49.0	45.0	-1.0	5.0	-12.0	-35.0	107.96
75	-1.0	-80.0	1.0	50.0	14.0	37.0	-2.0	31.0	102.49
76	82.0	-76.0	10.0	71.0	0.0	-21.0	-10.0	-21.0	89.83
77	19.0	110.0	-25.0	-16.0	35.0	-40.0	-13.0	0.0	94.5
78	89.0	-73.0	68.0	80.0	-17.0	-18.0	-8.0	9.0	94.01
79	2.0	114.0	110.0	-16.0	39.0	-12.0	-36.0	-42.0	97.52
80	-89.0	127.0	4.0	0.0	-13.0	1.0	-43.0	7.0	102.41
81	41.0	-128.0	-45.0	-10.0	-12.0	-5.0	19.0	4.0	107.41
82	-71.0	-34.0	-28.0	6.0	-16.0	-10.0	17.0	5.0	107.41
83	107.0	-78.0	-38.0	3.0	-15.0	13.0	-10.0	40.0	108.39
84	19.0	26.0	79.0	-69.0	-4.0	0.0	-2.0	6.0	107.24
85	75.0	127.0	-71.0	-4.0	9.0	8.0	-16.0	-6.0	107.54
86	-41.0	50.0	69.0	-18.0	-8.0	-29.0	17.0	14.0	94.01
87	-2.0	-79.0	15.0	0.0	-12.0	35.0	10.0	-28.0	89.83
