0	-128.0	-4.0	12.0	62.0	-15.0	16.0	17.0	-14.0	76.58
1	-83.0	-82.0	-107.0	83.0	-22.0	-13.0	-47.0	24.0	74.24
2	-128.0	-128.0	27.0	4.0	28.0	7.0	2.0	3.0	74.24
3	97.0	-106.0	65.0	19.0	24.0	3.0	2.0	-4.0	74.01
4	40.0	93.0	-128.0	74.0	21.0	7.0	37.0	40.0	69.19
5	25.0	88.0	26.0	-92.0	-17.0	-12.0	-6.0	-5.0	77.68
6	108.0	-114.0	29.0	-13.0	-21.0	12.0	-13.0	55.0	76.58
7	119.0	59.0	-15.0	66.0	6.0	14.0	-14.0	73.0	71.23
8	124.0	2.0	100.0	-56.0	-22.0	8.0	-1.0	37.0	78.47
9	16.0	15.0	41.0	-97.0	10.0	24.0	-14.0	9.0	71.57
10	33.0	95.0	45.0	-46.0	-24.0	-2.0	10.0	27.0	75.91
11	-74.0	-45.0	-65.0	92.0	-3.0	-37.0	-8.0	-50.0	78.91
12	22.0	127.0	-42.0	34.0	-9.0	15.0	3.0	8.0	69.13
13	80.0	75.0	-15.0	-15.0	9.0	-11.0	41.0	28.0	65.98
14	-128.0	-23.0	38.0	-18.0	0.0	-14.0	23.0	-1.0	66.39
15	39.0	-94.0	19.0	-7.0	14.0	0.0	19.0	-17.0	60.83
16	-73.0	-67.0	-62.0	-67.0	21.0	10.0	-16.0	0.0	55.85
17	92.0	-48.0	-74.0	-19.0	-22.0	23.0	-21.0	0.0	51.79
18	111.0	-124.0	-12.0	127.0	6.0	-26.0	-68.0	10.0	51.79
19	59.0	21.0	-87.0	71.0	-20.0	-16.0	6.0	1.0	50.41
20	22.0	127.0	11.0	-28.0	-6.0	22.0	27.0	-14.0	50.41
21	21.0	-83.0	28.0	18.0	-2.0	-21.0	2.0	-9.0	50.46
22	102.0	127.0	-46.0	-48.0	3.0	-6.0	5.0	-1.0	50.4
23	15.0	-70.0	65.0	-14.0	-20.0	-29.0	25.0	-6.0	50.4
24	38.0	-75.0	59.0	3.0	0.0	10.0	25.0	2.0	50.34
25	-91.0	126.0	-56.0	30.0	38.0	-38.0	31.0	-6.0	50.79
26	-107.0	94.0	51.0	48.0	-3.0	1.0	9.0	-64.0	51.17
27	82.0	39.0	69.0	1.0	10.0	-24.0	-48.0	-48.0	51.18
28	54.0	-91.0	35.0	-12.0	42.0	19.0	21.0	-4.0	51.17
29	117.0	41.0	-1.0	116.0	-35.0	36.0	-43.0	-4.0	52.23
30	-61.0	34.0	-13.0	-32.0	0.0	7.0	-30.0	33.0	55.11
31	127.0	88.0	-38.0	1.0	4.0	15.0	70.0	-49.0	60.83
32	122.0	-123.0	-53.0	110.0	-19.0	8.0	4.0	11.0	55.85
33	28.0	95.0	-54.0	-72.0	-27.0	-8.0	-31.0	45.0	52.23
34	127.0	28.0	-25.0	-63.0	34.0	2.0	1.0	-12.0	53.98
35	-1.0	-128.0	22.0	-56.0	27.0	-24.0	-79.0	-18.0	62.7
36	-52.0	-120.0	-24.0	-22.0	-14.0	1.0	-17.0	-42.0	62.7
37	127.0	-89.0	127.0	-11.0	22.0	-2.0	12.0	35.0	79.46
38	60.0	-67.0	30.0	17.0	-13.0	30.0	-8.0	2.0	77.68
39	127.0	90.0	-24.0	18.0	-20.0	1.0	20.0	-28.0	63.15
40	-128.0	-116.0	-57.0	6.0	26.0	-32.0	18.0	-46.0	61.61
41	-119.0	-72.0	78.0	39.0	7.0	4.0	-30.0	-16.0	65.98
42	-22.0	-59.0	-54.0	-59.0	-11.0	5.0	-9.0	-8.0	58.31
43	-109.0	-110.0	21.0	67.0	12.0	2.0	-52.0	-6.0	69.13
44	-57.0	-97.0	9.0	75.0	11.0	-19.0	-2.0	41.0	71.23
45	-120.0	-15.0	-35.0	45.0	26.0	-6.0	-24.0	50.0	81.97
46	127.0	56.0	11.0	11.0	-6.0	4.0	-7.0	28.0	84.1
47	98.0	-15.0	70.0	18.0	-2.0	14.0	-2.0	59.0	96.77
48	-99.0	-114.0	-20.0	41.0	-23.0	32.0	-31.0	81.0	96.77
49	-128.0	-28.0	13.0	-28.0	0.0	-22.0	3.0	-2.0	96.96
50	86.0	46.0	36.0	-13.0	-19.0	-16.0	-15.0	-12.0	93.61
51	-125.0	-12.0	77.0	37.0	19.0	53.0	25.0	26.0	81.66
52	-32.0	-91.0	29.0	-128.0	-22.0	5.0	-36.0	-49.0	93.61
53	15.0	80.0	61.0	74.0	5.0	17.0	-3.0	19.0	78.91
54	81.0	18.0	70.0	-42.0	10.0	-47.0	-31.0	-90.0	81.66
55	-128.0	-59.0	-89.0	-63.0	-7.0	9.0	5.0	7.0	85.22
56	-63.0	68.0	28.0	127.0	-1.0	-22.0	3.0	-11.0	82.51
57	-128.0	40.0	64.0	8.0	-2.0	15.0	-51.0	-1.0	96.96
58	122.0	127.0	18.0	-7.0	-15.0	-12.0	-11.0	20.0	100.9
59	19.0	101.0	-84.0	21.0	10.0	-30.0	-32.0	9.0	102.04
60	17.0	-88.0	-54.0	111.0	-11.0	-2.0	-1.0	19.0	108.74
61	36.0	79.0	-8.0	64.0	-10.0	4.0	-25.0	3.0	110.25
62	-128.0	87.0	33.0	45.0	19.0	-3.0	-49.0	-33.0	112.02
63	-14.0	3.0	3.0	-63.0	0.0	0.0	-9.0	3.0	111.56
64	-84.0	83.0	18.0	-2.0	8.0	-22.0	3.0	0.0	109.88
65	82.0	69.0	81.0	-104.0	0.0	4.0	1.0	3.0	111.06
66	110.0	-38.0	28.0	71.0	1.0	-33.0	-4.0	-22.0	112.16
67	-1.0	29.0	-6.0	-13.0	1.0	6.0	8.0	13.0	112.3
68	127.0	107.0	95.0	4.0	5.0	0.0	4.0	79.0	112.17
69	51.0	127.0	45.0	-63.0	15.0	-16.0	-25.0	-41.0	112.17
70	30.0	-46.0	-65.0	-53.0	-1.0	16.0	-12.0	-48.0	108.5
71	45.0	109.0	-69.0	-17.0	-1.0	9.0	4.0	-22.0	103.95
72	-18.0	-6.0	-19.0	-60.0	-18.0	5.0	-16.0	8.0	108.74
73	127.0	127.0	-39.0	48.0	14.0	-1.0	74.0	29.0	111.64
74	101.0	93.0	-48.0	-28.0	23.0	-17.0	-7.0	-70.0	111.64
75	-29.0	-125.0	7.0	-4.0	8.0	-12.0	118.0	-10.0	111.56
76	127.0	-82.0	19.0	97.0	-1.0	14.0	-51.0	-42.0	110.25
77	118.0	51.0	-75.0	23.0	-29.0	13.0	-9.0	-35.0	103.62
78	-128.0	5.0	-120.0	63.0	-10.0	11.0	10.0	65.0	100.17
79	12.0	117.0	99.0	-54.0	0.0	33.0	-55.0	39.0	100.17
80	127.0	-31.0	48.0	22.0	-6.0	10.0	24.0	12.0	99.17
81	127.0	-54.0	-8.0	-51.0	24.0	-24.0	1.0	-10.0	100.9
82	79.0	-91.0	18.0	-128.0	19.0	-17.0	-15.0	-15.0	99.56
83	127.0	-13.0	85.0	23.0	27.0	15.0	-70.0	-10.0	99.17
84	-13.0	22.0	-37.0	28.0	48.0	-25.0	-17.0	43.0	99.82
85	34.0	113.0	-17.0	77.0	-22.0	-4.0	-37.0	-10.0	100.14
86	85.0	29.0	37.0	-38.0	-12.0	3.0	-12.0	18.0	95.25
87	-125.0	48.0	39.0	-7.0	17.0	16.0	-4.0	35.0	85.22
