0	11.0	-91.0	-15.0	49.0	0.0	-2.0	18.0	-6.0	94.78
1	46.0	86.0	32.0	31.0	14.0	12.0	-9.0	26.0	86.56
2	-105.0	110.0	8.0	66.0	12.0	14.0	-2.0	-10.0	79.27
3	9.0	-83.0	54.0	64.0	13.0	3.0	-5.0	21.0	79.27
4	-105.0	-107.0	-97.0	-19.0	-28.0	-1.0	-12.0	-21.0	78.75
5	-1.0	-128.0	85.0	-29.0	22.0	2.0	15.0	-12.0	79.49
6	127.0	-67.0	-9.0	-20.0	-4.0	-3.0	6.0	16.0	96.14
7	127.0	94.0	-1.0	100.0	-11.0	-10.0	1.0	-13.0	117.68
8	-90.0	19.0	-8.0	31.0	15.0	5.0	-22.0	-8.0	94.05
9	14.0	127.0	62.0	-77.0	1.0	-8.0	-31.0	2.0	86.56
10	95.0	34.0	-63.0	49.0	-2.0	-1.0	-12.0	-5.0	81.01
11	-81.0	-43.0	-11.0	-10.0	1.0	-14.0	9.0	-8.0	84.63
12	18.0	127.0	47.0	57.0	-53.0	-26.0	17.0	11.0	114.39
13	-38.0	6.0	-60.0	-128.0	-6.0	-8.0	-15.0	-5.0	122.74
14	-89.0	-100.0	-90.0	-41.0	1.0	-11.0	78.0	0.0	122.23
15	41.0	44.0	-1.0	-23.0	-10.0	12.0	0.0	33.0	123.82
16	45.0	-100.0	93.0	-117.0	17.0	14.0	1.0	-1.0	122.71
17	-43.0	65.0	49.0	95.0	-10.0	1.0	17.0	-37.0	122.74
18	-87.0	-119.0	9.0	72.0	51.0	8.0	-10.0	-27.0	122.23
19	127.0	-24.0	11.0	38.0	-10.0	4.0	20.0	32.0	122.02
20	95.0	-79.0	7.0	-41.0	-3.0	-3.0	19.0	8.0	93.8
21	-27.0	127.0	-4.0	-21.0	4.0	-6.0	-2.0	3.0	94.05
22	127.0	-78.0	-128.0	66.0	-6.0	5.0	-4.0	-8.0	92.55
23	-91.0	-14.0	38.0	8.0	-8.0	-10.0	0.0	-44.0	119.04
24	12.0	-70.0	16.0	1.0	3.0	-19.0	-28.0	-15.0	119.04
25	-74.0	-26.0	-53.0	-9.0	59.0	12.0	-10.0	3.0	87.41
26	27.0	-52.0	23.0	-1.0	-68.0	-1.0	-44.0	13.0	87.01
27	42.0	96.0	66.0	-9.0	-4.0	-33.0	12.0	-1.0	81.01
28	-10.0	-61.0	-128.0	-4.0	-26.0	8.0	-7.0	-3.0	86.83
29	-76.0	-45.0	23.0	-73.0	-14.0	11.0	14.0	-13.0	82.07
30	106.0	-118.0	-9.0	-33.0	-27.0	-7.0	7.0	1.0	92.46
31	117.0	-93.0	-96.0	1.0	-16.0	-6.0	8.0	34.0	83.4
32	2.0	57.0	-16.0	40.0	90.0	-1.0	-16.0	-12.0	92.46
33	-21.0	26.0	70.0	29.0	-15.0	7.0	14.0	-10.0	86.83
34	60.0	-88.0	95.0	-36.0	3.0	4.0	-4.0	109.0	87.41
35	127.0	-71.0	-19.0	94.0	28.0	0.0	-4.0	10.0	121.71
36	20.0	-75.0	-42.0	-39.0	27.0	-5.0	-3.0	50.0	92.55
37	-105.0	-43.0	6.0	31.0	18.0	2.0	36.0	-4.0	78.75
38	83.0	102.0	71.0	-89.0	-18.0	-10.0	10.0	-8.0	78.32
39	-101.0	53.0	47.0	25.0	22.0	-6.0	-4.0	-5.0	77.75
40	-25.0	123.0	-20.0	-22.0	-17.0	7.0	-22.0	-50.0	71.08
41	-50.0	-5.0	-117.0	-21.0	-78.0	-6.0	-6.0	10.0	50.98
42	127.0	127.0	79.0	-128.0	10.0	12.0	14.0	12.0	34.45
43	-128.0	-128.0	117.0	7.0	-7.0	-2.0	1.0	-53.0	42.24
44	-69.0	127.0	17.0	-43.0	-34.0	-18.0	-5.0	76.0	70.92
45	-27.0	-41.0	-128.0	12.0	2.0	-12.0	14.0	0.0	50.58
46	54.0	-24.0	36.0	55.0	-5.0	7.0	-25.0	-6.0	47.47
47	11.0	-62.0	68.0	-10.0	7.0	16.0	5.0	-29.0	32.89
48	-76.0	-113.0	52.0	-8.0	-89.0	10.0	-36.0	30.0	32.89
49	-66.0	-2.0	-33.0	-128.0	13.0	-45.0	3.0	2.0	47.47
50	-2.0	21.0	10.0	58.0	-2.0	-12.0	-20.0	0.0	60.82
51	-38.0	122.0	85.0	-3.0	33.0	-1.0	21.0	8.0	72.5
52	-43.0	-1.0	-96.0	11.0	7.0	-3.0	-5.0	26.0	64.4
53	-22.0	127.0	8.0	-45.0	-10.0	0.0	-1.0	-29.0	50.23
54	58.0	-127.0	101.0	2.0	-51.0	37.0	-5.0	16.0	74.37
55	-96.0	-96.0	-28.0	-21.0	-9.0	-7.0	11.0	-10.0	63.44
56	-10.0	54.0	59.0	-67.0	-15.0	-4.0	-32.0	7.0	71.08
57	-94.0	-71.0	-99.0	7.0	28.0	4.0	3.0	-15.0	67.33
58	102.0	85.0	-10.0	25.0	-12.0	1.0	36.0	-1.0	58.29
59	127.0	34.0	24.0	-97.0	12.0	-2.0	0.0	-24.0	58.29
60	-1.0	98.0	21.0	53.0	-11.0	28.0	11.0	24.0	63.44
61	121.0	-44.0	-47.0	51.0	-14.0	-3.0	0.0	15.0	52.05
62	-46.0	72.0	-47.0	-28.0	30.0	27.0	-9.0	16.0	57.4
63	20.0	-89.0	23.0	25.0	-1.0	-4.0	-18.0	-14.0	46.42
64	21.0	7.0	2.0	61.0	-2.0	-13.0	8.0	-9.0	45.28
65	-9.0	-5.0	13.0	-68.0	-2.0	-6.0	-26.0	17.0	39.06
66	-28.0	-97.0	-15.0	-108.0	-36.0	3.0	17.0	-28.0	49.2
67	77.0	-81.0	-20.0	-13.0	-9.0	-6.0	-18.0	10.0	45.28
68	-90.0	37.0	-19.0	-9.0	42.0	69.0	9.0	25.0	33.47
69	-73.0	-44.0	59.0	-23.0	2.0	11.0	-1.0	6.0	42.23
70	-110.0	-76.0	-92.0	-36.0	5.0	-6.0	8.0	-22.0	42.23
71	127.0	-1.0	32.0	44.0	-7.0	4.0	-4.0	11.0	32.93
72	-108.0	-5.0	-100.0	6.0	-7.0	7.0	14.0	-59.0	33.47
73	104.0	127.0	112.0	-31.0	-21.0	12.0	15.0	18.0	50.58
74	-10.0	54.0	-74.0	-106.0	15.0	-27.0	65.0	-21.0	64.4
75	87.0	77.0	25.0	73.0	11.0	8.0	-5.0	7.0	39.06
76	-8.0	13.0	5.0	23.0	19.0	5.0	-24.0	18.0	36.2
77	-8.0	-59.0	127.0	43.0	6.0	-9.0	25.0	21.0	32.62
78	-81.0	127.0	115.0	18.0	-13.0	-5.0	5.0	-44.0	35.7
79	127.0	127.0	19.0	-128.0	-2.0	-4.0	-29.0	-19.0	34.14
80	-128.0	-106.0	-22.0	83.0	-12.0	-3.0	7.0	8.0	34.14
81	60.0	82.0	17.0	-95.0	4.0	7.0	21.0	8.0	50.98
82	93.0	-67.0	4.0	38.0	-8.0	-63.0	-10.0	11.0	55.09
83	-93.0	100.0	-78.0	-45.0	-12.0	-6.0	0.0	-34.0	76.96
84	95.0	127.0	18.0	24.0	-13.0	8.0	-13.0	1.0	74.15
85	12.0	-66.0	-96.0	-58.0	3.0	14.0	-9.0	23.0	77.75
86	-3.0	69.0	15.0	-53.0	-43.0	3.0	8.0	-29.0	74.15
