0	-20.0	-37.0	-13.0	-128.0	12.0	14.0	20.0	28.0	64.21
1	-128.0	-111.0	74.0	-4.0	-6.0	3.0	-14.0	-16.0	63.72
2	38.0	30.0	-9.0	-43.0	-21.0	-3.0	-8.0	-47.0	67.91
3	65.0	47.0	-28.0	-16.0	19.0	4.0	39.0	-22.0	77.37
4	0.0	20.0	36.0	14.0	-19.0	12.0	12.0	-1.0	77.37
5	6.0	-58.0	100.0	29.0	5.0	-5.0	10.0	0.0	76.53
6	16.0	23.0	-67.0	24.0	25.0	-3.0	-114.0	-8.0	57.15
7	43.0	127.0	-6.0	45.0	-13.0	0.0	-10.0	-9.0	60.37
8	75.0	57.0	27.0	121.0	30.0	10.0	10.0	-19.0	54.25
9	-83.0	-63.0	-89.0	-11.0	5.0	38.0	-11.0	-7.0	52.59
10	123.0	-103.0	33.0	-36.0	-53.0	-8.0	5.0	48.0	50.79
11	-66.0	-1.0	40.0	11.0	4.0	18.0	57.0	5.0	52.11
12	76.0	-103.0	-10.0	42.0	-7.0	2.0	38.0	7.0	50.53
13	-48.0	24.0	11.0	-51.0	-23.0	-4.0	-114.0	26.0	50.28
14	100.0	112.0	-86.0	-110.0	24.0	-56.0	56.0	16.0	50.53
15	-27.0	48.0	-14.0	-48.0	-42.0	-13.0	-47.0	71.0	47.95
16	-57.0	-18.0	46.0	-22.0	-3.0	-5.0	-38.0	67.0	48.25
17	39.0	4.0	-81.0	-42.0	57.0	-30.0	11.0	-8.0	47.85
18	8.0	2.0	127.0	2.0	18.0	-16.0	10.0	-25.0	47.66
19	-45.0	-111.0	-6.0	61.0	41.0	23.0	-96.0	-35.0	47.66
20	-18.0	67.0	-56.0	-68.0	23.0	10.0	21.0	0.0	48.25
21	-42.0	60.0	53.0	53.0	-2.0	7.0	40.0	-1.0	48.76
22	65.0	-37.0	12.0	116.0	-4.0	-4.0	10.0	-6.0	50.79
23	-72.0	16.0	-26.0	3.0	31.0	3.0	12.0	-59.0	52.59
24	-98.0	127.0	4.0	-43.0	-26.0	-40.0	92.0	55.0	57.15
25	-44.0	71.0	-79.0	69.0	-7.0	-60.0	-67.0	8.0	51.44
26	-109.0	49.0	-56.0	-22.0	5.0	6.0	13.0	65.0	57.14
27	-128.0	-128.0	-47.0	-25.0	23.0	-2.0	-5.0	-76.0	68.78
28	-58.0	97.0	-23.0	-54.0	-40.0	-21.0	-31.0	-68.0	73.13
29	127.0	-22.0	12.0	5.0	6.0	76.0	10.0	19.0	73.13
30	50.0	59.0	-25.0	-39.0	14.0	-9.0	7.0	15.0	79.16
31	-93.0	-36.0	-105.0	127.0	-6.0	6.0	-18.0	0.0	87.52
32	-19.0	68.0	81.0	11.0	-23.0	-43.0	-33.0	33.0	82.64
33	96.0	-128.0	-38.0	75.0	23.0	9.0	-47.0	14.0	91.84
34	-126.0	86.0	110.0	-38.0	2.0	12.0	-10.0	10.0	90.96
35	33.0	-9.0	-20.0	25.0	17.0	-25.0	22.0	-12.0	100.16
36	127.0	-75.0	-33.0	15.0	-11.0	-10.0	11.0	5.0	104.82
37	92.0	-60.0	-25.0	46.0	14.0	-46.0	8.0	-5.0	105.47
38	45.0	90.0	-114.0	-8.0	4.0	-16.0	-91.0	8.0	105.22
39	78.0	82.0	46.0	-55.0	37.0	26.0	47.0	-16.0	102.09
40	-78.0	110.0	-17.0	25.0	-4.0	-4.0	61.0	17.0	100.16
41	-115.0	-17.0	-6.0	-12.0	-22.0	-3.0	-3.0	13.0	93.24
42	-21.0	25.0	95.0	-22.0	7.0	5.0	3.0	17.0	99.61
43	-63.0	71.0	-74.0	-70.0	-6.0	0.0	102.0	1.0	90.86
44	20.0	-27.0	41.0	8.0	33.0	4.0	18.0	-13.0	93.82
45	23.0	-18.0	121.0	72.0	6.0	8.0	6.0	-6.0	100.59
46	80.0	127.0	-5.0	19.0	15.0	-3.0	33.0	-51.0	101.18
47	-62.0	-86.0	84.0	94.0	-19.0	1.0	-47.0	2.0	102.98
48	12.0	67.0	89.0	41.0	46.0	-17.0	-48.0	-19.0	103.99
49	60.0	-78.0	2.0	-33.0	-3.0	9.0	13.0	-77.0	106.87
50	77.0	-53.0	-27.0	101.0	-9.0	16.0	43.0	19.0	107.06
51	27.0	50.0	45.0	5.0	-3.0	-11.0	-9.0	-30.0	107.17
52	-12.0	-17.0	28.0	-13.0	-6.0	-4.0	-42.0	11.0	107.06
53	-87.0	-26.0	15.0	40.0	-2.0	28.0	-32.0	34.0	106.47
54	-53.0	-49.0	-128.0	17.0	-6.0	-24.0	-16.0	8.0	106.58
55	-19.0	97.0	-11.0	-7.0	18.0	-12.0	18.0	-14.0	106.58
56	127.0	127.0	27.0	-38.0	-4.0	-20.0	-18.0	6.0	105.47
57	34.0	-102.0	-1.0	3.0	-38.0	36.0	-6.0	-18.0	106.96
58	23.0	67.0	-85.0	66.0	-8.0	26.0	81.0	2.0	105.22
59	13.0	-53.0	91.0	14.0	-12.0	17.0	5.0	-27.0	106.11
60	59.0	55.0	-37.0	-21.0	-6.0	42.0	-9.0	7.0	104.83
61	61.0	74.0	-16.0	-17.0	-10.0	11.0	0.0	-68.0	104.72
62	-66.0	127.0	3.0	47.0	5.0	-35.0	12.0	6.0	102.98
63	-128.0	64.0	-6.0	70.0	-8.0	52.0	115.0	51.0	105.4
64	-3.0	-87.0	82.0	58.0	-5.0	-53.0	-46.0	22.0	102.09
65	-70.0	-128.0	-14.0	-3.0	4.0	1.0	-27.0	-42.0	103.15
66	127.0	-56.0	-80.0	67.0	-6.0	-11.0	9.0	-71.0	101.81
67	23.0	-47.0	55.0	127.0	1.0	11.0	35.0	11.0	93.24
68	119.0	29.0	-45.0	20.0	2.0	40.0	-96.0	14.0	91.84
69	-104.0	31.0	127.0	-101.0	-22.0	16.0	8.0	-16.0	87.52
70	51.0	-43.0	4.0	48.0	-58.0	-7.0	36.0	34.0	85.45
71	127.0	-128.0	-4.0	-128.0	-13.0	-12.0	-15.0	-22.0	80.37
72	3.0	68.0	-50.0	-107.0	-32.0	21.0	8.0	-15.0	80.89
73	-6.0	127.0	27.0	-18.0	7.0	3.0	-96.0	8.0	79.92
74	127.0	-128.0	-25.0	-47.0	7.0	6.0	-77.0	-1.0	82.64
75	-27.0	70.0	-14.0	-22.0	11.0	5.0	52.0	2.0	79.92
76	106.0	-62.0	30.0	0.0	-9.0	29.0	-12.0	60.0	77.4
77	-1.0	102.0	-98.0	-37.0	4.0	-8.0	53.0	-16.0	76.53
78	-35.0	51.0	-31.0	31.0	50.0	11.0	-5.0	9.0	75.56
79	-76.0	-128.0	70.0	45.0	-4.0	-21.0	65.0	75.0	70.43
80	37.0	25.0	33.0	-32.0	6.0	-9.0	-17.0	10.0	70.26
81	66.0	-62.0	-75.0	48.0	-13.0	-8.0	-22.0	-68.0	59.88
82	3.0	127.0	67.0	38.0	-3.0	0.0	47.0	-4.0	59.88
83	-59.0	-50.0	5.0	-64.0	10.0	-10.0	29.0	23.0	60.37
84	-67.0	127.0	-15.0	-1.0	4.0	7.0	-14.0	12.0	64.21
