0	75.0	-128.0	12.0	-58.0	-27.0	27.0	-65.0	-18.0	58.12
1	-120.0	-24.0	3.0	85.0	-5.0	15.0	24.0	-28.0	67.31
2	13.0	41.0	-13.0	52.0	1.0	-16.0	73.0	-25.0	60.65
3	13.0	-68.0	-15.0	60.0	-37.0	4.0	-46.0	9.0	54.47
4	40.0	127.0	-128.0	2.0	-7.0	64.0	-30.0	-8.0	68.02
5	127.0	71.0	-9.0	101.0	-38.0	4.0	-35.0	14.0	62.7
6	-8.0	-128.0	-39.0	-47.0	-37.0	-15.0	13.0	8.0	65.54
7	-128.0	121.0	12.0	-11.0	11.0	-23.0	-31.0	-10.0	64.73
8	19.0	67.0	29.0	-7.0	-10.0	6.0	-31.0	30.0	66.31
9	-111.0	0.0	-17.0	-41.0	14.0	-35.0	68.0	-36.0	63.5
10	-59.0	127.0	34.0	57.0	21.0	-16.0	-29.0	-48.0	78.46
11	-3.0	-118.0	-17.0	43.0	-14.0	16.0	20.0	18.0	81.2
12	-92.0	-33.0	21.0	76.0	25.0	23.0	29.0	-29.0	73.98
13	-61.0	-18.0	-55.0	-74.0	37.0	-69.0	-43.0	21.0	84.21
14	-48.0	-96.0	16.0	-20.0	37.0	13.0	-25.0	-16.0	66.31
15	46.0	67.0	-29.0	-4.0	-10.0	0.0	-58.0	-25.0	70.83
16	-17.0	58.0	50.0	68.0	18.0	-27.0	-16.0	22.0	71.98
17	56.0	-128.0	-8.0	33.0	-9.0	9.0	6.0	-5.0	67.31
18	-69.0	75.0	-24.0	-31.0	38.0	7.0	-14.0	-38.0	72.98
19	30.0	-10.0	61.0	-27.0	-40.0	-29.0	57.0	11.0	85.8
20	80.0	-69.0	-70.0	74.0	-24.0	53.0	43.0	-4.0	88.28
21	-10.0	63.0	74.0	-45.0	-5.0	24.0	-7.0	57.0	90.62
22	29.0	-20.0	-85.0	-23.0	-54.0	-30.0	23.0	15.0	92.56
23	4.0	-128.0	-38.0	-42.0	13.0	-8.0	-54.0	-27.0	92.53
24	-35.0	-106.0	23.0	93.0	1.0	31.0	-93.0	18.0	98.37
25	99.0	57.0	38.0	-72.0	35.0	-8.0	16.0	-4.0	101.58
26	-20.0	-14.0	-118.0	89.0	21.0	-25.0	-7.0	-4.0	101.69
27	-71.0	28.0	10.0	2.0	-11.0	10.0	9.0	44.0	101.69
28	-82.0	127.0	-6.0	-128.0	-43.0	5.0	97.0	-13.0	92.56
29	-72.0	34.0	-7.0	-81.0	-10.0	12.0	-30.0	9.0	89.9
30	27.0	0.0	26.0	89.0	-16.0	15.0	-66.0	23.0	95.06
31	82.0	26.0	-51.0	-7.0	19.0	-18.0	19.0	9.0	93.35
32	27.0	57.0	22.0	2.0	-9.0	4.0	35.0	-36.0	90.13
33	71.0	45.0	127.0	-106.0	42.0	24.0	-1.0	-43.0	91.32
34	-128.0	-26.0	39.0	18.0	-63.0	-13.0	68.0	7.0	101.67
35	42.0	-7.0	-36.0	-30.0	-5.0	-1.0	1.0	28.0	91.32
36	125.0	-8.0	-32.0	-6.0	-30.0	-15.0	-29.0	-40.0	94.28
37	31.0	88.0	-37.0	-25.0	-51.0	-1.0	6.0	2.0	95.06
38	82.0	-83.0	-27.0	88.0	10.0	-12.0	-13.0	-18.0	98.37
39	-126.0	40.0	11.0	23.0	36.0	23.0	-11.0	-11.0	94.87
40	-24.0	-19.0	24.0	46.0	-47.0	-36.0	-13.0	-16.0	88.28
41	53.0	-71.0	20.0	18.0	81.0	3.0	-82.0	-6.0	85.29
42	87.0	16.0	-128.0	-52.0	54.0	3.0	43.0	-10.0	85.29
43	-16.0	-8.0	21.0	34.0	-8.0	-29.0	-3.0	-27.0	86.67
44	11.0	-128.0	-24.0	-21.0	-5.0	0.0	31.0	25.0	74.43
45	-56.0	-7.0	-32.0	-50.0	-6.0	8.0	14.0	24.0	78.46
46	-63.0	-59.0	-66.0	127.0	-17.0	33.0	-22.0	7.0	92.53
47	51.0	113.0	89.0	-111.0	-4.0	-12.0	-33.0	-15.0	82.09
48	-30.0	-18.0	-51.0	26.0	-6.0	17.0	52.0	-21.0	81.2
49	127.0	87.0	-11.0	71.0	15.0	-21.0	-17.0	-31.0	81.03
50	-71.0	113.0	124.0	-23.0	-5.0	3.0	-1.0	-29.0	70.21
51	-107.0	-128.0	-91.0	43.0	1.0	59.0	49.0	46.0	79.55
52	23.0	124.0	75.0	-45.0	-23.0	-10.0	15.0	5.0	73.98
53	113.0	127.0	99.0	-10.0	75.0	-14.0	3.0	-14.0	72.98
54	-106.0	-73.0	8.0	26.0	6.0	-8.0	30.0	4.0	70.83
55	127.0	127.0	-116.0	-63.0	-27.0	20.0	-34.0	34.0	63.5
56	-82.0	-115.0	127.0	-39.0	-15.0	-9.0	-21.0	-71.0	60.96
57	-108.0	-54.0	-128.0	82.0	60.0	-22.0	14.0	-8.0	62.7
58	58.0	55.0	-56.0	-79.0	27.0	-21.0	-23.0	-25.0	53.22
59	-127.0	99.0	74.0	-23.0	-57.0	-5.0	-4.0	-12.0	58.12
60	-95.0	10.0	-35.0	2.0	-7.0	-5.0	-8.0	-37.0	53.52
61	50.0	-128.0	-103.0	2.0	6.0	25.0	25.0	7.0	53.22
62	43.0	-16.0	-13.0	-24.0	2.0	9.0	26.0	1.0	49.3
63	-61.0	56.0	-71.0	-68.0	-15.0	-3.0	-97.0	45.0	43.4
64	126.0	-57.0	61.0	32.0	-10.0	10.0	-5.0	-11.0	40.47
65	-48.0	127.0	-23.0	90.0	2.0	-13.0	-8.0	-25.0	40.74
66	-61.0	-119.0	25.0	42.0	-25.0	-19.0	-15.0	7.0	49.3
67	113.0	-56.0	-1.0	72.0	28.0	-9.0	17.0	26.0	45.84
68	-47.0	71.0	-1.0	-101.0	12.0	1.0	71.0	-42.0	49.55
69	17.0	-128.0	-93.0	127.0	-68.0	-33.0	100.0	6.0	52.78
70	-32.0	-22.0	114.0	5.0	-15.0	-18.0	-74.0	-64.0	41.85
71	-55.0	-93.0	-31.0	-54.0	-28.0	-5.0	-8.0	40.0	39.7
72	4.0	127.0	16.0	-84.0	0.0	6.0	5.0	-2.0	39.35
73	62.0	-81.0	127.0	43.0	16.0	4.0	-17.0	1.0	33.16
74	-43.0	-27.0	-29.0	18.0	-2.0	-3.0	-49.0	37.0	39.15
75	-46.0	-119.0	5.0	-18.0	12.0	-23.0	34.0	-24.0	39.24
76	34.0	-45.0	-112.0	-128.0	25.0	11.0	-128.0	-16.0	31.93
77	-74.0	-78.0	-45.0	-50.0	0.0	-45.0	1.0	7.0	33.16
78	127.0	-39.0	7.0	-73.0	-11.0	17.0	8.0	45.0	32.49
79	-114.0	6.0	-81.0	-7.0	38.0	17.0	19.0	-13.0	33.59
80	-16.0	-54.0	-128.0	28.0	19.0	11.0	-49.0	22.0	39.24
81	-62.0	-128.0	-28.0	70.0	2.0	-1.0	50.0	8.0	41.06
82	8.0	9.0	-77.0	-96.0	14.0	-8.0	-16.0	11.0	41.06
83	44.0	42.0	-1.0	115.0	-12.0	-8.0	-2.0	-13.0	43.4
84	127.0	-46.0	-1.0	-65.0	-21.0	11.0	-33.0	19.0	41.85
85	30.0	20.0	-48.0	36.0	102.0	-2.0	-10.0	39.0	45.7
86	7.0	-41.0	-28.0	31.0	-27.0	-8.0	-9.0	4.0	39.7
87	22.0	51.0	-25.0	-60.0	13.0	2.0	14.0	-41.0	45.84
88	46.0	125.0	-27.0	-3.0	19.0	13.0	8.0	30.0	49.55
