0	85.0	77.0	79.0	90.0	13.0	-35.0	37.0	10.0	117.33
1	-73.0	127.0	-22.0	8.0	17.0	-8.0	-128.0	46.0	119.16
2	-98.0	127.0	-24.0	5.0	-1.0	-30.0	-1.0	-64.0	116.13
3	127.0	-81.0	1.0	2.0	-48.0	22.0	22.0	89.0	116.13
4	2.0	-18.0	62.0	-24.0	34.0	4.0	-10.0	4.0	113.17
5	113.0	8.0	-70.0	23.0	-3.0	15.0	119.0	-17.0	117.9
6	47.0	-128.0	52.0	1.0	32.0	-27.0	15.0	21.0	89.5
7	48.0	33.0	-106.0	127.0	-4.0	-25.0	-21.0	-66.0	84.72
8	5.0	113.0	15.0	43.0	-12.0	6.0	1.0	-14.0	103.7
9	86.0	-21.0	7.0	3.0	-6.0	27.0	-120.0	2.0	87.23
10	41.0	97.0	5.0	30.0	-12.0	-11.0	-29.0	51.0	89.5
11	57.0	91.0	-68.0	0.0	8.0	-18.0	67.0	17.0	83.17
12	127.0	100.0	51.0	28.0	19.0	58.0	-4.0	-75.0	79.46
13	-128.0	-68.0	-3.0	-107.0	-29.0	-70.0	77.0	-27.0	70.18
14	85.0	1.0	-65.0	51.0	37.0	-35.0	-65.0	37.0	76.55
15	-17.0	12.0	28.0	-2.0	10.0	69.0	36.0	-68.0	69.05
16	-72.0	-32.0	-29.0	107.0	12.0	-19.0	-70.0	8.0	74.77
17	-57.0	127.0	-76.0	-128.0	-41.0	54.0	55.0	33.0	63.64
18	81.0	15.0	-34.0	23.0	23.0	-2.0	95.0	-25.0	62.73
19	76.0	-114.0	29.0	-19.0	-19.0	68.0	-59.0	-88.0	69.05
20	-16.0	107.0	127.0	-13.0	4.0	-19.0	10.0	-16.0	76.96
21	26.0	-109.0	-44.0	9.0	15.0	9.0	-72.0	-3.0	77.66
22	127.0	-79.0	-80.0	127.0	-7.0	-100.0	-56.0	26.0	74.21
23	24.0	-29.0	35.0	27.0	-7.0	-3.0	-35.0	10.0	61.86
24	48.0	-36.0	-27.0	53.0	-33.0	-8.0	-11.0	-46.0	66.16
25	66.0	-13.0	118.0	-87.0	-18.0	8.0	-7.0	127.0	54.96
26	-128.0	65.0	49.0	34.0	23.0	27.0	-61.0	-38.0	50.47
27	127.0	127.0	31.0	-35.0	-7.0	-2.0	-90.0	-8.0	47.48
28	87.0	68.0	28.0	12.0	25.0	-108.0	90.0	96.0	47.18
29	-91.0	-21.0	-61.0	51.0	8.0	34.0	24.0	68.0	47.43
30	38.0	-108.0	49.0	-46.0	-8.0	-48.0	68.0	28.0	47.48
31	127.0	127.0	3.0	5.0	-37.0	-5.0	-32.0	4.0	47.11
32	12.0	33.0	10.0	-5.0	-44.0	-5.0	-36.0	16.0	47.4
33	27.0	124.0	-61.0	47.0	4.0	-22.0	7.0	8.0	47.18
34	-31.0	31.0	-16.0	49.0	-6.0	-8.0	12.0	9.0	56.31
35	-6.0	80.0	64.0	61.0	12.0	-83.0	-6.0	-35.0	56.72
36	-71.0	47.0	12.0	-67.0	2.0	40.0	46.0	-25.0	78.08
37	36.0	8.0	90.0	47.0	2.0	5.0	-41.0	-11.0	66.83
38	111.0	-34.0	7.0	-116.0	-47.0	5.0	114.0	54.0	74.77
39	25.0	10.0	19.0	-23.0	48.0	5.0	13.0	6.0	56.72
40	-30.0	-128.0	12.0	-81.0	4.0	2.0	-49.0	-31.0	51.76
41	-108.0	-103.0	-57.0	-59.0	9.0	-77.0	24.0	30.0	54.96
42	68.0	127.0	32.0	68.0	-26.0	-31.0	-3.0	-19.0	63.04
43	-116.0	15.0	4.0	-26.0	-16.0	11.0	8.0	48.0	51.3
44	62.0	102.0	5.0	-20.0	32.0	44.0	50.0	-32.0	75.13
45	-63.0	-40.0	89.0	-7.0	26.0	-8.0	10.0	3.0	61.86
46	5.0	-68.0	-85.0	-65.0	6.0	-107.0	6.0	6.0	52.62
47	52.0	-107.0	2.0	-23.0	80.0	49.0	-65.0	68.0	63.17
48	-61.0	22.0	16.0	-18.0	26.0	33.0	32.0	2.0	51.3
49	52.0	26.0	31.0	-51.0	-25.0	0.0	18.0	-47.0	58.64
50	76.0	40.0	3.0	-17.0	-4.0	-17.0	-18.0	-21.0	50.67
51	-51.0	31.0	17.0	-47.0	-50.0	55.0	7.0	23.0	63.04
52	113.0	-32.0	-108.0	-3.0	32.0	8.0	40.0	15.0	52.62
53	127.0	32.0	-2.0	-3.0	33.0	34.0	26.0	54.0	52.84
54	-13.0	45.0	119.0	-23.0	17.0	-14.0	-6.0	-21.0	50.47
55	33.0	60.0	28.0	-31.0	-16.0	26.0	22.0	-38.0	70.18
56	116.0	-23.0	-55.0	-14.0	-2.0	-33.0	105.0	-31.0	76.96
57	-128.0	127.0	-47.0	-6.0	11.0	42.0	-28.0	-8.0	63.64
58	42.0	-37.0	-61.0	82.0	9.0	-5.0	-49.0	-30.0	73.38
59	-42.0	85.0	-13.0	4.0	-36.0	27.0	-14.0	-15.0	71.94
60	116.0	-128.0	118.0	22.0	-53.0	16.0	63.0	99.0	76.55
61	10.0	127.0	-9.0	-65.0	-7.0	-8.0	-22.0	-64.0	79.46
62	-11.0	61.0	-30.0	44.0	-11.0	25.0	46.0	80.0	84.72
63	-4.0	-95.0	-67.0	-29.0	29.0	-9.0	-29.0	50.0	87.12
64	-81.0	69.0	-29.0	-66.0	-22.0	-42.0	-6.0	-107.0	83.96
65	61.0	21.0	1.0	-80.0	-2.0	-13.0	47.0	60.0	87.23
66	91.0	37.0	21.0	28.0	27.0	17.0	-61.0	12.0	100.07
67	-28.0	68.0	-36.0	35.0	17.0	-16.0	110.0	97.0	89.2
68	105.0	127.0	-34.0	27.0	-18.0	-5.0	101.0	-33.0	110.33
69	-89.0	-102.0	84.0	-58.0	-1.0	42.0	-37.0	-26.0	87.89
70	-13.0	-79.0	-2.0	100.0	20.0	29.0	-9.0	-55.0	107.41
71	-5.0	-24.0	56.0	-71.0	-7.0	58.0	35.0	-38.0	114.59
72	127.0	96.0	127.0	76.0	-3.0	23.0	23.0	16.0	107.41
73	-128.0	-112.0	-86.0	-22.0	-6.0	8.0	39.0	127.0	114.25
74	21.0	-43.0	17.0	-14.0	11.0	-71.0	-16.0	-103.0	111.39
75	124.0	-60.0	-3.0	62.0	7.0	-39.0	-86.0	3.0	114.25
76	-128.0	105.0	-41.0	-63.0	-3.0	-77.0	53.0	-20.0	121.45
77	109.0	92.0	-73.0	-36.0	-10.0	70.0	79.0	-55.0	120.3
78	-95.0	29.0	-11.0	-37.0	7.0	-16.0	-88.0	0.0	122.04
79	127.0	31.0	-21.0	-30.0	3.0	79.0	22.0	-22.0	121.81
80	-93.0	124.0	-52.0	-1.0	15.0	-88.0	-25.0	18.0	121.81
81	127.0	106.0	15.0	-13.0	24.0	3.0	-35.0	39.0	120.29
82	-46.0	-128.0	-69.0	-33.0	-9.0	-50.0	82.0	25.0	111.39
83	-66.0	57.0	-49.0	-128.0	2.0	-8.0	69.0	117.0	117.33
84	106.0	81.0	13.0	74.0	-34.0	-23.0	-61.0	-69.0	118.22
85	127.0	-87.0	-6.0	-92.0	-17.0	7.0	-26.0	108.0	120.29
86	-81.0	115.0	-35.0	50.0	-16.0	4.0	4.0	55.0	120.3
