0	-14.0	-49.0	-14.0	16.0	13.0	-20.0	-11.0	14.0	119.16
1	-11.0	-80.0	-29.0	19.0	-10.0	-13.0	2.0	8.0	114.18
2	-8.0	9.0	-10.0	5.0	-33.0	17.0	-6.0	7.0	100.96
3	-46.0	-25.0	34.0	19.0	10.0	-5.0	-8.0	8.0	100.96
4	-4.0	-24.0	-3.0	-13.0	11.0	33.0	-29.0	1.0	114.18
5	-42.0	-57.0	38.0	-15.0	-11.0	-8.0	-7.0	9.0	81.07
6	-11.0	82.0	-113.0	-6.0	6.0	4.0	-1.0	-31.0	92.78
7	13.0	45.0	-3.0	20.0	9.0	0.0	3.0	3.0	97.07
8	39.0	-7.0	-2.0	127.0	11.0	9.0	38.0	0.0	89.4
9	5.0	-47.0	34.0	-35.0	-1.0	19.0	-1.0	12.0	95.47
10	-50.0	8.0	79.0	-44.0	6.0	-4.0	11.0	12.0	97.38
11	-4.0	4.0	-46.0	10.0	2.0	-6.0	-14.0	-1.0	70.58
12	-25.0	-77.0	-50.0	49.0	7.0	-20.0	-9.0	-14.0	97.07
13	-3.0	21.0	86.0	-19.0	4.0	-14.0	16.0	-5.0	107.94
14	-11.0	126.0	-6.0	-55.0	16.0	-15.0	-1.0	-7.0	86.77
15	-28.0	0.0	-2.0	-9.0	-5.0	39.0	17.0	22.0	73.91
16	12.0	18.0	-38.0	25.0	5.0	-16.0	2.0	51.0	79.4
17	24.0	23.0	15.0	11.0	-11.0	-8.0	-21.0	22.0	89.4
18	-7.0	-28.0	-10.0	-84.0	-6.0	-22.0	-11.0	-16.0	91.51
19	12.0	91.0	54.0	-16.0	-1.0	2.0	26.0	6.0	70.51
20	10.0	-26.0	-11.0	-12.0	-12.0	12.0	28.0	12.0	77.67
21	58.0	-13.0	-3.0	47.0	24.0	0.0	-3.0	12.0	57.43
22	41.0	2.0	7.0	35.0	4.0	0.0	-8.0	-2.0	51.37
23	-56.0	4.0	-34.0	-13.0	12.0	15.0	13.0	-15.0	60.79
24	-4.0	-4.0	13.0	7.0	-11.0	5.0	8.0	18.0	50.68
25	50.0	1.0	20.0	-6.0	-15.0	2.0	16.0	6.0	42.97
26	54.0	15.0	8.0	-103.0	8.0	4.0	11.0	-20.0	39.61
27	-46.0	-97.0	18.0	7.0	7.0	-6.0	-23.0	14.0	38.81
28	-39.0	-41.0	-65.0	25.0	18.0	12.0	0.0	-8.0	38.77
29	-49.0	124.0	2.0	12.0	8.0	21.0	12.0	1.0	40.89
30	13.0	48.0	15.0	2.0	1.0	19.0	-13.0	9.0	44.71
31	82.0	-33.0	-6.0	-10.0	-10.0	0.0	5.0	-6.0	45.58
32	26.0	109.0	12.0	-13.0	-19.0	-4.0	-2.0	-2.0	42.91
33	-13.0	55.0	2.0	20.0	-2.0	-23.0	-16.0	-17.0	42.97
34	-12.0	13.0	97.0	-5.0	9.0	14.0	-6.0	-20.0	38.77
35	-7.0	-13.0	32.0	-43.0	20.0	-11.0	-8.0	1.0	40.89
36	8.0	24.0	-16.0	-1.0	-7.0	2.0	17.0	0.0	38.32
37	28.0	12.0	-58.0	44.0	9.0	1.0	12.0	15.0	38.16
38	-5.0	-3.0	-43.0	65.0	-11.0	2.0	2.0	0.0	38.11
39	14.0	-33.0	108.0	-26.0	-2.0	-6.0	5.0	-3.0	38.16
40	82.0	-28.0	-7.0	-78.0	-7.0	-29.0	0.0	3.0	38.17
41	-14.0	-18.0	-117.0	14.0	31.0	0.0	39.0	-12.0	40.18
42	-40.0	9.0	-44.0	20.0	-6.0	-17.0	-8.0	45.0	44.71
43	39.0	26.0	13.0	0.0	4.0	12.0	16.0	-8.0	49.66
44	-22.0	-70.0	3.0	-76.0	-3.0	-4.0	-16.0	-16.0	50.33
45	79.0	93.0	24.0	-8.0	-3.0	-9.0	2.0	-3.0	59.95
46	39.0	6.0	-32.0	-13.0	9.0	3.0	21.0	4.0	60.79
47	58.0	10.0	127.0	12.0	-16.0	-10.0	14.0	15.0	61.19
48	-1.0	76.0	17.0	2.0	9.0	-4.0	-8.0	25.0	60.98
49	-42.0	-50.0	-110.0	-9.0	4.0	2.0	-26.0	-25.0	70.51
50	-17.0	-11.0	-60.0	1.0	-18.0	17.0	-40.0	0.0	61.66
51	41.0	-105.0	-62.0	44.0	-14.0	22.0	-3.0	-18.0	67.12
52	-2.0	-2.0	32.0	-47.0	-10.0	11.0	3.0	11.0	59.73
53	6.0	-46.0	-11.0	-105.0	-14.0	-15.0	-11.0	-11.0	50.68
54	-82.0	80.0	64.0	-52.0	-4.0	0.0	-5.0	4.0	59.73
55	-45.0	-5.0	86.0	-13.0	-30.0	48.0	-18.0	13.0	77.67
56	-7.0	4.0	98.0	20.0	-2.0	6.0	-14.0	27.0	66.81
57	7.0	-33.0	-48.0	67.0	9.0	19.0	-17.0	-14.0	76.57
58	49.0	-104.0	112.0	1.0	22.0	-15.0	20.0	-26.0	70.58
59	-50.0	69.0	25.0	-1.0	-8.0	-11.0	-11.0	-1.0	107.29
60	6.0	-13.0	48.0	25.0	1.0	-13.0	4.0	0.0	109.63
61	-27.0	12.0	-3.0	-33.0	1.0	43.0	16.0	8.0	104.65
62	-4.0	93.0	-54.0	15.0	35.0	-15.0	-5.0	3.0	115.03
63	-23.0	-1.0	-43.0	-19.0	22.0	-27.0	-7.0	-24.0	117.23
64	-46.0	9.0	7.0	31.0	-5.0	8.0	-8.0	-11.0	126.95
65	43.0	127.0	-2.0	45.0	-10.0	-6.0	6.0	-17.0	127.27
66	23.0	1.0	28.0	-16.0	-2.0	17.0	-8.0	-19.0	127.11
67	-49.0	34.0	79.0	-10.0	-2.0	-4.0	12.0	43.0	123.44
68	-7.0	-33.0	16.0	127.0	7.0	-6.0	17.0	-7.0	123.44
69	3.0	18.0	7.0	-16.0	0.0	7.0	35.0	32.0	126.95
70	-44.0	11.0	-60.0	112.0	0.0	-17.0	-15.0	4.0	127.84
71	23.0	-101.0	-119.0	9.0	0.0	-3.0	-5.0	-2.0	127.11
72	64.0	15.0	34.0	15.0	-8.0	-3.0	7.0	29.0	127.84
73	4.0	29.0	-5.0	-61.0	-2.0	-12.0	-7.0	13.0	128.04
74	22.0	-55.0	63.0	-128.0	-8.0	-17.0	-2.0	4.0	122.35
75	29.0	113.0	60.0	19.0	9.0	-40.0	2.0	2.0	116.37
76	21.0	-21.0	6.0	10.0	-17.0	-12.0	-10.0	-6.0	114.24
77	114.0	-40.0	-16.0	44.0	-21.0	0.0	5.0	8.0	115.39
78	101.0	10.0	-40.0	25.0	-8.0	7.0	-8.0	0.0	124.03
79	58.0	-52.0	19.0	49.0	-3.0	4.0	0.0	-32.0	115.39
