0	31.0	-25.0	-12.0	27.0	4.0	26.0	35.0	29.0	52.85
1	-100.0	-10.0	-21.0	-49.0	9.0	-12.0	-117.0	-1.0	46.08
2	99.0	-128.0	-17.0	-10.0	-2.0	1.0	31.0	19.0	56.85
3	9.0	86.0	25.0	10.0	8.0	-9.0	-8.0	-27.0	63.32
4	115.0	73.0	10.0	-32.0	-17.0	31.0	6.0	-39.0	55.51
5	23.0	45.0	0.0	20.0	8.0	0.0	9.0	29.0	55.51
6	55.0	-63.0	33.0	-1.0	2.0	17.0	4.0	21.0	47.74
7	-117.0	25.0	38.0	-2.0	5.0	17.0	98.0	51.0	45.71
8	-120.0	48.0	-28.0	-10.0	3.0	-36.0	-77.0	-17.0	55.89
9	74.0	68.0	48.0	27.0	-11.0	-15.0	26.0	23.0	61.41
10	-76.0	-36.0	15.0	-16.0	-10.0	-15.0	-52.0	-9.0	62.55
11	31.0	97.0	19.0	-128.0	-18.0	6.0	-13.0	-23.0	61.41
12	112.0	-7.0	11.0	-37.0	3.0	1.0	33.0	41.0	71.18
13	36.0	-128.0	1.0	-15.0	4.0	-17.0	52.0	-7.0	62.53
14	-87.0	20.0	3.0	40.0	-22.0	8.0	-13.0	-8.0	61.77
15	114.0	-87.0	7.0	88.0	-10.0	-30.0	-13.0	-4.0	69.55
16	3.0	-39.0	10.0	59.0	-4.0	21.0	-17.0	-7.0	83.42
17	39.0	116.0	62.0	-111.0	-8.0	-9.0	-43.0	12.0	96.46
18	-104.0	11.0	4.0	-37.0	5.0	11.0	-90.0	-7.0	77.87
19	97.0	-87.0	33.0	-128.0	1.0	-41.0	83.0	-7.0	89.65
20	-83.0	43.0	19.0	88.0	-14.0	-12.0	-1.0	-26.0	77.8
21	-60.0	106.0	-29.0	-6.0	-13.0	-44.0	93.0	-21.0	81.31
22	-67.0	73.0	56.0	63.0	0.0	10.0	-4.0	19.0	81.31
23	-103.0	-37.0	41.0	-33.0	8.0	-18.0	-6.0	9.0	104.09
24	33.0	82.0	8.0	-24.0	12.0	-16.0	-39.0	-26.0	86.94
25	37.0	-19.0	13.0	-89.0	-3.0	17.0	-16.0	32.0	83.84
26	78.0	12.0	5.0	16.0	1.0	-28.0	-20.0	-18.0	87.58
27	32.0	-12.0	84.0	3.0	0.0	-8.0	27.0	-14.0	112.31
28	-78.0	6.0	-52.0	18.0	1.0	10.0	-6.0	-6.0	103.11
29	127.0	54.0	58.0	-63.0	10.0	8.0	-15.0	4.0	97.65
30	97.0	79.0	81.0	92.0	12.0	30.0	18.0	-8.0	100.96
31	-128.0	-36.0	-13.0	-3.0	-10.0	15.0	-26.0	-40.0	120.39
32	127.0	124.0	3.0	109.0	-6.0	-12.0	-11.0	11.0	122.2
33	-119.0	80.0	26.0	2.0	-14.0	-8.0	0.0	32.0	112.52
34	127.0	-70.0	-30.0	4.0	7.0	-33.0	61.0	16.0	118.71
35	31.0	57.0	59.0	12.0	-1.0	18.0	-24.0	-13.0	90.34
36	-105.0	-87.0	-59.0	-37.0	14.0	-4.0	30.0	-26.0	111.11
37	83.0	27.0	-15.0	74.0	-10.0	-18.0	-128.0	13.0	103.11
38	121.0	105.0	-84.0	-6.0	-9.0	-18.0	4.0	-17.0	120.39
39	124.0	10.0	-87.0	64.0	17.0	-18.0	-19.0	-52.0	109.36
40	-112.0	-41.0	-9.0	-34.0	9.0	24.0	-22.0	12.0	113.27
41	7.0	-1.0	91.0	-17.0	-15.0	-9.0	-1.0	-44.0	115.33
42	-113.0	-1.0	16.0	15.0	4.0	-9.0	30.0	-8.0	120.65
43	-78.0	-128.0	-7.0	-2.0	4.0	-27.0	-1.0	7.0	122.55
44	3.0	34.0	-23.0	-1.0	2.0	-7.0	-9.0	41.0	116.76
45	37.0	127.0	-48.0	16.0	4.0	-14.0	-6.0	32.0	112.52
46	-101.0	-27.0	71.0	40.0	-29.0	-26.0	-23.0	13.0	108.31
47	52.0	33.0	-51.0	83.0	-15.0	28.0	0.0	18.0	116.76
48	-15.0	44.0	1.0	-18.0	4.0	-12.0	-41.0	16.0	113.95
49	-2.0	76.0	64.0	-1.0	-6.0	1.0	-10.0	9.0	107.26
50	83.0	1.0	51.0	-27.0	4.0	24.0	11.0	-7.0	104.09
51	-128.0	5.0	1.0	27.0	2.0	-2.0	103.0	-8.0	83.84
52	-20.0	96.0	69.0	-19.0	-17.0	-8.0	1.0	-28.0	106.35
53	97.0	127.0	2.0	12.0	1.0	-16.0	-18.0	-35.0	94.87
54	127.0	-102.0	-11.0	-12.0	-4.0	-5.0	-16.0	2.0	97.38
55	119.0	55.0	-74.0	35.0	-1.0	-9.0	-9.0	-17.0	71.6
56	-10.0	27.0	-3.0	-19.0	4.0	51.0	-27.0	-17.0	70.93
57	-58.0	-75.0	-25.0	-34.0	0.0	12.0	67.0	-23.0	75.32
58	-80.0	97.0	127.0	-20.0	2.0	0.0	-11.0	15.0	73.39
59	23.0	-34.0	4.0	-4.0	-3.0	-26.0	6.0	20.0	87.58
60	67.0	-27.0	68.0	-9.0	-17.0	-33.0	-28.0	8.0	65.71
61	35.0	-116.0	-16.0	18.0	14.0	15.0	8.0	-8.0	56.85
62	-70.0	127.0	-128.0	-23.0	2.0	-7.0	22.0	-13.0	62.53
63	-14.0	-128.0	-5.0	-15.0	8.0	-1.0	23.0	7.0	46.78
64	-1.0	12.0	-122.0	83.0	-7.0	-34.0	-16.0	-25.0	45.79
65	-69.0	99.0	-38.0	76.0	3.0	9.0	2.0	9.0	46.08
66	81.0	-33.0	33.0	-28.0	-2.0	-12.0	18.0	13.0	54.11
67	1.0	-119.0	56.0	-73.0	-8.0	55.0	-31.0	19.0	47.56
68	-71.0	41.0	-6.0	25.0	2.0	-4.0	-8.0	9.0	44.86
69	23.0	-43.0	-63.0	1.0	-1.0	-9.0	8.0	20.0	45.11
70	1.0	75.0	-11.0	-16.0	-8.0	-6.0	-13.0	5.0	46.78
71	26.0	127.0	32.0	10.0	-9.0	23.0	-10.0	50.0	45.08
72	16.0	-128.0	-1.0	-1.0	-3.0	-32.0	-15.0	6.0	46.61
73	27.0	-73.0	63.0	22.0	0.0	0.0	10.0	3.0	52.85
74	-44.0	40.0	-53.0	-9.0	9.0	-40.0	-31.0	-21.0	55.89
