0	41.0	28.0	-4.0	-7.0	-4.0	3.0	-27.0	-12.0	118.64
1	3.0	-1.0	-2.0	13.0	27.0	-7.0	19.0	37.0	121.12
2	123.0	59.0	-3.0	32.0	-30.0	0.0	0.0	16.0	133.03
3	-17.0	-9.0	-14.0	-80.0	21.0	7.0	10.0	-3.0	132.18
4	-5.0	17.0	-5.0	17.0	-3.0	-8.0	-8.0	50.0	133.62
5	-60.0	13.0	1.0	13.0	-4.0	6.0	-27.0	-27.0	132.53
6	49.0	-2.0	-4.0	-6.0	-7.0	-26.0	4.0	-6.0	133.91
7	-30.0	27.0	2.0	-16.0	-10.0	-3.0	-5.0	26.0	130.39
8	30.0	8.0	-12.0	0.0	3.0	23.0	9.0	19.0	98.32
9	25.0	-118.0	-36.0	-21.0	-18.0	-17.0	2.0	25.0	127.31
10	-16.0	3.0	15.0	-7.0	-9.0	-7.0	-2.0	-68.0	130.39
11	27.0	59.0	-1.0	-53.0	9.0	0.0	-38.0	11.0	126.6
12	36.0	-4.0	100.0	32.0	-27.0	-9.0	-67.0	-25.0	113.44
13	-3.0	-9.0	-6.0	-1.0	-1.0	-9.0	11.0	52.0	96.95
14	14.0	11.0	30.0	2.0	-11.0	-4.0	31.0	1.0	113.81
15	44.0	-19.0	-4.0	-21.0	-6.0	2.0	-36.0	-24.0	128.72
16	-63.0	-4.0	8.0	85.0	3.0	-5.0	-13.0	87.0	118.64
17	19.0	19.0	-5.0	-10.0	-9.0	2.0	1.0	3.0	101.79
18	36.0	-5.0	21.0	-29.0	19.0	10.0	-17.0	11.0	88.74
19	4.0	-58.0	-5.0	-6.0	-1.0	-5.0	-2.0	13.0	103.66
20	-37.0	31.0	4.0	4.0	-9.0	2.0	-12.0	-116.0	78.98
21	-12.0	-16.0	-79.0	-60.0	-16.0	1.0	6.0	14.0	101.79
22	-11.0	23.0	2.0	82.0	-4.0	-4.0	-15.0	-12.0	92.49
23	47.0	39.0	32.0	-12.0	-10.0	-1.0	4.0	-13.0	93.7
24	-22.0	26.0	-24.0	25.0	-1.0	-1.0	-9.0	15.0	86.35
25	-28.0	21.0	-2.0	2.0	-13.0	-25.0	-1.0	-21.0	93.7
26	27.0	31.0	11.0	-1.0	0.0	1.0	8.0	6.0	74.62
27	42.0	15.0	-15.0	99.0	1.0	-8.0	29.0	-14.0	65.8
28	8.0	5.0	79.0	3.0	-35.0	-11.0	23.0	14.0	68.73
29	-11.0	-68.0	-57.0	-32.0	4.0	-5.0	-16.0	1.0	84.37
30	-8.0	25.0	-17.0	-7.0	6.0	5.0	-18.0	14.0	71.8
31	6.0	-7.0	104.0	-93.0	-1.0	-2.0	-9.0	-12.0	69.75
32	-10.0	51.0	-66.0	118.0	10.0	-3.0	63.0	-39.0	61.82
33	-44.0	-24.0	0.0	5.0	1.0	-17.0	1.0	-13.0	51.96
34	-55.0	34.0	-9.0	-32.0	-8.0	-1.0	-10.0	15.0	45.02
35	9.0	20.0	-21.0	8.0	-6.0	-3.0	-22.0	7.0	43.53
36	40.0	-29.0	99.0	-9.0	6.0	-1.0	-4.0	-3.0	43.23
37	0.0	14.0	-128.0	-11.0	69.0	-3.0	0.0	-14.0	43.53
38	6.0	20.0	-19.0	101.0	-6.0	-2.0	9.0	-10.0	48.72
39	47.0	14.0	0.0	-8.0	-46.0	8.0	16.0	-2.0	49.37
40	28.0	-13.0	-20.0	11.0	-6.0	0.0	10.0	24.0	49.63
41	-7.0	38.0	-62.0	-6.0	27.0	-27.0	2.0	-40.0	50.81
42	-39.0	-7.0	21.0	2.0	13.0	-9.0	27.0	-1.0	48.72
43	11.0	-6.0	-9.0	-20.0	-36.0	14.0	0.0	4.0	54.32
44	-74.0	41.0	95.0	18.0	3.0	2.0	-9.0	-4.0	50.54
45	-66.0	23.0	1.0	20.0	-3.0	-3.0	-19.0	-9.0	50.4
46	67.0	20.0	12.0	6.0	-19.0	-3.0	11.0	-32.0	53.47
47	72.0	-33.0	29.0	-2.0	-24.0	1.0	3.0	0.0	52.24
48	-26.0	-7.0	-22.0	21.0	-4.0	-14.0	-27.0	-4.0	52.24
49	-11.0	-43.0	2.0	-49.0	-5.0	2.0	16.0	-36.0	58.63
50	-66.0	54.0	18.0	-4.0	11.0	-6.0	-16.0	36.0	49.63
51	20.0	23.0	9.0	22.0	5.0	10.0	-14.0	-37.0	61.24
52	-27.0	-11.0	-40.0	-4.0	-13.0	-17.0	-4.0	-11.0	57.41
53	8.0	6.0	-14.0	-2.0	9.0	2.0	-9.0	3.0	61.24
54	-2.0	-94.0	29.0	-5.0	-1.0	-3.0	-76.0	-15.0	65.16
55	-95.0	-54.0	-28.0	-2.0	-22.0	-3.0	-15.0	-8.0	55.66
56	7.0	-12.0	-6.0	22.0	12.0	4.0	-7.0	-54.0	72.84
57	7.0	-7.0	-3.0	-4.0	1.0	8.0	-14.0	5.0	54.95
58	35.0	-31.0	-7.0	-49.0	-5.0	-1.0	31.0	-64.0	77.89
59	-12.0	-4.0	22.0	5.0	10.0	-9.0	30.0	-16.0	54.32
60	-35.0	-39.0	-12.0	-13.0	-3.0	2.0	22.0	-2.0	58.63
61	-4.0	-10.0	20.0	4.0	-3.0	23.0	2.0	48.0	74.62
62	9.0	30.0	9.0	2.0	10.0	2.0	-7.0	-5.0	58.66
63	-17.0	-1.0	8.0	-27.0	13.0	-3.0	-12.0	1.0	72.84
64	-15.0	19.0	-122.0	14.0	2.0	-2.0	-9.0	-19.0	85.58
65	64.0	-69.0	90.0	15.0	-1.0	8.0	0.0	4.0	95.61
66	-1.0	14.0	-51.0	-11.0	-3.0	1.0	3.0	-14.0	86.35
67	-6.0	-28.0	-3.0	-28.0	-4.0	-4.0	-2.0	-15.0	108.98
68	-4.0	-47.0	8.0	1.0	34.0	-10.0	-1.0	13.0	115.46
69	15.0	16.0	15.0	29.0	-2.0	9.0	14.0	8.0	123.53
70	-45.0	-22.0	-8.0	-3.0	-2.0	0.0	-15.0	-15.0	123.04
71	-20.0	-4.0	-36.0	-10.0	-7.0	-9.0	-9.0	0.0	133.03
72	38.0	-9.0	-4.0	4.0	2.0	3.0	-13.0	-24.0	133.31
73	27.0	78.0	50.0	36.0	-7.0	0.0	-7.0	-4.0	133.09
74	-1.0	-8.0	-11.0	-9.0	2.0	-16.0	10.0	-18.0	134.0
75	1.0	25.0	-18.0	-90.0	2.0	2.0	41.0	-26.0	133.91
76	-8.0	5.0	-3.0	-2.0	3.0	0.0	-21.0	31.0	133.09
77	41.0	-3.0	19.0	11.0	19.0	12.0	-6.0	-5.0	135.25
78	-15.0	-22.0	0.0	2.0	-1.0	-5.0	20.0	-14.0	123.04
