0	125.0	-48.0	46.0	-8.0	-6.0	9.0	-52.0	-81.0	72.36
1	21.0	-19.0	-3.0	23.0	11.0	14.0	-14.0	-7.0	70.1
2	-21.0	84.0	33.0	-13.0	-12.0	-2.0	58.0	75.0	65.69
3	94.0	45.0	-64.0	25.0	-3.0	-21.0	0.0	-15.0	68.07
4	88.0	22.0	-44.0	44.0	12.0	-15.0	-11.0	-2.0	76.62
5	-63.0	33.0	15.0	-10.0	2.0	2.0	-6.0	27.0	96.17
6	12.0	-80.0	65.0	-63.0	-10.0	16.0	4.0	23.0	105.13
7	-14.0	-4.0	19.0	0.0	6.0	-4.0	-41.0	8.0	91.64
8	-12.0	32.0	17.0	16.0	1.0	11.0	-67.0	-9.0	107.64
9	24.0	-99.0	-128.0	35.0	-12.0	3.0	13.0	-2.0	98.92
10	52.0	-10.0	99.0	-58.0	-17.0	-20.0	43.0	-23.0	102.46
11	75.0	127.0	-97.0	20.0	3.0	6.0	-77.0	18.0	94.16
12	127.0	14.0	103.0	-127.0	-9.0	14.0	105.0	-10.0	97.38
13	-110.0	127.0	-3.0	16.0	1.0	32.0	-125.0	-6.0	97.28
14	-79.0	-15.0	26.0	0.0	11.0	-32.0	1.0	15.0	105.48
15	13.0	19.0	10.0	-6.0	6.0	-9.0	-16.0	29.0	115.42
16	-73.0	52.0	-15.0	4.0	-6.0	4.0	87.0	51.0	122.2
17	-40.0	-25.0	-62.0	29.0	7.0	-13.0	27.0	-10.0	110.33
18	50.0	-33.0	-30.0	-6.0	-1.0	-3.0	-104.0	11.0	110.55
19	29.0	14.0	-77.0	2.0	18.0	22.0	37.0	-17.0	121.73
20	-10.0	108.0	-20.0	-7.0	-8.0	-30.0	16.0	-10.0	125.28
21	65.0	-62.0	6.0	30.0	17.0	-28.0	-22.0	9.0	125.28
22	-2.0	61.0	9.0	-31.0	3.0	0.0	3.0	69.0	132.5
23	98.0	-15.0	22.0	28.0	10.0	7.0	40.0	30.0	132.79
24	-102.0	-13.0	8.0	-20.0	18.0	5.0	112.0	-64.0	133.19
25	-95.0	-29.0	-46.0	-37.0	-4.0	9.0	27.0	-1.0	132.89
26	51.0	-17.0	18.0	-61.0	-3.0	6.0	5.0	23.0	133.19
27	127.0	-7.0	-88.0	40.0	-10.0	-3.0	-10.0	-13.0	133.17
28	-28.0	81.0	8.0	-15.0	15.0	-16.0	41.0	-5.0	130.45
29	-22.0	-57.0	23.0	-128.0	0.0	12.0	-128.0	57.0	128.58
30	124.0	78.0	-5.0	11.0	-6.0	20.0	-77.0	-16.0	131.55
31	2.0	-18.0	-1.0	7.0	1.0	-3.0	6.0	-8.0	126.39
32	58.0	-62.0	-40.0	95.0	15.0	6.0	33.0	1.0	131.72
33	64.0	91.0	-60.0	34.0	2.0	3.0	94.0	-18.0	126.39
34	48.0	32.0	21.0	7.0	-1.0	2.0	-27.0	-40.0	132.5
35	-78.0	70.0	57.0	-45.0	-15.0	-17.0	-36.0	-17.0	125.16
36	5.0	46.0	-4.0	5.0	3.0	1.0	-13.0	47.0	117.21
37	-71.0	43.0	-18.0	-41.0	-5.0	1.0	6.0	40.0	117.21
38	-92.0	-45.0	27.0	57.0	8.0	4.0	78.0	-30.0	117.78
39	-37.0	24.0	-18.0	24.0	-1.0	-3.0	-30.0	5.0	107.71
40	67.0	-59.0	-28.0	37.0	1.0	32.0	41.0	18.0	104.76
41	-58.0	-12.0	-43.0	-60.0	-10.0	-8.0	41.0	-44.0	107.71
42	39.0	29.0	31.0	19.0	4.0	-1.0	-68.0	-3.0	89.38
43	112.0	83.0	-11.0	-120.0	3.0	-3.0	-14.0	-6.0	107.64
44	8.0	1.0	-30.0	-26.0	8.0	-5.0	34.0	-21.0	115.66
45	11.0	20.0	29.0	-91.0	54.0	-13.0	-70.0	-17.0	104.88
46	35.0	-17.0	-10.0	91.0	0.0	-2.0	-50.0	2.0	109.69
47	40.0	-27.0	-74.0	12.0	-2.0	4.0	15.0	-6.0	108.4
48	-112.0	-30.0	21.0	-1.0	1.0	-18.0	-4.0	18.0	91.64
49	-71.0	-85.0	5.0	-18.0	-1.0	15.0	-52.0	-39.0	97.28
50	26.0	-42.0	9.0	-62.0	-4.0	13.0	-110.0	-4.0	91.75
51	106.0	77.0	-54.0	-18.0	-10.0	-34.0	59.0	12.0	81.81
52	54.0	-32.0	-8.0	37.0	-19.0	6.0	-14.0	-54.0	60.48
53	-42.0	80.0	29.0	-3.0	4.0	2.0	-9.0	-12.0	57.94
54	22.0	127.0	-14.0	34.0	5.0	0.0	-17.0	-10.0	50.15
55	39.0	-10.0	109.0	-50.0	-6.0	-2.0	-51.0	-6.0	49.91
56	-101.0	-107.0	-128.0	21.0	-7.0	18.0	12.0	-26.0	49.61
57	17.0	127.0	-25.0	-41.0	3.0	-5.0	12.0	8.0	49.91
58	-80.0	70.0	76.0	15.0	8.0	14.0	-18.0	-35.0	51.45
59	-61.0	-128.0	22.0	10.0	-18.0	33.0	-13.0	-3.0	61.04
60	77.0	-8.0	-75.0	-24.0	2.0	-19.0	26.0	-8.0	61.33
61	66.0	80.0	61.0	-1.0	-31.0	12.0	-27.0	12.0	56.93
62	-128.0	-61.0	-100.0	52.0	-8.0	-12.0	-7.0	-9.0	57.94
63	-41.0	-109.0	-37.0	32.0	1.0	-11.0	10.0	-14.0	58.4
64	30.0	54.0	123.0	-16.0	15.0	44.0	26.0	32.0	69.78
65	-54.0	-38.0	15.0	-2.0	-5.0	30.0	6.0	-11.0	66.04
66	-5.0	44.0	-29.0	-90.0	5.0	21.0	-37.0	42.0	76.62
67	-26.0	-98.0	-10.0	45.0	6.0	-9.0	-58.0	11.0	75.55
68	-14.0	36.0	17.0	-35.0	-2.0	11.0	-27.0	-91.0	89.21
69	-2.0	49.0	0.0	10.0	-5.0	32.0	-86.0	33.0	72.36
70	127.0	49.0	20.0	-1.0	-3.0	-6.0	-29.0	29.0	79.09
71	96.0	29.0	17.0	-9.0	-4.0	5.0	33.0	-6.0	85.13
72	33.0	20.0	56.0	-17.0	11.0	-45.0	-53.0	-13.0	83.84
73	14.0	-7.0	-128.0	103.0	19.0	-14.0	-19.0	3.0	97.38
74	-61.0	-43.0	48.0	-40.0	-10.0	2.0	9.0	-9.0	86.71
75	4.0	-12.0	-113.0	-45.0	1.0	-1.0	13.0	28.0	83.84
76	-56.0	-19.0	-19.0	-4.0	-1.0	-15.0	2.0	2.0	68.07
77	-22.0	92.0	10.0	4.0	-5.0	19.0	2.0	15.0	61.33
