0	58.0	-88.0	-33.0	14.0	-8.0	-42.0	13.0	-69.0	38.56
1	42.0	74.0	26.0	-63.0	-6.0	-99.0	-36.0	24.0	47.96
2	9.0	127.0	5.0	-21.0	2.0	-33.0	74.0	-7.0	51.88
3	-32.0	3.0	8.0	26.0	9.0	-20.0	90.0	-3.0	51.51
4	-41.0	66.0	127.0	-53.0	-11.0	12.0	56.0	-91.0	53.6
5	112.0	-128.0	5.0	83.0	-49.0	-33.0	-41.0	-56.0	46.02
6	-14.0	4.0	19.0	-113.0	-5.0	50.0	-55.0	-33.0	41.41
7	-93.0	75.0	-29.0	61.0	11.0	18.0	83.0	10.0	42.86
8	110.0	30.0	-12.0	-35.0	49.0	16.0	-64.0	58.0	51.88
9	8.0	55.0	15.0	-44.0	-8.0	58.0	18.0	-14.0	69.1
10	-49.0	-34.0	-59.0	-6.0	-4.0	5.0	-11.0	-7.0	49.9
11	-2.0	50.0	0.0	46.0	51.0	-18.0	127.0	18.0	59.39
12	115.0	67.0	-70.0	-47.0	44.0	-13.0	-30.0	-66.0	45.65
13	56.0	61.0	127.0	-26.0	-20.0	-6.0	-59.0	73.0	51.51
14	-13.0	29.0	-11.0	-31.0	-6.0	21.0	33.0	-3.0	66.57
15	120.0	-26.0	-4.0	5.0	0.0	16.0	-29.0	41.0	69.1
16	-15.0	56.0	-3.0	-1.0	-27.0	-45.0	127.0	-9.0	60.42
17	105.0	-100.0	-21.0	29.0	4.0	56.0	2.0	11.0	56.42
18	-3.0	24.0	-17.0	-121.0	-9.0	-1.0	-23.0	-29.0	54.64
19	-40.0	115.0	-66.0	18.0	-11.0	-15.0	-27.0	2.0	69.54
20	110.0	-31.0	2.0	-48.0	-23.0	-14.0	-45.0	-26.0	73.36
21	38.0	-17.0	-43.0	-9.0	-6.0	19.0	-128.0	-26.0	79.73
22	-75.0	32.0	72.0	-28.0	23.0	-17.0	17.0	6.0	78.71
23	30.0	45.0	-51.0	127.0	18.0	79.0	-24.0	-58.0	77.87
24	-75.0	41.0	-2.0	-35.0	-61.0	12.0	26.0	92.0	78.71
25	20.0	51.0	32.0	-10.0	21.0	10.0	-77.0	2.0	82.43
26	69.0	-2.0	-8.0	-6.0	17.0	-23.0	-33.0	-51.0	85.22
27	-63.0	32.0	-5.0	33.0	-26.0	-8.0	40.0	10.0	87.79
28	-24.0	-78.0	-33.0	31.0	-12.0	17.0	35.0	-8.0	91.77
29	105.0	15.0	-8.0	-110.0	-11.0	44.0	78.0	127.0	116.82
30	-70.0	51.0	-68.0	-42.0	28.0	110.0	123.0	127.0	135.72
31	-32.0	-18.0	21.0	-66.0	-20.0	-16.0	-84.0	-13.0	136.38
32	91.0	30.0	-20.0	-81.0	22.0	-32.0	-48.0	-4.0	123.04
33	-14.0	-77.0	-11.0	10.0	19.0	32.0	104.0	5.0	135.89
34	-52.0	33.0	-72.0	26.0	-10.0	39.0	-89.0	-44.0	134.5
35	82.0	68.0	20.0	-62.0	-20.0	-45.0	111.0	46.0	134.84
36	-61.0	-44.0	42.0	73.0	39.0	-9.0	-46.0	45.0	107.05
37	-13.0	-33.0	18.0	30.0	-3.0	27.0	-84.0	11.0	94.1
38	-65.0	96.0	-92.0	-43.0	-34.0	25.0	-37.0	-10.0	102.8
39	-28.0	13.0	19.0	-3.0	75.0	-5.0	76.0	4.0	93.34
40	20.0	-54.0	-124.0	-44.0	38.0	12.0	-37.0	39.0	92.64
41	59.0	-44.0	-20.0	-122.0	-26.0	8.0	-85.0	-20.0	91.77
42	-34.0	98.0	11.0	24.0	6.0	-3.0	-61.0	37.0	109.07
43	29.0	-20.0	50.0	-34.0	5.0	9.0	-34.0	-77.0	103.74
44	44.0	42.0	29.0	39.0	-20.0	67.0	-115.0	-4.0	130.14
45	42.0	32.0	-26.0	40.0	-35.0	34.0	127.0	19.0	132.76
46	10.0	41.0	-5.0	55.0	8.0	9.0	102.0	20.0	133.25
47	88.0	-12.0	66.0	-46.0	24.0	-14.0	22.0	-34.0	131.9
48	62.0	29.0	-21.0	-7.0	-4.0	11.0	-81.0	23.0	125.39
49	52.0	-14.0	17.0	-14.0	-8.0	-33.0	-27.0	-32.0	107.05
50	42.0	104.0	47.0	-15.0	25.0	24.0	7.0	27.0	128.62
51	-30.0	-104.0	-20.0	0.0	-26.0	-26.0	-10.0	-20.0	131.9
52	76.0	-86.0	8.0	-18.0	22.0	11.0	-57.0	29.0	136.21
53	6.0	-30.0	-2.0	102.0	30.0	1.0	70.0	105.0	136.39
54	56.0	-56.0	-2.0	-11.0	19.0	1.0	-54.0	-15.0	136.39
55	-30.0	-35.0	31.0	99.0	-12.0	63.0	85.0	-74.0	135.72
56	35.0	0.0	54.0	26.0	-8.0	-3.0	-79.0	51.0	125.39
57	34.0	-69.0	-39.0	72.0	15.0	-21.0	-35.0	2.0	118.34
58	-21.0	126.0	-9.0	-10.0	65.0	5.0	-128.0	-117.0	123.03
59	-61.0	127.0	-3.0	-44.0	3.0	35.0	-109.0	126.0	109.07
60	82.0	-52.0	-33.0	6.0	-3.0	-7.0	-68.0	-17.0	123.04
61	-80.0	-48.0	-11.0	64.0	-8.0	-7.0	-2.0	0.0	99.91
62	26.0	-5.0	79.0	19.0	-23.0	58.0	119.0	-5.0	94.1
63	23.0	-34.0	35.0	-18.0	-16.0	25.0	-27.0	-25.0	93.34
64	-21.0	-44.0	40.0	46.0	-7.0	-87.0	58.0	10.0	88.41
65	-47.0	32.0	25.0	9.0	-2.0	-13.0	-13.0	-7.0	86.33
66	38.0	-128.0	50.0	38.0	-16.0	4.0	11.0	30.0	85.22
67	108.0	-46.0	-37.0	-82.0	22.0	-35.0	14.0	6.0	73.36
68	25.0	-2.0	-48.0	45.0	53.0	-31.0	-17.0	29.0	73.62
69	4.0	81.0	-2.0	4.0	39.0	8.0	-10.0	78.0	62.5
70	9.0	6.0	-10.0	-32.0	-8.0	42.0	53.0	-47.0	63.75
71	-57.0	99.0	-1.0	-24.0	15.0	-21.0	42.0	24.0	54.35
72	-25.0	-110.0	13.0	-14.0	19.0	-36.0	104.0	-52.0	54.64
73	25.0	57.0	52.0	49.0	1.0	37.0	45.0	23.0	60.42
74	2.0	0.0	115.0	-71.0	-55.0	44.0	31.0	-19.0	40.62
75	-14.0	55.0	-19.0	127.0	-17.0	42.0	-58.0	52.0	45.65
76	-14.0	34.0	11.0	18.0	-4.0	8.0	-128.0	-13.0	37.68
77	94.0	-7.0	-4.0	-63.0	-14.0	-34.0	-92.0	0.0	36.71
78	89.0	50.0	-3.0	-90.0	-8.0	-17.0	43.0	13.0	37.68
79	6.0	-40.0	-28.0	-11.0	7.0	10.0	24.0	-2.0	39.12
80	37.0	30.0	-11.0	15.0	-19.0	0.0	-59.0	7.0	39.12
