0	4.0	-44.0	47.0	61.0	-55.0	27.0	43.0	19.0	60.42
1	-57.0	67.0	50.0	-3.0	-8.0	63.0	102.0	-15.0	60.42
2	-49.0	32.0	18.0	-46.0	11.0	21.0	17.0	2.0	66.57
3	35.0	-26.0	13.0	-121.0	-20.0	24.0	31.0	127.0	63.75
4	-34.0	29.0	-39.0	83.0	0.0	-1.0	-54.0	-20.0	69.1
5	-13.0	96.0	-10.0	-24.0	18.0	-3.0	-58.0	73.0	69.54
6	42.0	-7.0	-1.0	31.0	-26.0	-8.0	-13.0	-47.0	79.73
7	52.0	74.0	35.0	-35.0	7.0	4.0	-61.0	29.0	85.22
8	-24.0	-88.0	-20.0	99.0	-4.0	34.0	35.0	2.0	91.77
9	59.0	50.0	127.0	-6.0	-11.0	16.0	70.0	105.0	93.34
10	-52.0	4.0	2.0	33.0	-8.0	5.0	-46.0	29.0	103.74
11	56.0	3.0	-3.0	5.0	-6.0	11.0	18.0	-19.0	94.1
12	-14.0	-33.0	8.0	-11.0	19.0	8.0	-128.0	-74.0	109.07
13	-25.0	34.0	-19.0	-63.0	-3.0	10.0	-24.0	10.0	107.05
14	6.0	75.0	19.0	-110.0	-16.0	18.0	-34.0	-7.0	94.1
15	-75.0	-14.0	-70.0	55.0	22.0	-13.0	90.0	-8.0	91.77
16	-14.0	99.0	20.0	26.0	8.0	12.0	-48.0	24.0	92.64
17	-40.0	-5.0	29.0	6.0	-26.0	58.0	74.0	10.0	123.04
18	-65.0	51.0	79.0	-21.0	-3.0	42.0	85.0	11.0	125.39
19	42.0	104.0	-4.0	-1.0	30.0	-7.0	104.0	7.0	135.89
20	-21.0	-56.0	-28.0	-15.0	-27.0	-18.0	111.0	0.0	135.72
21	94.0	41.0	-5.0	15.0	-8.0	-7.0	7.0	30.0	136.38
22	2.0	115.0	-29.0	-18.0	-34.0	17.0	-89.0	-29.0	136.21
23	110.0	-2.0	5.0	29.0	-7.0	16.0	-128.0	126.0	135.72
24	-14.0	-20.0	-11.0	30.0	-16.0	-9.0	-85.0	52.0	131.9
25	30.0	24.0	66.0	-62.0	-8.0	-99.0	-92.0	-7.0	133.25
26	44.0	32.0	-37.0	127.0	23.0	44.0	-36.0	-14.0	123.04
27	82.0	-54.0	-11.0	10.0	-20.0	-33.0	53.0	-77.0	125.39
28	89.0	98.0	5.0	-11.0	-8.0	-21.0	78.0	23.0	109.07
29	58.0	55.0	42.0	38.0	-6.0	9.0	-128.0	-25.0	116.82
30	-30.0	68.0	19.0	-43.0	15.0	35.0	33.0	-17.0	130.14
31	105.0	-52.0	-72.0	4.0	-17.0	-14.0	13.0	-34.0	134.5
32	-15.0	-40.0	-48.0	-31.0	2.0	37.0	56.0	37.0	134.84
33	20.0	56.0	-33.0	64.0	17.0	110.0	45.0	39.0	136.39
34	120.0	45.0	-21.0	-14.0	53.0	1.0	-11.0	6.0	136.39
35	-80.0	-44.0	-3.0	127.0	-11.0	-26.0	42.0	-58.0	132.76
36	29.0	-31.0	17.0	-66.0	-11.0	-20.0	-10.0	45.0	128.62
37	108.0	61.0	25.0	102.0	24.0	58.0	127.0	51.0	131.9
38	-63.0	42.0	-92.0	39.0	19.0	-45.0	127.0	-26.0	107.05
39	-30.0	30.0	26.0	-10.0	1.0	-31.0	-84.0	-4.0	118.34
40	115.0	-12.0	11.0	-18.0	4.0	-23.0	-17.0	127.0	102.8
41	10.0	-128.0	-20.0	-63.0	75.0	-5.0	-45.0	-69.0	123.03
42	6.0	57.0	-11.0	-53.0	-26.0	-87.0	26.0	18.0	93.34
43	-3.0	-100.0	-33.0	0.0	-20.0	12.0	24.0	6.0	99.91
44	25.0	-46.0	15.0	73.0	65.0	-15.0	-27.0	-10.0	87.79
45	-28.0	50.0	-33.0	-10.0	22.0	-35.0	40.0	78.0	88.41
46	-70.0	-128.0	40.0	46.0	-23.0	25.0	-77.0	46.0	86.33
47	-61.0	-104.0	-2.0	-9.0	-2.0	50.0	-59.0	-2.0	82.43
48	82.0	126.0	54.0	-122.0	15.0	67.0	-10.0	-13.0	77.87
49	-21.0	81.0	-2.0	72.0	-14.0	79.0	-27.0	5.0	85.22
50	-32.0	32.0	-21.0	-44.0	-10.0	-42.0	-27.0	-44.0	78.71
51	38.0	-48.0	-5.0	-113.0	51.0	-14.0	-57.0	-3.0	69.1
52	105.0	32.0	-9.0	-71.0	9.0	-34.0	-64.0	13.0	62.5
53	20.0	-17.0	-4.0	-7.0	-23.0	-16.0	76.0	-32.0	54.35
54	76.0	-2.0	-124.0	-44.0	-5.0	42.0	123.0	-9.0	45.65
55	38.0	13.0	21.0	49.0	19.0	-6.0	-2.0	-7.0	45.65
56	56.0	-69.0	-59.0	-32.0	-6.0	-21.0	2.0	2.0	39.12
57	34.0	41.0	52.0	40.0	-12.0	8.0	58.0	24.0	38.56
58	-61.0	-86.0	-11.0	-35.0	-4.0	32.0	-35.0	-91.0	37.68
59	-75.0	-77.0	-3.0	-81.0	5.0	-17.0	83.0	-5.0	37.68
60	112.0	-35.0	-2.0	-14.0	-8.0	-45.0	-84.0	-33.0	39.12
61	37.0	6.0	50.0	-82.0	49.0	0.0	-33.0	4.0	42.86
62	-93.0	51.0	-66.0	14.0	-49.0	39.0	-115.0	41.0	46.02
63	110.0	127.0	-8.0	-47.0	28.0	-3.0	14.0	92.0	40.62
64	9.0	30.0	-12.0	-28.0	44.0	-17.0	-29.0	-52.0	36.71
65	-32.0	55.0	-51.0	18.0	39.0	1.0	-55.0	-56.0	41.41
66	25.0	-34.0	-20.0	24.0	-35.0	12.0	104.0	-13.0	51.88
67	8.0	29.0	31.0	-48.0	-61.0	-33.0	-37.0	11.0	54.64
68	-47.0	-44.0	32.0	19.0	-20.0	11.0	-68.0	27.0	53.6
69	26.0	66.0	72.0	-6.0	3.0	19.0	-41.0	-26.0	51.88
70	69.0	-78.0	-2.0	-26.0	-12.0	9.0	119.0	20.0	56.42
71	9.0	-110.0	0.0	-90.0	6.0	-13.0	-79.0	-117.0	59.39
72	23.0	0.0	-17.0	26.0	38.0	25.0	-23.0	-3.0	73.36
73	42.0	-30.0	-8.0	9.0	-4.0	44.0	11.0	0.0	78.71
74	-14.0	127.0	-43.0	18.0	25.0	-32.0	22.0	-20.0	73.62
75	91.0	-34.0	11.0	45.0	39.0	-36.0	-81.0	58.0	73.36
76	62.0	30.0	-26.0	-42.0	21.0	8.0	127.0	-66.0	54.64
77	-41.0	-18.0	115.0	46.0	-9.0	5.0	-37.0	10.0	51.51
78	-2.0	15.0	8.0	26.0	-19.0	56.0	-59.0	23.0	47.96
79	-13.0	33.0	-68.0	-34.0	-8.0	10.0	-109.0	-4.0	49.9
80	88.0	0.0	127.0	-44.0	22.0	-33.0	-30.0	-51.0	51.51
