0	126.0	-14.0	5.0	4.0	-16.0	8.0	28.0	-58.0	118.32
1	-10.0	-13.0	35.0	19.0	-2.0	4.0	-10.0	-7.0	115.78
2	20.0	87.0	-7.0	53.0	-6.0	-16.0	15.0	11.0	123.64
3	44.0	39.0	-100.0	-19.0	-2.0	16.0	-3.0	-8.0	124.48
4	51.0	-43.0	106.0	4.0	-8.0	-21.0	-2.0	-40.0	124.48
5	55.0	68.0	69.0	10.0	16.0	-1.0	3.0	9.0	123.64
6	-28.0	54.0	-59.0	16.0	-5.0	-2.0	-25.0	25.0	124.75
7	-8.0	-25.0	55.0	16.0	-1.0	-13.0	-22.0	10.0	124.42
8	63.0	-23.0	4.0	-10.0	-5.0	3.0	16.0	27.0	124.67
9	-23.0	-78.0	42.0	-128.0	-12.0	8.0	-4.0	1.0	122.83
10	-33.0	-104.0	17.0	-4.0	1.0	-4.0	-13.0	10.0	123.83
11	-73.0	34.0	7.0	-18.0	-14.0	2.0	-12.0	18.0	114.38
12	90.0	-82.0	-34.0	-2.0	9.0	-3.0	12.0	-3.0	115.21
13	-108.0	18.0	2.0	-19.0	-3.0	-17.0	14.0	-5.0	116.1
14	-74.0	105.0	53.0	126.0	50.0	-1.0	-6.0	-9.0	95.68
15	54.0	22.0	8.0	-39.0	-4.0	3.0	-5.0	14.0	112.6
16	115.0	-31.0	-19.0	-128.0	9.0	-1.0	-9.0	-2.0	115.78
17	70.0	65.0	16.0	43.0	10.0	12.0	20.0	3.0	105.77
18	88.0	19.0	-32.0	3.0	8.0	-53.0	14.0	-36.0	112.06
19	-1.0	90.0	-13.0	-67.0	-3.0	0.0	3.0	15.0	120.33
20	-28.0	81.0	10.0	-6.0	0.0	-2.0	21.0	10.0	118.27
21	-128.0	125.0	42.0	24.0	-4.0	3.0	5.0	-14.0	121.51
22	32.0	-82.0	4.0	-17.0	14.0	18.0	-14.0	15.0	118.27
23	-22.0	-79.0	-99.0	-52.0	12.0	-2.0	-3.0	2.0	100.6
24	17.0	41.0	26.0	4.0	1.0	-3.0	29.0	-8.0	115.21
25	-53.0	-54.0	6.0	-21.0	6.0	4.0	-10.0	-14.0	100.6
26	-88.0	-102.0	-35.0	-17.0	3.0	-7.0	-2.0	-5.0	101.57
27	-99.0	5.0	-112.0	-42.0	-2.0	-21.0	-1.0	18.0	95.25
28	49.0	109.0	24.0	5.0	0.0	-5.0	-21.0	17.0	96.98
29	-108.0	54.0	16.0	-83.0	-6.0	-4.0	-2.0	4.0	96.98
30	67.0	-35.0	0.0	12.0	-4.0	3.0	5.0	-7.0	92.24
31	126.0	33.0	-14.0	-15.0	8.0	5.0	3.0	35.0	90.22
32	-47.0	127.0	7.0	37.0	-2.0	10.0	33.0	20.0	87.51
33	77.0	-90.0	-2.0	-46.0	7.0	-10.0	-23.0	-24.0	64.22
34	-84.0	-38.0	-2.0	1.0	-22.0	8.0	-14.0	9.0	61.42
35	-66.0	37.0	6.0	-13.0	-10.0	26.0	0.0	5.0	59.12
36	29.0	-55.0	-32.0	-15.0	-10.0	-25.0	-2.0	-26.0	55.24
37	-6.0	3.0	17.0	-8.0	20.0	17.0	7.0	-6.0	44.42
38	55.0	-26.0	-63.0	60.0	8.0	-9.0	0.0	5.0	60.39
39	114.0	78.0	17.0	28.0	-7.0	1.0	-1.0	-14.0	59.12
40	-121.0	51.0	-23.0	-4.0	14.0	7.0	3.0	3.0	41.05
41	57.0	-28.0	-110.0	-15.0	-6.0	10.0	-35.0	2.0	41.04
42	113.0	-43.0	64.0	-5.0	-5.0	-7.0	17.0	-5.0	41.05
43	91.0	31.0	-51.0	17.0	-2.0	8.0	-12.0	-21.0	51.76
44	43.0	94.0	-33.0	-122.0	-5.0	-4.0	-13.0	20.0	44.42
45	74.0	-6.0	-109.0	-26.0	-11.0	-24.0	11.0	49.0	48.6
46	22.0	-121.0	44.0	13.0	6.0	-14.0	8.0	7.0	48.81
47	39.0	-21.0	6.0	15.0	-10.0	-6.0	-42.0	31.0	55.24
48	-20.0	85.0	11.0	0.0	-6.0	14.0	10.0	0.0	48.9
49	27.0	-28.0	10.0	-6.0	8.0	8.0	9.0	4.0	49.41
50	-42.0	-26.0	33.0	6.0	-2.0	10.0	22.0	-36.0	50.26
51	-101.0	127.0	-21.0	-15.0	4.0	-10.0	0.0	24.0	48.81
52	127.0	-6.0	17.0	8.0	-4.0	-5.0	-21.0	2.0	52.19
53	-34.0	-83.0	-75.0	-25.0	0.0	17.0	-10.0	6.0	56.81
54	45.0	26.0	31.0	-42.0	-5.0	3.0	0.0	-16.0	51.83
55	16.0	26.0	71.0	31.0	3.0	5.0	2.0	22.0	69.37
56	61.0	30.0	-127.0	4.0	1.0	7.0	-11.0	0.0	68.08
57	-16.0	102.0	-15.0	47.0	9.0	5.0	10.0	9.0	65.27
58	-30.0	-15.0	-3.0	-5.0	4.0	31.0	52.0	-8.0	75.56
59	-6.0	-39.0	3.0	-45.0	3.0	-13.0	91.0	39.0	79.8
60	-39.0	-13.0	-8.0	83.0	3.0	14.0	-2.0	-5.0	61.94
61	127.0	-128.0	6.0	51.0	9.0	1.0	-24.0	-17.0	71.65
62	26.0	-104.0	-58.0	-118.0	7.0	15.0	-35.0	-3.0	76.24
63	-4.0	-28.0	-128.0	-105.0	-13.0	-7.0	10.0	-12.0	67.11
64	15.0	5.0	38.0	6.0	-13.0	10.0	-3.0	-23.0	65.27
65	-45.0	-21.0	37.0	127.0	-14.0	-1.0	10.0	0.0	79.21
66	54.0	-128.0	-127.0	-26.0	-9.0	17.0	-30.0	21.0	81.95
67	31.0	127.0	88.0	19.0	-7.0	22.0	-4.0	-2.0	69.37
68	65.0	18.0	117.0	-128.0	4.0	-27.0	12.0	2.0	82.69
69	4.0	31.0	-49.0	105.0	-3.0	3.0	-32.0	10.0	82.38
70	110.0	102.0	-59.0	68.0	-4.0	-13.0	17.0	2.0	85.67
71	55.0	-87.0	-16.0	-27.0	2.0	-6.0	-12.0	-4.0	79.21
72	54.0	-14.0	-14.0	78.0	0.0	-5.0	7.0	7.0	87.13
73	-36.0	25.0	20.0	-122.0	1.0	2.0	-13.0	18.0	89.83
74	-74.0	-27.0	127.0	-6.0	6.0	-5.0	-7.0	-5.0	82.38
75	-37.0	-16.0	-6.0	28.0	8.0	6.0	-2.0	-14.0	85.67
76	-54.0	44.0	-18.0	8.0	-5.0	17.0	-3.0	1.0	98.66
