0	-9.0	-51.0	4.0	-22.0	2.0	11.0	-40.0	-14.0	87.56
1	-68.0	-91.0	-128.0	116.0	1.0	-35.0	-48.0	18.0	94.92
2	34.0	-68.0	9.0	27.0	6.0	30.0	-8.0	27.0	97.8
3	79.0	57.0	-111.0	-92.0	-2.0	-31.0	13.0	-27.0	94.92
4	-17.0	-61.0	18.0	13.0	-85.0	6.0	22.0	-30.0	113.12
5	89.0	120.0	9.0	52.0	-2.0	0.0	-64.0	17.0	94.55
6	37.0	110.0	29.0	22.0	-16.0	-74.0	127.0	-22.0	121.96
7	-128.0	-54.0	4.0	9.0	3.0	1.0	1.0	50.0	128.96
8	-93.0	-128.0	3.0	-4.0	-14.0	-2.0	-57.0	12.0	122.4
9	23.0	16.0	-54.0	-5.0	-10.0	25.0	5.0	12.0	120.36
10	107.0	56.0	-33.0	32.0	-8.0	-10.0	-4.0	-10.0	125.63
11	24.0	-32.0	39.0	-16.0	35.0	16.0	-60.0	-21.0	128.7
12	-57.0	-124.0	-12.0	-43.0	29.0	-27.0	-59.0	40.0	117.38
13	79.0	82.0	-80.0	2.0	42.0	35.0	-128.0	12.0	117.38
14	-108.0	-16.0	12.0	-32.0	13.0	-9.0	65.0	-45.0	97.14
15	75.0	-35.0	127.0	22.0	-4.0	-26.0	-24.0	-97.0	87.56
16	71.0	-85.0	-76.0	-11.0	-6.0	19.0	53.0	0.0	86.45
17	-75.0	104.0	123.0	-26.0	26.0	2.0	68.0	-87.0	82.81
18	-42.0	0.0	3.0	104.0	6.0	35.0	-50.0	27.0	85.29
19	48.0	29.0	12.0	-36.0	12.0	26.0	51.0	27.0	86.55
20	-8.0	-79.0	23.0	15.0	2.0	45.0	-48.0	-7.0	82.46
21	-127.0	124.0	-25.0	1.0	0.0	84.0	34.0	36.0	80.56
22	-102.0	56.0	-81.0	-24.0	20.0	14.0	-40.0	74.0	78.04
23	104.0	75.0	-6.0	-17.0	-26.0	-7.0	21.0	26.0	74.75
24	-60.0	127.0	46.0	99.0	-19.0	30.0	-58.0	51.0	67.37
25	127.0	-24.0	-128.0	-51.0	-19.0	12.0	-103.0	-39.0	44.17
26	-76.0	68.0	-89.0	-7.0	-2.0	-41.0	33.0	0.0	59.77
27	28.0	-128.0	41.0	127.0	5.0	13.0	-4.0	0.0	49.12
28	-70.0	-55.0	-74.0	4.0	-11.0	-51.0	-13.0	-21.0	45.08
29	45.0	-30.0	-17.0	-26.0	-7.0	30.0	-79.0	-51.0	56.71
30	-101.0	42.0	-87.0	-55.0	18.0	31.0	-50.0	15.0	63.72
31	57.0	44.0	-31.0	5.0	-7.0	-13.0	13.0	-29.0	45.67
32	-121.0	-63.0	2.0	-14.0	6.0	21.0	-103.0	20.0	59.77
33	-22.0	3.0	-6.0	-41.0	29.0	-28.0	-23.0	-2.0	47.33
34	-128.0	-128.0	23.0	-128.0	-35.0	23.0	-6.0	-41.0	43.32
35	127.0	-74.0	-66.0	-73.0	6.0	-13.0	-102.0	29.0	43.77
36	63.0	81.0	36.0	-47.0	-16.0	-11.0	-19.0	6.0	43.64
37	-7.0	0.0	30.0	61.0	14.0	-21.0	-128.0	-8.0	46.99
38	-38.0	-98.0	-19.0	-50.0	54.0	2.0	3.0	-51.0	51.18
39	-7.0	-63.0	120.0	95.0	-17.0	-5.0	18.0	-23.0	64.66
40	-37.0	127.0	44.0	-35.0	12.0	18.0	-32.0	-25.0	65.59
41	-128.0	109.0	-6.0	10.0	3.0	-35.0	35.0	55.0	55.43
42	55.0	-123.0	18.0	-78.0	9.0	11.0	16.0	-26.0	45.04
43	-80.0	49.0	-20.0	14.0	-9.0	-30.0	-25.0	84.0	60.38
44	127.0	127.0	-1.0	-37.0	4.0	17.0	-66.0	46.0	53.3
45	-90.0	-109.0	-36.0	74.0	-4.0	-15.0	26.0	-65.0	44.17
46	29.0	-19.0	-3.0	64.0	10.0	-4.0	21.0	-26.0	43.32
47	76.0	94.0	-8.0	50.0	-12.0	3.0	83.0	2.0	43.4
48	-53.0	-42.0	-3.0	88.0	-13.0	-5.0	-108.0	25.0	44.72
49	34.0	108.0	-95.0	-128.0	-1.0	-15.0	-79.0	119.0	43.8
50	-25.0	-8.0	-6.0	44.0	-41.0	-30.0	45.0	13.0	47.33
51	-14.0	-100.0	82.0	-6.0	6.0	9.0	-42.0	69.0	51.18
52	15.0	-23.0	-90.0	-14.0	-12.0	15.0	25.0	-93.0	43.8
53	1.0	-114.0	98.0	127.0	8.0	2.0	35.0	-92.0	48.73
54	57.0	22.0	-7.0	-128.0	-13.0	-1.0	39.0	0.0	63.72
55	-17.0	38.0	-41.0	2.0	5.0	-11.0	-128.0	8.0	67.37
56	-93.0	-16.0	53.0	-9.0	-5.0	0.0	-37.0	6.0	65.56
57	55.0	-73.0	-27.0	-3.0	19.0	-25.0	-107.0	-51.0	69.62
58	-34.0	-92.0	16.0	-128.0	6.0	-3.0	-37.0	65.0	73.71
59	-61.0	-128.0	-41.0	-97.0	6.0	28.0	-93.0	36.0	76.68
60	5.0	-46.0	-118.0	14.0	-19.0	21.0	-80.0	-13.0	77.22
61	-27.0	-14.0	82.0	-79.0	-2.0	16.0	2.0	9.0	74.75
62	-64.0	8.0	74.0	35.0	-52.0	-10.0	68.0	-21.0	77.22
63	127.0	39.0	-43.0	97.0	26.0	8.0	-72.0	-61.0	86.45
64	84.0	76.0	-58.0	-9.0	-13.0	-55.0	-21.0	98.0	88.7
65	105.0	5.0	-20.0	-30.0	4.0	0.0	-95.0	-31.0	92.15
66	0.0	-86.0	-15.0	12.0	7.0	17.0	4.0	-12.0	92.15
67	-84.0	-24.0	0.0	17.0	10.0	-89.0	-37.0	-35.0	114.34
68	-64.0	-39.0	1.0	23.0	6.0	11.0	-128.0	26.0	103.64
69	-125.0	-110.0	2.0	-9.0	0.0	-5.0	35.0	-7.0	111.41
70	114.0	-1.0	63.0	-17.0	1.0	19.0	9.0	4.0	115.03
71	117.0	-52.0	-121.0	-109.0	7.0	18.0	-66.0	-28.0	128.7
72	-128.0	63.0	-2.0	-30.0	-2.0	12.0	-30.0	-16.0	128.12
73	46.0	-74.0	79.0	21.0	-11.0	-22.0	30.0	65.0	128.7
74	1.0	4.0	69.0	-25.0	6.0	98.0	-110.0	13.0	125.63
75	-5.0	-106.0	-123.0	59.0	-16.0	8.0	58.0	16.0	127.97
76	-9.0	127.0	90.0	-51.0	-16.0	19.0	-26.0	-42.0	117.59
77	0.0	-90.0	127.0	127.0	-12.0	-8.0	31.0	13.0	103.64
78	-99.0	94.0	-57.0	-92.0	-3.0	0.0	-94.0	4.0	101.72
