0	-6.0	-56.0	44.0	-7.0	-1.0	0.0	7.0	3.0	133.22
1	-10.0	17.0	3.0	-13.0	60.0	5.0	12.0	-2.0	131.59
2	11.0	10.0	18.0	4.0	15.0	-6.0	-12.0	10.0	133.22
3	-4.0	-92.0	-21.0	-13.0	-11.0	-4.0	10.0	58.0	138.7
4	18.0	22.0	31.0	9.0	70.0	-4.0	-12.0	10.0	131.58
5	-7.0	-5.0	5.0	-3.0	7.0	-8.0	-27.0	34.0	129.98
6	1.0	-118.0	-2.0	1.0	-35.0	3.0	-3.0	-11.0	128.18
7	-1.0	19.0	14.0	35.0	2.0	7.0	-12.0	11.0	124.75
8	-20.0	119.0	17.0	-4.0	-3.0	-10.0	9.0	18.0	128.64
9	-53.0	-32.0	-2.0	-67.0	1.0	11.0	-4.0	-16.0	129.98
10	-19.0	-16.0	6.0	9.0	-2.0	-1.0	-1.0	32.0	131.51
11	102.0	8.0	118.0	-8.0	21.0	5.0	-2.0	1.0	129.9
12	-7.0	-11.0	-25.0	5.0	0.0	2.0	5.0	-14.0	125.55
13	-14.0	-87.0	72.0	-13.0	23.0	-2.0	-10.0	-3.0	128.18
14	2.0	-21.0	-7.0	0.0	3.0	9.0	2.0	15.0	131.59
15	47.0	10.0	-18.0	23.0	-1.0	-5.0	-6.0	-9.0	131.05
16	-3.0	60.0	-79.0	-6.0	3.0	-2.0	2.0	14.0	118.64
17	-32.0	-20.0	75.0	-2.0	-2.0	8.0	7.0	28.0	121.63
18	25.0	-93.0	6.0	-36.0	4.0	-5.0	-1.0	18.0	111.29
19	-65.0	-27.0	7.0	13.0	14.0	0.0	25.0	27.0	97.08
20	17.0	-42.0	16.0	44.0	-3.0	9.0	6.0	-9.0	95.4
21	14.0	-16.0	51.0	2.0	-10.0	19.0	3.0	-4.0	101.17
22	-10.0	-8.0	-3.0	110.0	11.0	3.0	-3.0	-14.0	104.92
23	-6.0	-15.0	7.0	-56.0	10.0	10.0	3.0	-1.0	76.04
24	-28.0	-5.0	-5.0	-9.0	-18.0	-6.0	-3.0	9.0	94.12
25	-5.0	44.0	-49.0	-3.0	-7.0	-5.0	-1.0	5.0	77.26
26	1.0	22.0	-2.0	15.0	-1.0	3.0	0.0	-12.0	70.6
27	11.0	9.0	41.0	-7.0	-14.0	14.0	24.0	-2.0	61.5
28	-64.0	0.0	46.0	0.0	30.0	12.0	-6.0	16.0	61.96
29	-68.0	63.0	-4.0	58.0	-4.0	1.0	-8.0	-16.0	58.06
30	-50.0	30.0	2.0	-5.0	9.0	7.0	-2.0	-31.0	54.13
31	-45.0	-101.0	8.0	-11.0	8.0	-7.0	-6.0	10.0	51.12
32	-21.0	-28.0	-2.0	58.0	-12.0	5.0	2.0	-5.0	49.63
33	55.0	108.0	-3.0	-12.0	7.0	-11.0	-1.0	-39.0	46.84
34	16.0	-11.0	-33.0	-50.0	-7.0	-6.0	16.0	-10.0	50.76
35	-7.0	-15.0	28.0	-15.0	-4.0	-2.0	9.0	15.0	47.38
36	-21.0	-107.0	42.0	-11.0	7.0	-4.0	9.0	20.0	47.38
37	58.0	-10.0	-2.0	13.0	67.0	7.0	10.0	13.0	48.07
38	54.0	67.0	-2.0	12.0	0.0	-1.0	-9.0	0.0	52.13
39	-24.0	44.0	8.0	-6.0	-1.0	1.0	-7.0	-2.0	57.56
40	-58.0	54.0	18.0	12.0	28.0	0.0	15.0	0.0	56.13
41	-8.0	37.0	-11.0	2.0	5.0	4.0	-1.0	59.0	58.06
42	-16.0	-28.0	-9.0	35.0	-2.0	-19.0	-2.0	20.0	57.28
43	1.0	-41.0	0.0	-69.0	1.0	8.0	5.0	11.0	49.76
44	-13.0	92.0	-97.0	-2.0	-1.0	0.0	9.0	5.0	50.34
45	-4.0	-24.0	20.0	40.0	17.0	27.0	-6.0	0.0	45.44
46	-23.0	14.0	55.0	-13.0	4.0	-10.0	15.0	-11.0	55.63
47	-21.0	0.0	-17.0	4.0	1.0	-3.0	-2.0	-24.0	54.13
48	-58.0	75.0	-128.0	24.0	-36.0	10.0	-6.0	-18.0	67.36
49	-4.0	22.0	8.0	-4.0	-8.0	5.0	-6.0	62.0	65.75
50	-9.0	53.0	23.0	-15.0	2.0	-11.0	-5.0	8.0	57.56
51	34.0	66.0	0.0	22.0	-5.0	4.0	-9.0	-10.0	54.14
52	-68.0	29.0	-82.0	-2.0	17.0	11.0	-3.0	-8.0	52.03
53	72.0	1.0	127.0	-5.0	-11.0	-1.0	33.0	-10.0	46.84
54	-4.0	-48.0	7.0	9.0	7.0	-3.0	3.0	-19.0	51.99
55	53.0	12.0	1.0	113.0	-8.0	2.0	0.0	55.0	67.36
56	-42.0	-11.0	3.0	-18.0	17.0	-2.0	-7.0	-12.0	82.49
57	-33.0	-41.0	-57.0	-33.0	7.0	-8.0	-12.0	-2.0	93.02
58	-70.0	-78.0	-55.0	-3.0	-3.0	6.0	10.0	-1.0	69.73
59	-19.0	21.0	12.0	17.0	-18.0	-7.0	4.0	21.0	76.04
60	-3.0	16.0	79.0	22.0	-2.0	-10.0	-3.0	34.0	84.0
61	29.0	18.0	-2.0	-3.0	14.0	0.0	5.0	-3.0	93.02
62	16.0	-66.0	16.0	7.0	-2.0	-2.0	1.0	27.0	86.94
63	16.0	3.0	55.0	-7.0	0.0	20.0	-3.0	-37.0	89.98
64	-58.0	64.0	-14.0	1.0	-3.0	26.0	13.0	-26.0	114.5
65	-72.0	68.0	-11.0	2.0	0.0	-1.0	-1.0	17.0	109.62
66	42.0	-45.0	15.0	-1.0	-8.0	7.0	-17.0	28.0	95.4
67	2.0	-40.0	-19.0	-23.0	-3.0	5.0	-7.0	3.0	118.64
68	-12.0	-79.0	49.0	13.0	3.0	-16.0	25.0	6.0	121.63
69	-11.0	17.0	-12.0	37.0	5.0	6.0	-1.0	3.0	116.29
70	9.0	45.0	-2.0	-7.0	10.0	-3.0	0.0	-9.0	104.59
71	-5.0	21.0	20.0	-8.0	4.0	0.0	8.0	17.0	110.41
72	-4.0	37.0	-9.0	56.0	2.0	0.0	7.0	-19.0	101.17
73	-24.0	-40.0	22.0	-1.0	-27.0	0.0	5.0	-53.0	123.29
74	-18.0	119.0	54.0	-8.0	-3.0	-4.0	11.0	-18.0	123.9
75	38.0	-56.0	22.0	-13.0	-7.0	-4.0	1.0	15.0	129.95
