0	17.0	-38.0	83.0	-7.0	-6.0	-6.0	-6.0	13.0	52.37
1	-91.0	123.0	10.0	-128.0	4.0	17.0	0.0	2.0	54.52
2	104.0	127.0	-29.0	-13.0	-20.0	-14.0	29.0	4.0	56.57
3	38.0	-31.0	10.0	35.0	22.0	-27.0	-13.0	6.0	61.39
4	89.0	81.0	40.0	-20.0	7.0	-25.0	32.0	0.0	57.17
5	-14.0	-3.0	11.0	4.0	-1.0	-16.0	-16.0	3.0	57.17
6	-23.0	-21.0	16.0	44.0	-14.0	-12.0	-22.0	8.0	58.98
7	-128.0	-44.0	-22.0	-7.0	11.0	3.0	-6.0	-14.0	55.94
8	9.0	75.0	-24.0	81.0	7.0	5.0	-28.0	-19.0	56.77
9	-87.0	53.0	-16.0	35.0	16.0	-28.0	2.0	15.0	56.77
10	-26.0	-128.0	33.0	-17.0	-10.0	-11.0	11.0	15.0	53.74
11	-66.0	77.0	-3.0	16.0	-17.0	-14.0	1.0	-17.0	52.72
12	-2.0	53.0	54.0	6.0	1.0	7.0	34.0	-16.0	52.69
13	-47.0	-12.0	-42.0	7.0	1.0	-14.0	-23.0	25.0	57.0
14	-77.0	3.0	-121.0	5.0	-11.0	41.0	-1.0	-10.0	59.78
15	7.0	-72.0	9.0	-17.0	-10.0	44.0	20.0	-6.0	61.56
16	72.0	-115.0	117.0	17.0	-6.0	-12.0	-5.0	-2.0	63.3
17	-11.0	-103.0	46.0	13.0	8.0	-30.0	-8.0	10.0	60.56
18	29.0	-43.0	33.0	-16.0	11.0	-29.0	20.0	-8.0	64.78
19	-22.0	-52.0	-5.0	15.0	-5.0	-26.0	-17.0	0.0	70.31
20	31.0	14.0	-33.0	-90.0	-5.0	-11.0	-7.0	-11.0	78.98
21	-111.0	-103.0	-6.0	127.0	9.0	-1.0	-2.0	-13.0	74.6
22	117.0	18.0	-29.0	-34.0	-9.0	7.0	-29.0	-1.0	78.98
23	-98.0	96.0	23.0	2.0	22.0	16.0	14.0	9.0	81.84
24	115.0	-42.0	41.0	-15.0	6.0	0.0	9.0	1.0	84.54
25	-27.0	17.0	61.0	-64.0	2.0	-40.0	1.0	-11.0	88.1
26	-23.0	-128.0	-9.0	69.0	-5.0	-4.0	15.0	0.0	90.93
27	35.0	16.0	-1.0	-11.0	1.0	-2.0	26.0	2.0	98.8
28	-128.0	-93.0	90.0	35.0	-8.0	-2.0	22.0	31.0	93.71
29	-11.0	127.0	117.0	-35.0	-4.0	15.0	-2.0	1.0	112.65
30	-65.0	87.0	29.0	65.0	-4.0	-10.0	-8.0	0.0	109.99
31	53.0	-87.0	-110.0	-16.0	2.0	41.0	-9.0	-19.0	95.1
32	-116.0	7.0	32.0	-9.0	-6.0	24.0	20.0	0.0	102.76
33	-70.0	-23.0	10.0	23.0	3.0	-40.0	-28.0	-4.0	114.66
34	-42.0	20.0	-21.0	35.0	4.0	-11.0	-17.0	8.0	116.82
35	92.0	-54.0	-4.0	6.0	11.0	-3.0	1.0	6.0	107.79
36	-19.0	-79.0	-6.0	-111.0	5.0	6.0	2.0	-18.0	116.23
37	-23.0	-93.0	-11.0	19.0	-3.0	2.0	-44.0	-50.0	116.73
38	53.0	-17.0	23.0	82.0	-9.0	-14.0	-11.0	-3.0	116.57
39	-6.0	70.0	-40.0	65.0	1.0	0.0	8.0	3.0	116.82
40	-25.0	-88.0	-22.0	-105.0	5.0	25.0	-12.0	-2.0	114.89
41	-104.0	31.0	13.0	-87.0	0.0	-18.0	34.0	0.0	111.37
42	77.0	-38.0	35.0	0.0	0.0	7.0	10.0	14.0	88.1
43	96.0	6.0	33.0	127.0	10.0	-15.0	-39.0	-5.0	88.67
44	33.0	25.0	11.0	28.0	1.0	5.0	22.0	-22.0	88.67
45	7.0	35.0	-128.0	-17.0	0.0	-12.0	-27.0	-1.0	93.32
46	-93.0	-128.0	33.0	-34.0	-11.0	14.0	18.0	-8.0	91.04
47	-24.0	49.0	8.0	-1.0	-3.0	11.0	18.0	13.0	102.76
48	-26.0	-128.0	-13.0	10.0	16.0	-7.0	9.0	-19.0	114.66
49	127.0	-15.0	-74.0	11.0	11.0	-3.0	2.0	6.0	116.12
50	53.0	19.0	48.0	115.0	10.0	-3.0	-28.0	0.0	116.71
51	-126.0	-30.0	11.0	2.0	8.0	-59.0	-20.0	1.0	111.37
52	-21.0	24.0	1.0	-1.0	16.0	18.0	-34.0	10.0	116.12
53	-29.0	-10.0	-50.0	-80.0	-10.0	25.0	-20.0	8.0	112.64
54	-16.0	85.0	-3.0	-123.0	-5.0	-1.0	-2.0	1.0	108.72
55	-102.0	49.0	-11.0	23.0	-5.0	51.0	-36.0	-1.0	93.32
56	-128.0	15.0	43.0	125.0	-4.0	14.0	-13.0	6.0	101.41
57	-80.0	-72.0	35.0	-58.0	1.0	-17.0	2.0	-2.0	97.65
58	42.0	-53.0	-41.0	24.0	-11.0	3.0	-22.0	-2.0	89.71
59	9.0	20.0	94.0	42.0	0.0	20.0	-22.0	-8.0	85.69
60	80.0	58.0	-5.0	-15.0	-2.0	-29.0	13.0	11.0	82.2
61	24.0	3.0	-20.0	-11.0	-5.0	8.0	15.0	-6.0	76.34
62	35.0	-2.0	-14.0	2.0	-26.0	19.0	0.0	6.0	72.85
63	-128.0	13.0	-95.0	-17.0	-1.0	0.0	1.0	-12.0	78.7
64	118.0	-18.0	3.0	-19.0	0.0	6.0	1.0	3.0	76.34
65	7.0	53.0	72.0	19.0	18.0	-40.0	4.0	1.0	68.23
66	-128.0	16.0	-87.0	-31.0	3.0	22.0	-3.0	17.0	65.53
67	-10.0	-62.0	23.0	-19.0	0.0	-16.0	-24.0	23.0	64.78
68	-10.0	-60.0	33.0	2.0	5.0	-13.0	-6.0	-8.0	65.43
69	59.0	6.0	67.0	-1.0	-17.0	-15.0	-13.0	-8.0	65.43
70	49.0	-19.0	-109.0	-2.0	4.0	-29.0	2.0	4.0	61.94
71	46.0	-19.0	14.0	79.0	-14.0	18.0	-2.0	-2.0	56.36
72	-26.0	22.0	19.0	-8.0	5.0	2.0	4.0	0.0	57.99
73	-42.0	71.0	8.0	5.0	11.0	-3.0	1.0	-15.0	52.69
74	-87.0	-16.0	-9.0	11.0	5.0	-2.0	-29.0	2.0	52.38
75	24.0	-73.0	-63.0	90.0	1.0	-2.0	-38.0	2.0	56.36
76	-97.0	53.0	-4.0	9.0	-16.0	21.0	-9.0	-8.0	52.72
