0	-4.0	-26.0	49.0	5.0	-10.0	-16.0	-11.0	20.0	68.86
1	42.0	14.0	-71.0	-7.0	4.0	9.0	-15.0	-35.0	78.2
2	14.0	19.0	-7.0	3.0	5.0	8.0	-6.0	43.0	72.25
3	-20.0	-82.0	-4.0	6.0	5.0	-9.0	-25.0	-27.0	80.66
4	66.0	99.0	9.0	-5.0	0.0	-7.0	7.0	3.0	88.43
5	12.0	-57.0	-58.0	-4.0	21.0	-2.0	-26.0	34.0	90.87
6	2.0	42.0	15.0	-9.0	41.0	62.0	46.0	-12.0	92.91
7	-2.0	-23.0	-11.0	15.0	6.0	-35.0	-7.0	18.0	103.49
8	-29.0	-78.0	-11.0	-20.0	-14.0	6.0	-14.0	4.0	107.63
9	-39.0	13.0	21.0	39.0	-8.0	22.0	-19.0	2.0	112.86
10	-56.0	-14.0	-4.0	-42.0	-21.0	-5.0	42.0	32.0	108.82
11	-30.0	-3.0	-23.0	-14.0	10.0	-49.0	-4.0	-24.0	112.86
12	-18.0	2.0	47.0	13.0	2.0	-6.0	-2.0	-28.0	106.78
13	-49.0	17.0	19.0	-16.0	2.0	27.0	12.0	-4.0	120.4
14	-10.0	-64.0	13.0	-40.0	17.0	-9.0	21.0	28.0	119.84
15	-79.0	59.0	-43.0	8.0	9.0	-11.0	13.0	10.0	118.73
16	28.0	35.0	-2.0	-96.0	-15.0	20.0	-12.0	39.0	119.84
17	-15.0	-50.0	-10.0	0.0	4.0	-24.0	-3.0	-5.0	119.85
18	17.0	51.0	47.0	-2.0	-14.0	7.0	-15.0	-22.0	116.13
19	-34.0	-65.0	7.0	6.0	-1.0	0.0	-23.0	24.0	114.46
20	5.0	10.0	12.0	10.0	5.0	6.0	8.0	40.0	108.82
21	-25.0	-9.0	-5.0	4.0	5.0	9.0	5.0	17.0	114.17
22	-51.0	-21.0	-15.0	-8.0	-9.0	-2.0	6.0	-38.0	118.73
23	8.0	38.0	-16.0	19.0	7.0	82.0	38.0	-5.0	119.63
24	-14.0	-1.0	21.0	9.0	12.0	-8.0	-18.0	-11.0	104.45
25	24.0	-5.0	63.0	12.0	9.0	0.0	-19.0	-19.0	110.24
26	7.0	-11.0	-6.0	-2.0	-9.0	2.0	-3.0	4.0	104.45
27	69.0	30.0	2.0	-19.0	8.0	-1.0	-1.0	49.0	103.56
28	-16.0	-7.0	2.0	18.0	-3.0	3.0	0.0	19.0	99.57
29	35.0	-77.0	19.0	-7.0	-6.0	-17.0	-60.0	-55.0	99.24
30	-65.0	-3.0	-17.0	14.0	-3.0	4.0	-17.0	22.0	94.24
31	-1.0	3.0	-20.0	-23.0	2.0	4.0	8.0	-4.0	98.42
32	-38.0	16.0	0.0	-14.0	9.0	-12.0	18.0	30.0	99.57
33	13.0	1.0	-42.0	8.0	3.0	20.0	-10.0	54.0	106.07
34	-21.0	26.0	-14.0	11.0	-7.0	-9.0	-9.0	56.0	117.82
35	30.0	-51.0	-9.0	12.0	-3.0	2.0	-128.0	-7.0	109.68
36	-34.0	-12.0	52.0	-2.0	1.0	-1.0	17.0	127.0	117.23
37	1.0	61.0	-2.0	12.0	8.0	-2.0	12.0	19.0	114.17
38	127.0	7.0	32.0	-18.0	2.0	-6.0	-1.0	16.0	107.63
39	-21.0	-22.0	-7.0	-18.0	17.0	36.0	-9.0	-7.0	97.26
40	30.0	-11.0	-13.0	-5.0	-1.0	5.0	1.0	-13.0	90.87
41	11.0	5.0	4.0	11.0	-4.0	-2.0	3.0	11.0	88.43
42	32.0	-34.0	0.0	3.0	-7.0	6.0	-14.0	11.0	78.2
43	-4.0	-34.0	-18.0	25.0	6.0	-5.0	-26.0	1.0	59.6
44	-84.0	-58.0	-34.0	-4.0	-17.0	2.0	2.0	-46.0	70.62
45	48.0	-56.0	0.0	-18.0	-7.0	10.0	-12.0	11.0	63.84
46	-55.0	16.0	46.0	13.0	-7.0	-4.0	29.0	-15.0	49.66
47	76.0	-3.0	9.0	-12.0	-19.0	9.0	-3.0	25.0	47.75
48	-45.0	-31.0	3.0	-10.0	-2.0	-13.0	-32.0	-117.0	45.8
49	10.0	-10.0	77.0	-6.0	-6.0	2.0	-1.0	-19.0	36.29
50	-101.0	-18.0	-29.0	-66.0	10.0	25.0	9.0	-25.0	36.01
51	-38.0	-6.0	7.0	-4.0	3.0	7.0	7.0	41.0	42.8
52	-3.0	-14.0	-10.0	-4.0	8.0	-31.0	87.0	33.0	31.74
53	8.0	-33.0	-11.0	-15.0	8.0	24.0	88.0	-29.0	36.05
54	-10.0	-12.0	-16.0	-6.0	-1.0	-9.0	2.0	4.0	42.26
55	74.0	2.0	5.0	3.0	5.0	2.0	-18.0	1.0	42.8
56	-73.0	1.0	21.0	1.0	41.0	-5.0	-20.0	-42.0	43.88
57	59.0	34.0	-71.0	-4.0	10.0	4.0	10.0	26.0	39.69
58	6.0	-30.0	-3.0	-3.0	-1.0	3.0	-2.0	16.0	45.8
59	-22.0	-80.0	-21.0	1.0	13.0	-4.0	7.0	87.0	31.74
60	10.0	9.0	13.0	-9.0	15.0	20.0	4.0	0.0	39.54
61	42.0	40.0	-22.0	12.0	-3.0	0.0	-12.0	19.0	47.14
62	-4.0	36.0	2.0	-11.0	12.0	0.0	116.0	-16.0	47.14
63	-18.0	1.0	-68.0	-21.0	19.0	-4.0	-11.0	-5.0	48.52
64	14.0	-5.0	20.0	-1.0	10.0	6.0	9.0	113.0	48.33
65	-3.0	1.0	-11.0	24.0	-4.0	-3.0	8.0	-24.0	52.0
66	-13.0	-30.0	-11.0	-28.0	-5.0	-25.0	-22.0	-12.0	52.46
67	-11.0	-33.0	-53.0	-6.0	5.0	4.0	1.0	11.0	52.46
68	-49.0	40.0	-14.0	-11.0	8.0	-3.0	35.0	14.0	54.9
69	8.0	21.0	-8.0	-8.0	-8.0	13.0	4.0	7.0	55.24
70	42.0	-30.0	68.0	25.0	-26.0	-4.0	17.0	11.0	57.15
71	-14.0	-53.0	-12.0	10.0	0.0	25.0	3.0	20.0	69.07
72	0.0	-26.0	-2.0	14.0	-7.0	-9.0	2.0	14.0	57.15
73	-15.0	121.0	27.0	3.0	-8.0	-12.0	11.0	51.0	61.0
74	-70.0	-57.0	88.0	-24.0	-13.0	2.0	32.0	-9.0	69.07
75	-65.0	-10.0	-83.0	-1.0	28.0	20.0	-26.0	-11.0	87.24
76	-11.0	-91.0	31.0	-27.0	3.0	5.0	16.0	-27.0	82.67
77	-10.0	-25.0	-8.0	6.0	0.0	-8.0	-7.0	20.0	65.91
78	-65.0	-8.0	-23.0	8.0	1.0	4.0	18.0	2.0	59.6
