0	-114.0	57.0	-86.0	-55.0	13.0	9.0	10.0	34.0	125.08
1	67.0	25.0	-11.0	1.0	7.0	-11.0	-9.0	16.0	116.53
2	30.0	0.0	1.0	9.0	13.0	-22.0	-15.0	-20.0	115.32
3	-16.0	-78.0	37.0	-11.0	-13.0	6.0	-18.0	12.0	114.98
4	40.0	8.0	1.0	-8.0	-15.0	-27.0	-38.0	12.0	105.75
5	-20.0	-92.0	-4.0	3.0	-22.0	-20.0	26.0	-25.0	98.67
6	-30.0	23.0	14.0	24.0	6.0	-2.0	3.0	-13.0	99.05
7	-14.0	-16.0	4.0	27.0	-32.0	-13.0	-24.0	0.0	114.98
8	51.0	-33.0	0.0	-15.0	15.0	50.0	2.0	-32.0	117.41
9	-110.0	44.0	2.0	-5.0	13.0	62.0	-21.0	11.0	106.14
10	62.0	116.0	-17.0	-9.0	5.0	-16.0	57.0	12.0	103.75
11	33.0	-42.0	33.0	-6.0	1.0	7.0	19.0	0.0	97.03
12	-31.0	11.0	-128.0	107.0	14.0	-5.0	-69.0	32.0	73.79
13	43.0	-58.0	19.0	2.0	-1.0	2.0	-24.0	-9.0	56.8
14	-9.0	-4.0	-22.0	-128.0	-18.0	-20.0	-1.0	12.0	68.6
15	3.0	-72.0	-82.0	-33.0	5.0	-19.0	-23.0	-24.0	88.05
16	14.0	-84.0	-17.0	7.0	-21.0	0.0	8.0	-11.0	88.05
17	-22.0	-40.0	-1.0	79.0	-10.0	6.0	32.0	-5.0	90.2
18	-2.0	-19.0	8.0	-53.0	4.0	-5.0	9.0	-4.0	89.51
19	-27.0	20.0	16.0	-5.0	-2.0	2.0	17.0	-14.0	80.62
20	-40.0	72.0	-2.0	114.0	1.0	-5.0	-9.0	-15.0	83.15
21	-9.0	-55.0	-17.0	81.0	6.0	-16.0	-22.0	-20.0	73.79
22	2.0	-102.0	-36.0	9.0	-3.0	-3.0	5.0	10.0	67.41
23	-83.0	37.0	45.0	-11.0	-4.0	-23.0	10.0	10.0	48.04
24	121.0	28.0	-14.0	-27.0	-14.0	-32.0	15.0	-41.0	39.49
25	-6.0	-107.0	20.0	13.0	-19.0	-5.0	-9.0	7.0	36.8
26	-75.0	10.0	-102.0	-5.0	-1.0	25.0	5.0	5.0	35.56
27	-23.0	-6.0	89.0	4.0	11.0	-14.0	-13.0	1.0	39.09
28	-8.0	-19.0	123.0	1.0	-17.0	10.0	3.0	4.0	36.14
29	23.0	11.0	3.0	29.0	4.0	-7.0	-15.0	-7.0	45.78
30	81.0	-34.0	63.0	-10.0	3.0	10.0	10.0	4.0	39.49
31	-1.0	16.0	-37.0	85.0	4.0	-15.0	-5.0	-22.0	35.42
32	16.0	-114.0	-1.0	-7.0	-5.0	-5.0	7.0	-8.0	35.1
33	-128.0	-32.0	106.0	-5.0	-12.0	-18.0	-14.0	23.0	35.31
34	-11.0	66.0	-2.0	-18.0	-3.0	5.0	10.0	-2.0	37.8
35	-35.0	52.0	-94.0	64.0	-15.0	-2.0	1.0	14.0	41.89
36	-84.0	-11.0	-23.0	-11.0	-6.0	-21.0	2.0	-8.0	36.1
37	36.0	37.0	-19.0	-2.0	-8.0	4.0	16.0	-3.0	35.29
38	35.0	67.0	20.0	-58.0	-7.0	-18.0	31.0	-41.0	35.42
39	-33.0	-31.0	18.0	-12.0	-8.0	-27.0	18.0	3.0	43.55
40	69.0	25.0	-32.0	11.0	-12.0	12.0	-4.0	-13.0	56.01
41	27.0	-10.0	8.0	-1.0	12.0	-1.0	-15.0	-14.0	46.62
42	50.0	-72.0	-23.0	38.0	7.0	9.0	6.0	-39.0	52.63
43	14.0	-9.0	-70.0	4.0	1.0	12.0	-12.0	-13.0	58.18
44	-48.0	28.0	16.0	0.0	13.0	0.0	5.0	2.0	55.21
45	-37.0	-6.0	-76.0	-31.0	-7.0	-13.0	-12.0	14.0	52.86
46	-29.0	78.0	6.0	-128.0	6.0	1.0	1.0	0.0	58.18
47	19.0	-37.0	0.0	49.0	5.0	0.0	-23.0	9.0	60.6
48	13.0	-58.0	-2.0	0.0	-18.0	-19.0	-17.0	28.0	76.86
49	-68.0	21.0	127.0	29.0	-8.0	16.0	5.0	-15.0	67.41
50	-33.0	-2.0	-18.0	-20.0	-17.0	-44.0	18.0	-5.0	52.86
51	86.0	-45.0	43.0	-5.0	-12.0	-11.0	37.0	-11.0	56.01
52	5.0	12.0	-28.0	19.0	7.0	-8.0	19.0	-49.0	48.04
53	8.0	-64.0	108.0	12.0	-3.0	12.0	7.0	5.0	41.89
54	70.0	46.0	-51.0	-60.0	0.0	19.0	-5.0	8.0	35.29
55	-55.0	20.0	-128.0	-99.0	8.0	6.0	24.0	2.0	36.1
56	-88.0	-43.0	65.0	9.0	0.0	11.0	-13.0	5.0	37.03
57	75.0	21.0	45.0	-1.0	-10.0	7.0	-18.0	7.0	50.68
58	6.0	45.0	-64.0	24.0	5.0	21.0	-21.0	-30.0	64.04
59	-7.0	-40.0	-51.0	47.0	0.0	20.0	-20.0	-30.0	74.91
60	-3.0	84.0	14.0	-10.0	-19.0	-8.0	19.0	29.0	83.15
61	-88.0	36.0	10.0	8.0	2.0	-2.0	1.0	8.0	97.03
62	43.0	97.0	-24.0	-106.0	5.0	30.0	-19.0	-6.0	95.11
63	50.0	46.0	-38.0	59.0	-3.0	16.0	-12.0	-2.0	97.26
64	-23.0	-102.0	13.0	-86.0	30.0	-13.0	-7.0	23.0	98.82
65	6.0	-47.0	-3.0	113.0	-23.0	-64.0	-19.0	11.0	106.14
66	-35.0	-18.0	-73.0	-128.0	-3.0	-15.0	-17.0	-5.0	105.75
67	-52.0	112.0	-19.0	-9.0	-7.0	-3.0	10.0	-39.0	125.84
68	116.0	-69.0	113.0	67.0	-14.0	-4.0	-7.0	5.0	125.46
69	5.0	7.0	9.0	-128.0	9.0	21.0	-23.0	-17.0	122.94
70	-14.0	-18.0	-100.0	6.0	8.0	5.0	22.0	-26.0	111.43
71	18.0	74.0	39.0	-48.0	-11.0	-9.0	28.0	5.0	110.11
72	-11.0	-32.0	-3.0	10.0	-6.0	8.0	17.0	7.0	125.28
73	-98.0	12.0	-128.0	-74.0	-2.0	10.0	-21.0	16.0	125.24
74	6.0	-43.0	52.0	7.0	18.0	-1.0	-2.0	17.0	125.24
75	-4.0	-71.0	2.0	90.0	-3.0	10.0	-28.0	-9.0	122.5
76	70.0	-13.0	41.0	37.0	-9.0	-12.0	4.0	33.0	125.46
77	-46.0	30.0	-51.0	-44.0	7.0	-24.0	-9.0	-29.0	121.7
78	22.0	57.0	59.0	1.0	12.0	20.0	-6.0	-3.0	122.5
79	-42.0	-71.0	-12.0	122.0	1.0	31.0	-25.0	0.0	118.0
80	-28.0	21.0	-11.0	-42.0	46.0	-20.0	1.0	-2.0	116.53
