0	-48.0	37.0	29.0	-1.0	-13.0	-4.0	-5.0	12.0	95.93
1	-14.0	-58.0	-57.0	5.0	-5.0	-11.0	4.0	-3.0	95.93
2	-5.0	-25.0	1.0	13.0	-7.0	-11.0	8.0	5.0	123.49
3	-80.0	-7.0	-6.0	-5.0	10.0	18.0	7.0	4.0	118.15
4	-1.0	36.0	-15.0	-1.0	-2.0	-2.0	0.0	0.0	99.17
5	-14.0	21.0	15.0	31.0	15.0	7.0	-17.0	39.0	115.08
6	23.0	3.0	-11.0	76.0	-12.0	7.0	-1.0	-22.0	113.15
7	-31.0	-42.0	-2.0	-12.0	1.0	1.0	-7.0	-20.0	85.54
8	-31.0	5.0	-15.0	-73.0	-3.0	1.0	0.0	-15.0	119.03
9	6.0	4.0	-15.0	-13.0	-5.0	3.0	-1.0	2.0	113.15
10	-4.0	-15.0	-19.0	5.0	-9.0	0.0	5.0	-4.0	104.47
11	46.0	43.0	-7.0	-25.0	-12.0	-4.0	-2.0	1.0	68.59
12	-18.0	36.0	35.0	-8.0	-4.0	3.0	-11.0	7.0	77.44
13	-12.0	2.0	-39.0	-5.0	9.0	-2.0	41.0	-3.0	68.59
14	15.0	20.0	-12.0	35.0	-13.0	-4.0	-6.0	-2.0	57.91
15	66.0	-21.0	11.0	34.0	8.0	8.0	23.0	50.0	60.86
16	46.0	-14.0	-22.0	-3.0	8.0	-1.0	-15.0	2.0	57.31
17	-15.0	22.0	32.0	-10.0	6.0	-4.0	-3.0	20.0	64.03
18	-45.0	-18.0	37.0	6.0	4.0	-11.0	31.0	0.0	72.65
19	-5.0	-31.0	24.0	25.0	-4.0	10.0	5.0	7.0	72.98
20	35.0	-11.0	-15.0	-9.0	6.0	2.0	-8.0	-22.0	64.61
21	-22.0	37.0	8.0	29.0	-16.0	-16.0	-6.0	-2.0	57.91
22	0.0	41.0	32.0	-15.0	0.0	-5.0	-13.0	21.0	57.31
23	-1.0	4.0	-27.0	-3.0	7.0	-2.0	-18.0	-9.0	53.09
24	32.0	-26.0	-19.0	-15.0	-1.0	-1.0	-8.0	-6.0	53.06
25	-60.0	-16.0	13.0	-9.0	6.0	4.0	61.0	-4.0	54.5
26	-15.0	-15.0	5.0	-42.0	12.0	0.0	-9.0	16.0	56.1
27	-27.0	-46.0	20.0	25.0	1.0	1.0	-7.0	8.0	51.55
28	39.0	-6.0	7.0	46.0	-4.0	-1.0	1.0	-32.0	51.4
29	-6.0	-28.0	-6.0	-9.0	9.0	18.0	-6.0	18.0	41.9
30	11.0	1.0	-13.0	8.0	1.0	11.0	2.0	30.0	51.4
31	-18.0	-4.0	9.0	3.0	-8.0	-7.0	-3.0	-12.0	47.97
32	7.0	14.0	14.0	-7.0	-1.0	-2.0	10.0	-78.0	46.72
33	-9.0	57.0	-17.0	-31.0	-6.0	-3.0	3.0	-5.0	40.82
34	37.0	-13.0	11.0	-21.0	-10.0	1.0	-5.0	3.0	51.39
35	8.0	23.0	-8.0	24.0	-18.0	1.0	0.0	-5.0	47.97
36	27.0	41.0	31.0	-7.0	5.0	2.0	0.0	20.0	39.67
37	7.0	10.0	8.0	-42.0	3.0	0.0	-15.0	-2.0	39.67
38	8.0	-27.0	5.0	-5.0	12.0	-7.0	2.0	14.0	39.27
39	-64.0	40.0	-11.0	7.0	-5.0	1.0	4.0	-20.0	39.13
40	20.0	-30.0	-6.0	16.0	18.0	6.0	0.0	18.0	44.04
41	14.0	49.0	25.0	33.0	-10.0	8.0	7.0	6.0	39.49
42	-58.0	-45.0	-10.0	-44.0	-1.0	0.0	-7.0	-19.0	39.27
43	-34.0	-33.0	-18.0	12.0	37.0	-8.0	11.0	21.0	39.57
44	9.0	-12.0	17.0	-4.0	10.0	16.0	6.0	37.0	41.9
45	1.0	2.0	93.0	4.0	13.0	-10.0	6.0	-7.0	51.4
46	41.0	7.0	-9.0	-2.0	-9.0	-3.0	-1.0	19.0	53.09
47	15.0	13.0	-76.0	4.0	-10.0	2.0	-21.0	14.0	54.5
48	-2.0	-5.0	6.0	-92.0	3.0	2.0	2.0	10.0	64.03
49	3.0	11.0	12.0	-6.0	-2.0	0.0	1.0	23.0	59.45
50	17.0	-6.0	-5.0	105.0	8.0	8.0	-14.0	-5.0	107.2
51	6.0	-18.0	-66.0	3.0	-1.0	-7.0	23.0	6.0	89.37
52	-19.0	-53.0	31.0	-7.0	1.0	1.0	-17.0	-9.0	83.91
53	20.0	61.0	-2.0	-12.0	-10.0	-1.0	-7.0	10.0	92.15
54	-41.0	-88.0	-10.0	-3.0	2.0	-2.0	7.0	5.0	89.37
55	-4.0	-15.0	17.0	-8.0	6.0	8.0	7.0	-8.0	66.84
56	-21.0	19.0	-14.0	-64.0	-7.0	-4.0	4.0	-18.0	55.79
57	52.0	-3.0	-15.0	13.0	0.0	1.0	-30.0	10.0	81.93
58	-7.0	1.0	38.0	24.0	8.0	8.0	1.0	-7.0	81.93
59	-30.0	13.0	-19.0	-2.0	-4.0	10.0	-3.0	-38.0	98.9
60	-10.0	-60.0	-3.0	11.0	-8.0	16.0	17.0	-2.0	90.47
61	5.0	-19.0	-22.0	-5.0	6.0	1.0	-3.0	5.0	83.91
62	-40.0	-12.0	13.0	-4.0	-17.0	0.0	-4.0	18.0	99.17
63	40.0	37.0	8.0	-10.0	18.0	-5.0	5.0	-7.0	109.15
64	0.0	-5.0	10.0	-6.0	2.0	-7.0	0.0	-16.0	109.15
65	-32.0	21.0	66.0	0.0	9.0	-4.0	10.0	6.0	119.03
66	-35.0	-25.0	-87.0	-11.0	0.0	-6.0	-7.0	50.0	129.92
67	10.0	17.0	-6.0	9.0	13.0	6.0	-10.0	8.0	134.64
68	3.0	-27.0	-20.0	5.0	-9.0	0.0	-1.0	-3.0	131.27
69	-53.0	57.0	1.0	-1.0	5.0	-13.0	-13.0	1.0	134.77
70	17.0	37.0	-15.0	-22.0	4.0	0.0	-20.0	-9.0	133.36
71	35.0	-37.0	-80.0	-57.0	-12.0	-1.0	-3.0	65.0	123.64
72	6.0	1.0	7.0	8.0	-24.0	20.0	-1.0	18.0	129.92
73	6.0	-31.0	8.0	37.0	-3.0	0.0	8.0	-39.0	131.08
74	-82.0	-71.0	23.0	24.0	9.0	2.0	4.0	59.0	134.64
75	30.0	6.0	73.0	-9.0	8.0	-4.0	19.0	-28.0	130.44
76	0.0	43.0	8.0	-9.0	8.0	2.0	-5.0	0.0	134.83
77	31.0	18.0	-73.0	-5.0	15.0	8.0	2.0	10.0	132.05
78	-22.0	-33.0	-9.0	-1.0	16.0	0.0	8.0	-13.0	130.44
79	9.0	20.0	-15.0	-3.0	-15.0	13.0	-4.0	-11.0	131.08
80	-2.0	14.0	13.0	2.0	5.0	0.0	5.0	-29.0	127.11
81	123.0	3.0	5.0	2.0	14.0	1.0	11.0	-33.0	121.81
