0	127.0	-1.0	20.0	21.0	17.0	-33.0	2.0	30.0	51.32
1	-7.0	-83.0	2.0	14.0	11.0	11.0	-49.0	14.0	60.0
2	31.0	-83.0	99.0	9.0	-6.0	-10.0	89.0	11.0	59.74
3	122.0	83.0	-94.0	-9.0	7.0	-23.0	2.0	23.0	63.77
4	127.0	-72.0	-31.0	21.0	4.0	15.0	5.0	-61.0	66.37
5	-128.0	-102.0	-1.0	-54.0	-5.0	-14.0	3.0	-35.0	67.7
6	-14.0	89.0	-11.0	-9.0	8.0	9.0	-31.0	19.0	70.51
7	127.0	-21.0	8.0	2.0	-8.0	16.0	-22.0	-2.0	80.23
8	-14.0	-128.0	13.0	-56.0	-10.0	-22.0	-36.0	18.0	82.79
9	10.0	24.0	12.0	-13.0	11.0	-15.0	-20.0	-13.0	95.02
10	7.0	-98.0	-18.0	-9.0	0.0	0.0	-116.0	19.0	87.39
11	116.0	-67.0	-17.0	-63.0	1.0	-23.0	39.0	34.0	99.61
12	62.0	-47.0	-60.0	73.0	5.0	-61.0	-8.0	-29.0	91.32
13	127.0	-24.0	-14.0	42.0	2.0	-7.0	-13.0	45.0	110.72
14	-77.0	-102.0	-2.0	-27.0	-19.0	-6.0	9.0	14.0	93.53
15	39.0	-81.0	84.0	4.0	4.0	-22.0	94.0	-5.0	116.16
16	12.0	-115.0	91.0	36.0	2.0	4.0	-63.0	-3.0	115.41
17	-97.0	-14.0	-12.0	98.0	-4.0	-13.0	-44.0	-4.0	117.76
18	-6.0	47.0	-22.0	1.0	11.0	0.0	37.0	3.0	124.92
19	-90.0	-22.0	34.0	3.0	-21.0	-3.0	110.0	28.0	124.33
20	16.0	-13.0	1.0	0.0	1.0	11.0	41.0	-4.0	126.28
21	-23.0	-128.0	101.0	-3.0	-13.0	-11.0	-8.0	5.0	125.85
22	98.0	33.0	34.0	-26.0	4.0	33.0	-4.0	-9.0	126.48
23	-58.0	55.0	-128.0	-32.0	3.0	40.0	-12.0	13.0	125.33
24	76.0	20.0	-67.0	25.0	11.0	-14.0	-73.0	-24.0	126.28
25	-67.0	47.0	32.0	4.0	-3.0	18.0	-8.0	-4.0	123.27
26	-41.0	-45.0	-30.0	-2.0	16.0	-5.0	51.0	-27.0	121.27
27	-30.0	-23.0	-69.0	-8.0	8.0	-7.0	-7.0	-24.0	123.27
28	64.0	-79.0	-53.0	-23.0	-3.0	23.0	38.0	32.0	115.41
29	-21.0	84.0	6.0	6.0	-3.0	10.0	-54.0	-40.0	112.0
30	-24.0	-36.0	-40.0	-21.0	27.0	-4.0	-51.0	-36.0	100.6
31	-82.0	-23.0	21.0	7.0	6.0	45.0	53.0	16.0	103.74
32	127.0	101.0	-7.0	-47.0	-4.0	-12.0	-5.0	-29.0	93.53
33	-35.0	-14.0	-46.0	-9.0	10.0	-1.0	-21.0	-5.0	103.74
34	-54.0	-61.0	62.0	-7.0	-5.0	20.0	13.0	-54.0	91.59
35	86.0	40.0	-38.0	-17.0	-10.0	35.0	6.0	9.0	99.61
36	125.0	-35.0	-19.0	-20.0	5.0	17.0	34.0	3.0	89.29
37	-128.0	-118.0	68.0	-95.0	-7.0	47.0	13.0	-80.0	82.79
38	14.0	-27.0	-121.0	-2.0	-7.0	10.0	42.0	3.0	82.43
39	-128.0	90.0	-13.0	-35.0	-1.0	-17.0	-72.0	16.0	70.3
40	-48.0	-86.0	-15.0	25.0	-4.0	5.0	6.0	-84.0	76.31
41	31.0	-98.0	-84.0	-91.0	8.0	-3.0	14.0	-2.0	71.62
42	-36.0	25.0	108.0	13.0	11.0	10.0	9.0	-57.0	97.17
43	-66.0	-25.0	14.0	-127.0	-19.0	30.0	-13.0	7.0	109.13
44	22.0	85.0	-19.0	-6.0	13.0	-12.0	18.0	59.0	116.16
45	-25.0	14.0	-11.0	112.0	-1.0	-6.0	9.0	18.0	120.08
46	-107.0	57.0	-10.0	-128.0	-2.0	15.0	30.0	0.0	104.73
47	-1.0	-7.0	-8.0	1.0	-17.0	-24.0	-80.0	15.0	87.39
48	127.0	41.0	-5.0	35.0	-11.0	-13.0	22.0	-6.0	87.02
49	-90.0	25.0	-9.0	-128.0	-19.0	-5.0	-64.0	15.0	70.51
50	-5.0	127.0	2.0	73.0	-3.0	-8.0	21.0	11.0	77.23
51	-112.0	-65.0	-31.0	46.0	-5.0	33.0	6.0	-47.0	70.3
52	-112.0	127.0	-128.0	-69.0	0.0	-4.0	35.0	-3.0	64.54
53	-24.0	-16.0	-11.0	21.0	2.0	29.0	-18.0	0.0	62.31
54	-29.0	-41.0	-90.0	35.0	2.0	-3.0	-35.0	-8.0	55.48
55	17.0	37.0	-27.0	-37.0	1.0	45.0	-42.0	-10.0	60.0
56	-59.0	43.0	-70.0	-5.0	10.0	-2.0	66.0	26.0	63.77
57	-128.0	-106.0	-125.0	-94.0	-15.0	12.0	-20.0	39.0	51.54
58	80.0	68.0	-39.0	-22.0	2.0	-36.0	-18.0	-6.0	62.31
59	-5.0	15.0	15.0	-28.0	4.0	-23.0	56.0	-2.0	49.95
60	52.0	57.0	17.0	21.0	-13.0	2.0	-40.0	-17.0	56.46
61	-9.0	1.0	-97.0	-9.0	-6.0	-20.0	50.0	-124.0	50.72
62	-25.0	-23.0	7.0	-21.0	-2.0	2.0	19.0	47.0	54.55
63	-57.0	1.0	-64.0	-52.0	-33.0	-13.0	9.0	17.0	50.61
64	118.0	-38.0	-22.0	-105.0	-6.0	-10.0	-29.0	40.0	51.63
65	-42.0	91.0	1.0	-73.0	-2.0	-13.0	15.0	53.0	53.77
66	-44.0	93.0	-8.0	-114.0	-12.0	4.0	69.0	20.0	49.76
67	25.0	19.0	-12.0	46.0	5.0	-22.0	-13.0	-33.0	54.55
68	-119.0	-117.0	-48.0	80.0	21.0	-19.0	-7.0	-34.0	51.67
69	-35.0	-108.0	-92.0	-12.0	5.0	11.0	-28.0	-1.0	50.14
70	9.0	53.0	45.0	-52.0	6.0	58.0	-16.0	-12.0	60.64
71	38.0	-34.0	29.0	-3.0	-15.0	33.0	42.0	-15.0	58.88
72	-122.0	-64.0	-12.0	-47.0	-6.0	5.0	-31.0	-7.0	51.32
73	55.0	127.0	4.0	25.0	13.0	7.0	19.0	-3.0	50.14
74	-118.0	-63.0	28.0	94.0	7.0	32.0	-5.0	-72.0	49.23
75	65.0	-6.0	-4.0	5.0	16.0	7.0	-22.0	3.0	49.53
76	-57.0	127.0	56.0	-48.0	49.0	-33.0	-128.0	4.0	49.53
77	22.0	-37.0	8.0	-24.0	2.0	16.0	-1.0	29.0	50.03
