0	-70.0	68.0	7.0	1.0	7.0	-6.0	7.0	59.0	69.73
1	25.0	-11.0	-18.0	7.0	10.0	10.0	-3.0	18.0	89.98
2	34.0	-24.0	28.0	1.0	-7.0	7.0	1.0	15.0	58.06
3	54.0	-48.0	-57.0	-4.0	1.0	27.0	13.0	-5.0	54.13
4	-50.0	-40.0	79.0	-8.0	-11.0	-5.0	3.0	-53.0	54.14
5	-42.0	-101.0	-2.0	2.0	-10.0	4.0	15.0	5.0	52.03
6	-10.0	64.0	16.0	-13.0	67.0	2.0	10.0	-39.0	51.12
7	-24.0	30.0	3.0	24.0	-4.0	5.0	-4.0	28.0	50.34
8	11.0	14.0	8.0	-7.0	-35.0	-3.0	-3.0	13.0	47.38
9	-7.0	-20.0	-11.0	-7.0	3.0	-10.0	16.0	10.0	49.76
10	9.0	0.0	31.0	12.0	1.0	6.0	3.0	-9.0	45.44
11	-32.0	22.0	23.0	0.0	-7.0	3.0	-3.0	14.0	46.84
12	-72.0	21.0	6.0	-3.0	2.0	12.0	-6.0	-9.0	46.84
13	2.0	10.0	16.0	-5.0	17.0	1.0	-3.0	1.0	48.07
14	1.0	-87.0	49.0	-13.0	-1.0	3.0	-17.0	-16.0	47.38
15	-4.0	-45.0	-82.0	2.0	-2.0	-1.0	8.0	-18.0	49.63
16	-33.0	53.0	-19.0	15.0	60.0	19.0	1.0	-19.0	50.76
17	-6.0	-118.0	41.0	23.0	10.0	-19.0	-5.0	18.0	55.63
18	55.0	-66.0	-11.0	-2.0	-3.0	-2.0	10.0	62.0	57.28
19	-4.0	22.0	-7.0	-9.0	-7.0	5.0	2.0	3.0	51.99
20	-18.0	119.0	20.0	5.0	-4.0	-2.0	0.0	-10.0	56.13
21	11.0	12.0	3.0	-56.0	0.0	-3.0	-8.0	10.0	54.13
22	-5.0	-10.0	22.0	-2.0	-2.0	0.0	2.0	5.0	52.13
23	102.0	22.0	22.0	56.0	7.0	20.0	-6.0	9.0	57.56
24	-58.0	-32.0	-2.0	13.0	0.0	-5.0	2.0	11.0	57.56
25	-7.0	37.0	8.0	110.0	4.0	8.0	-1.0	0.0	61.5
26	14.0	67.0	-5.0	-6.0	-14.0	-6.0	7.0	20.0	70.6
27	-24.0	-16.0	7.0	-3.0	30.0	-3.0	-1.0	-8.0	94.12
28	-64.0	-11.0	0.0	-13.0	-8.0	0.0	-2.0	-24.0	84.0
29	1.0	-11.0	51.0	-1.0	-27.0	3.0	25.0	-2.0	82.49
30	17.0	19.0	12.0	17.0	28.0	-2.0	-6.0	3.0	77.26
31	-58.0	17.0	2.0	-23.0	-18.0	0.0	9.0	15.0	67.36
32	-21.0	8.0	-2.0	-33.0	11.0	-11.0	-2.0	32.0	67.36
33	16.0	44.0	75.0	12.0	3.0	-10.0	-7.0	15.0	86.94
34	-6.0	63.0	-25.0	22.0	1.0	5.0	-1.0	-31.0	93.02
35	-3.0	-27.0	6.0	22.0	-3.0	-4.0	7.0	10.0	97.08
36	-1.0	-5.0	-2.0	-7.0	7.0	-16.0	9.0	34.0	93.02
37	-19.0	54.0	17.0	-8.0	8.0	7.0	12.0	8.0	95.4
38	72.0	-40.0	42.0	4.0	-3.0	-4.0	25.0	-9.0	110.41
39	38.0	-15.0	15.0	-11.0	4.0	10.0	-3.0	27.0	123.9
40	-9.0	-8.0	5.0	-7.0	7.0	8.0	5.0	-18.0	125.55
41	-21.0	108.0	-79.0	-18.0	70.0	5.0	-6.0	-1.0	121.63
42	-4.0	21.0	-2.0	2.0	5.0	0.0	-9.0	55.0	118.64
43	16.0	-28.0	72.0	13.0	-12.0	0.0	4.0	58.0	128.64
44	-8.0	10.0	-14.0	-3.0	-8.0	-1.0	33.0	-11.0	118.64
45	-20.0	-21.0	-97.0	37.0	2.0	-1.0	-6.0	-2.0	111.29
46	29.0	-15.0	127.0	-6.0	-3.0	11.0	-10.0	-2.0	114.5
47	-3.0	3.0	8.0	-8.0	2.0	11.0	5.0	-11.0	129.95
48	-10.0	66.0	-4.0	13.0	0.0	0.0	-7.0	20.0	131.59
49	-5.0	-107.0	-9.0	-13.0	-3.0	7.0	-12.0	-12.0	131.05
50	16.0	-5.0	-3.0	-50.0	-2.0	0.0	-2.0	-14.0	131.59
51	1.0	44.0	-21.0	-36.0	-3.0	-4.0	-12.0	-1.0	131.58
52	-4.0	119.0	20.0	113.0	-8.0	-1.0	-7.0	17.0	131.51
53	-65.0	-56.0	118.0	-12.0	-36.0	0.0	-1.0	-10.0	124.75
54	-58.0	-56.0	-3.0	-67.0	14.0	-7.0	5.0	-26.0	129.98
55	-28.0	0.0	-55.0	4.0	17.0	-6.0	24.0	-16.0	129.98
56	47.0	37.0	55.0	35.0	23.0	-8.0	-1.0	-3.0	138.7
57	18.0	1.0	-17.0	-15.0	-11.0	26.0	-6.0	34.0	133.22
58	-13.0	-16.0	-49.0	-1.0	-1.0	4.0	6.0	-2.0	133.22
59	53.0	60.0	-128.0	44.0	-1.0	-7.0	-1.0	0.0	128.18
60	-16.0	-28.0	46.0	9.0	-2.0	9.0	-1.0	0.0	128.18
61	-23.0	17.0	18.0	-13.0	14.0	-8.0	9.0	-14.0	123.29
62	-53.0	9.0	-2.0	58.0	-2.0	-10.0	10.0	6.0	121.63
63	-19.0	29.0	18.0	9.0	3.0	9.0	3.0	-3.0	129.9
64	-21.0	45.0	-2.0	-69.0	7.0	6.0	-27.0	-37.0	116.29
65	-14.0	75.0	14.0	0.0	17.0	1.0	0.0	3.0	109.62
66	-11.0	-78.0	7.0	35.0	15.0	7.0	-3.0	-19.0	104.59
67	58.0	18.0	-2.0	9.0	4.0	-2.0	-2.0	-12.0	104.92
68	-7.0	-42.0	0.0	-5.0	-5.0	2.0	0.0	-10.0	101.17
69	-4.0	16.0	-33.0	40.0	-1.0	-11.0	-12.0	27.0	101.17
70	-68.0	-41.0	-9.0	-15.0	0.0	-4.0	5.0	21.0	95.4
71	-12.0	-93.0	54.0	58.0	-1.0	14.0	15.0	17.0	65.75
72	-45.0	-92.0	-12.0	-4.0	-18.0	-5.0	11.0	-4.0	61.96
73	42.0	92.0	1.0	-11.0	21.0	5.0	-9.0	16.0	76.04
74	-68.0	-79.0	55.0	-3.0	9.0	-4.0	9.0	28.0	76.04
75	2.0	-41.0	44.0	-2.0	5.0	-2.0	-12.0	11.0	58.06
