0	-14.0	23.0	0.0	-5.0	20.0	-5.0	-3.0	-43.0	50.52
1	4.0	38.0	-37.0	-21.0	3.0	5.0	0.0	0.0	68.65
2	30.0	-50.0	-128.0	0.0	-26.0	-2.0	-8.0	24.0	60.26
3	0.0	-7.0	11.0	27.0	0.0	-2.0	-4.0	-34.0	53.31
4	-24.0	39.0	5.0	-7.0	-2.0	-1.0	14.0	-25.0	45.59
5	-50.0	18.0	3.0	-10.0	-6.0	-4.0	-13.0	14.0	68.65
6	-1.0	-13.0	4.0	18.0	7.0	-6.0	-10.0	7.0	82.37
7	-13.0	20.0	-17.0	25.0	-6.0	6.0	-5.0	4.0	59.87
8	-19.0	42.0	-5.0	7.0	-7.0	-7.0	4.0	-3.0	62.91
9	1.0	23.0	27.0	-12.0	-20.0	-2.0	-9.0	-3.0	70.35
10	80.0	-27.0	-13.0	9.0	-3.0	-11.0	6.0	17.0	60.26
11	-16.0	-62.0	35.0	14.0	4.0	5.0	14.0	-5.0	65.87
12	-69.0	-14.0	-13.0	-12.0	-16.0	-2.0	-3.0	9.0	75.41
13	50.0	33.0	-6.0	9.0	-14.0	-18.0	-12.0	0.0	75.41
14	12.0	6.0	9.0	-30.0	20.0	3.0	-4.0	11.0	77.34
15	-22.0	117.0	-118.0	52.0	0.0	0.0	-1.0	-5.0	86.36
16	-29.0	20.0	-3.0	-18.0	-48.0	-3.0	5.0	-3.0	89.26
17	-13.0	16.0	-1.0	10.0	0.0	-8.0	10.0	2.0	86.36
18	88.0	4.0	9.0	2.0	38.0	2.0	-5.0	-25.0	91.47
19	35.0	21.0	30.0	-5.0	-15.0	-1.0	-6.0	13.0	100.71
20	49.0	11.0	20.0	-1.0	-18.0	-4.0	5.0	0.0	105.51
21	55.0	-69.0	0.0	-1.0	-15.0	-6.0	4.0	23.0	109.77
22	14.0	-31.0	1.0	3.0	1.0	0.0	0.0	6.0	116.51
23	46.0	-91.0	15.0	-7.0	1.0	3.0	-1.0	-37.0	117.72
24	-6.0	-43.0	46.0	4.0	0.0	-5.0	6.0	6.0	131.22
25	-45.0	6.0	-11.0	6.0	-1.0	-5.0	0.0	-1.0	128.95
26	-64.0	-11.0	-8.0	10.0	-12.0	0.0	2.0	-8.0	128.95
27	-91.0	25.0	28.0	-24.0	-5.0	-7.0	-4.0	-17.0	120.11
28	-25.0	62.0	-9.0	28.0	-4.0	0.0	6.0	-5.0	130.02
29	32.0	38.0	-6.0	7.0	6.0	-1.0	2.0	39.0	125.31
30	65.0	-79.0	-3.0	-48.0	-8.0	-1.0	3.0	-10.0	113.34
31	16.0	-19.0	1.0	3.0	0.0	2.0	10.0	-10.0	119.59
32	36.0	-19.0	7.0	-2.0	-8.0	-7.0	1.0	0.0	123.65
33	53.0	1.0	-25.0	-1.0	-8.0	-6.0	-2.0	3.0	126.44
34	-7.0	82.0	6.0	-112.0	-7.0	2.0	-4.0	2.0	127.06
35	10.0	106.0	15.0	-8.0	1.0	-1.0	18.0	-14.0	131.22
36	-34.0	-29.0	-17.0	0.0	9.0	8.0	-10.0	-34.0	125.47
37	-54.0	-2.0	-14.0	-10.0	4.0	-13.0	-6.0	9.0	132.23
38	13.0	12.0	2.0	-8.0	-7.0	3.0	0.0	-3.0	127.52
39	71.0	-23.0	7.0	-20.0	8.0	-3.0	1.0	13.0	122.21
40	16.0	82.0	26.0	-81.0	-6.0	5.0	-5.0	-4.0	127.22
41	34.0	1.0	32.0	7.0	-7.0	-3.0	0.0	-21.0	125.31
42	31.0	-7.0	-2.0	-36.0	1.0	1.0	8.0	-25.0	107.18
43	-18.0	-112.0	-128.0	-2.0	-4.0	-10.0	-1.0	6.0	97.21
44	-8.0	-33.0	127.0	17.0	11.0	-4.0	-9.0	-25.0	116.51
45	23.0	27.0	0.0	-1.0	14.0	12.0	2.0	-17.0	127.39
46	-10.0	46.0	-10.0	20.0	-13.0	-7.0	4.0	15.0	127.06
47	-27.0	26.0	-19.0	-16.0	-13.0	-1.0	-9.0	-7.0	119.59
48	-40.0	3.0	16.0	-9.0	-5.0	5.0	1.0	-24.0	113.34
49	-9.0	127.0	59.0	115.0	7.0	-4.0	7.0	-6.0	111.7
50	36.0	-16.0	-93.0	19.0	4.0	1.0	-4.0	39.0	93.04
51	53.0	-100.0	-12.0	-120.0	6.0	-3.0	-4.0	-21.0	98.65
52	-38.0	50.0	-9.0	-1.0	1.0	-5.0	-3.0	-4.0	98.65
53	16.0	-56.0	1.0	-10.0	1.0	-2.0	4.0	-11.0	93.04
54	-11.0	-36.0	-13.0	-1.0	-2.0	-2.0	-3.0	-29.0	92.03
55	-38.0	-39.0	19.0	-3.0	7.0	5.0	-8.0	4.0	88.67
56	-40.0	53.0	-64.0	-20.0	-11.0	-6.0	-7.0	5.0	82.79
57	-52.0	104.0	-44.0	-4.0	-7.0	3.0	-11.0	0.0	72.18
58	-49.0	-17.0	3.0	-13.0	12.0	1.0	-8.0	37.0	62.08
59	37.0	-7.0	-3.0	-24.0	3.0	-3.0	-2.0	-4.0	67.64
60	31.0	12.0	5.0	9.0	-2.0	1.0	1.0	-13.0	50.1
61	5.0	74.0	0.0	-64.0	-7.0	8.0	3.0	-9.0	48.54
62	42.0	85.0	-18.0	-8.0	4.0	-4.0	-6.0	1.0	43.46
63	-71.0	23.0	19.0	20.0	3.0	3.0	-1.0	7.0	48.27
64	81.0	-7.0	0.0	-6.0	4.0	-9.0	-4.0	20.0	50.52
65	-6.0	-19.0	-11.0	17.0	-1.0	2.0	-4.0	-7.0	43.45
66	46.0	19.0	-18.0	-13.0	-2.0	1.0	-25.0	3.0	47.59
67	23.0	-27.0	1.0	-14.0	-4.0	0.0	-11.0	-10.0	48.03
68	1.0	-51.0	-4.0	-80.0	-3.0	0.0	14.0	-3.0	56.35
69	10.0	36.0	-66.0	-12.0	6.0	-11.0	-1.0	-5.0	57.0
70	19.0	29.0	-14.0	-4.0	3.0	-9.0	-4.0	-15.0	54.47
71	-37.0	-47.0	2.0	-2.0	-2.0	0.0	2.0	-7.0	51.65
72	-22.0	-3.0	-102.0	-5.0	-10.0	-2.0	-11.0	18.0	50.1
73	18.0	-57.0	-38.0	-8.0	-5.0	7.0	9.0	12.0	53.31
74	-13.0	45.0	12.0	7.0	11.0	-8.0	-9.0	-24.0	44.26
75	14.0	3.0	-5.0	-26.0	1.0	8.0	-7.0	0.0	47.7
76	63.0	-115.0	25.0	2.0	-1.0	8.0	6.0	10.0	43.46
77	7.0	-6.0	10.0	-3.0	-17.0	-19.0	-7.0	14.0	47.59
