0	127.0	19.0	32.0	-10.0	31.0	69.0	-9.0	34.0	56.25
1	-25.0	8.0	-51.0	127.0	-2.0	12.0	-1.0	3.0	53.27
2	127.0	-116.0	-38.0	1.0	-4.0	38.0	12.0	-7.0	55.0
3	-24.0	-65.0	-128.0	-31.0	-8.0	31.0	1.0	-2.0	52.92
4	-4.0	5.0	95.0	4.0	10.0	6.0	-12.0	60.0	50.55
5	74.0	3.0	-17.0	-16.0	-5.0	3.0	-10.0	-6.0	50.28
6	106.0	-71.0	5.0	39.0	-3.0	-4.0	-11.0	-2.0	51.61
7	4.0	18.0	-58.0	58.0	1.0	-22.0	11.0	19.0	55.43
8	-90.0	-47.0	-21.0	-69.0	-5.0	55.0	7.0	9.0	59.39
9	-49.0	-47.0	2.0	-79.0	-4.0	19.0	1.0	-21.0	55.0
10	-12.0	-67.0	20.0	18.0	-11.0	38.0	4.0	-37.0	50.55
11	-81.0	-70.0	-128.0	-2.0	-12.0	-40.0	69.0	-8.0	50.22
12	87.0	-11.0	-68.0	-34.0	20.0	32.0	32.0	-30.0	50.36
13	36.0	75.0	68.0	-74.0	-5.0	-9.0	11.0	49.0	50.76
14	15.0	-92.0	-35.0	21.0	2.0	19.0	-13.0	-30.0	51.61
15	11.0	10.0	43.0	-17.0	3.0	16.0	57.0	12.0	43.49
16	73.0	127.0	-53.0	-8.0	19.0	-25.0	-5.0	-1.0	57.82
17	-73.0	48.0	6.0	-17.0	-4.0	-17.0	26.0	9.0	56.58
18	68.0	19.0	-38.0	106.0	13.0	0.0	-15.0	-21.0	59.39
19	33.0	-98.0	127.0	-19.0	-15.0	9.0	-12.0	20.0	61.56
20	43.0	19.0	-120.0	-15.0	19.0	-6.0	-2.0	-34.0	61.56
21	95.0	-66.0	29.0	-40.0	8.0	0.0	-9.0	-1.0	63.51
22	43.0	102.0	43.0	52.0	8.0	-5.0	-14.0	-8.0	74.93
23	-128.0	-52.0	-15.0	-3.0	23.0	-6.0	-33.0	-21.0	65.6
24	22.0	55.0	-63.0	-111.0	-10.0	-9.0	-14.0	1.0	67.76
25	-40.0	7.0	7.0	-12.0	-5.0	2.0	-3.0	7.0	70.85
26	-28.0	5.0	-99.0	65.0	3.0	13.0	3.0	-1.0	78.42
27	45.0	75.0	-61.0	-67.0	1.0	1.0	-4.0	2.0	97.13
28	-63.0	-8.0	66.0	-25.0	0.0	-15.0	-8.0	-5.0	97.02
29	-4.0	-67.0	18.0	68.0	-6.0	-5.0	13.0	-15.0	85.42
30	-93.0	-93.0	-36.0	-24.0	-12.0	-16.0	-23.0	1.0	100.02
31	4.0	-12.0	40.0	21.0	1.0	55.0	-17.0	6.0	85.3
32	-88.0	77.0	74.0	14.0	-8.0	-5.0	4.0	0.0	87.7
33	35.0	127.0	-39.0	-34.0	-8.0	-28.0	-22.0	37.0	93.2
34	49.0	-67.0	13.0	-71.0	-4.0	17.0	-3.0	19.0	74.15
35	127.0	76.0	127.0	-3.0	11.0	24.0	11.0	-11.0	91.78
36	-11.0	-70.0	16.0	2.0	-15.0	-8.0	-4.0	-16.0	81.94
37	89.0	127.0	-12.0	-26.0	-6.0	7.0	0.0	-11.0	91.78
38	-112.0	-83.0	-16.0	127.0	-1.0	-24.0	45.0	-9.0	76.82
39	-73.0	51.0	-43.0	-4.0	9.0	-24.0	-6.0	-27.0	78.42
40	-10.0	46.0	-50.0	14.0	0.0	-12.0	-13.0	9.0	99.38
41	37.0	80.0	4.0	-10.0	-14.0	-17.0	6.0	-2.0	94.6
42	114.0	-98.0	-24.0	-87.0	-3.0	6.0	6.0	19.0	102.54
43	-69.0	0.0	-2.0	-3.0	17.0	-8.0	28.0	42.0	107.08
44	-121.0	-50.0	85.0	3.0	2.0	-16.0	89.0	15.0	117.86
45	127.0	-3.0	-43.0	-28.0	-1.0	7.0	13.0	24.0	118.65
46	127.0	-9.0	-19.0	-59.0	1.0	-3.0	-12.0	9.0	118.76
47	-81.0	-21.0	78.0	5.0	-20.0	-21.0	-8.0	17.0	119.21
48	-82.0	-72.0	2.0	-23.0	-1.0	15.0	30.0	-8.0	117.86
49	19.0	127.0	-104.0	13.0	-8.0	-5.0	21.0	-20.0	114.44
50	60.0	-71.0	-38.0	-29.0	16.0	8.0	5.0	-11.0	117.19
51	-13.0	25.0	3.0	127.0	-10.0	-17.0	9.0	-26.0	117.12
52	-76.0	52.0	-50.0	-19.0	-13.0	-45.0	82.0	8.0	114.38
53	-128.0	-128.0	71.0	31.0	8.0	18.0	-8.0	4.0	111.09
54	-11.0	-30.0	80.0	-43.0	0.0	7.0	21.0	6.0	105.16
55	-17.0	26.0	-32.0	-29.0	-22.0	-11.0	-26.0	-2.0	117.19
56	-5.0	-21.0	49.0	-16.0	-6.0	2.0	-21.0	-14.0	112.13
57	-1.0	-40.0	8.0	10.0	-5.0	15.0	-64.0	-26.0	105.16
58	-40.0	120.0	-128.0	119.0	2.0	-14.0	24.0	24.0	110.2
59	-104.0	98.0	-13.0	-49.0	-10.0	-11.0	25.0	36.0	112.13
60	-74.0	-17.0	-1.0	-128.0	4.0	9.0	16.0	-2.0	105.04
61	-75.0	-1.0	11.0	37.0	-1.0	3.0	-4.0	-28.0	105.04
62	-12.0	30.0	-4.0	26.0	7.0	11.0	-17.0	-7.0	100.02
63	72.0	127.0	-23.0	-118.0	-4.0	-13.0	16.0	21.0	90.03
64	126.0	-9.0	-43.0	-14.0	-6.0	-16.0	-5.0	-10.0	93.2
65	-97.0	-68.0	80.0	-17.0	-5.0	4.0	-17.0	-25.0	89.03
66	-90.0	12.0	-8.0	-19.0	8.0	26.0	-3.0	17.0	80.47
67	127.0	19.0	-75.0	6.0	-2.0	-16.0	32.0	31.0	80.47
68	-41.0	70.0	-7.0	127.0	4.0	-8.0	6.0	-7.0	63.56
69	125.0	-86.0	19.0	-86.0	16.0	-40.0	-4.0	4.0	70.85
70	127.0	18.0	-39.0	65.0	7.0	-6.0	0.0	10.0	72.44
71	22.0	-3.0	95.0	28.0	9.0	8.0	1.0	-69.0	63.56
72	-24.0	61.0	7.0	-128.0	-3.0	6.0	-16.0	-4.0	60.92
73	102.0	29.0	-104.0	-32.0	0.0	12.0	26.0	39.0	60.14
74	127.0	-40.0	93.0	-13.0	17.0	-26.0	23.0	-34.0	57.43
75	-128.0	-128.0	3.0	-14.0	18.0	-8.0	-19.0	19.0	59.68
76	41.0	95.0	-1.0	-4.0	16.0	6.0	43.0	10.0	61.04
77	-76.0	88.0	-103.0	-7.0	-4.0	-5.0	5.0	-25.0	55.43
78	-16.0	-37.0	-33.0	-79.0	-8.0	-2.0	3.0	-22.0	56.25
