0	59.0	53.0	33.0	2.0	8.0	-2.0	-9.0	-16.0	40.24
1	-79.0	94.0	34.0	3.0	-7.0	-1.0	-30.0	-64.0	39.37
2	-73.0	-30.0	-65.0	5.0	18.0	74.0	-35.0	-35.0	41.13
3	-128.0	44.0	31.0	-67.0	-10.0	4.0	27.0	24.0	43.99
4	-35.0	95.0	-50.0	-84.0	-1.0	13.0	-14.0	5.0	43.99
5	10.0	46.0	127.0	-37.0	-9.0	-6.0	-10.0	-26.0	45.28
6	62.0	42.0	0.0	8.0	1.0	5.0	-74.0	-20.0	45.85
7	-99.0	-75.0	4.0	26.0	3.0	-37.0	3.0	-12.0	50.57
8	-128.0	-29.0	13.0	15.0	-1.0	19.0	-26.0	5.0	51.48
9	-4.0	98.0	93.0	-44.0	4.0	-13.0	20.0	17.0	51.36
10	-7.0	-99.0	-14.0	-9.0	-7.0	-5.0	6.0	31.0	50.32
11	19.0	23.0	32.0	-54.0	7.0	-23.0	20.0	-1.0	54.23
12	50.0	92.0	17.0	5.0	-3.0	-26.0	14.0	12.0	68.14
13	67.0	10.0	-42.0	20.0	5.0	6.0	41.0	-24.0	59.1
14	-2.0	-78.0	12.0	11.0	-20.0	13.0	-33.0	-48.0	57.3
15	52.0	-52.0	10.0	-76.0	-5.0	-32.0	16.0	-34.0	72.95
16	-26.0	-33.0	-45.0	-21.0	-3.0	-12.0	46.0	-27.0	78.81
17	67.0	80.0	28.0	68.0	11.0	-13.0	-44.0	-10.0	87.51
18	-42.0	38.0	-28.0	25.0	-5.0	-46.0	-49.0	-1.0	81.08
19	-102.0	-78.0	-3.0	-15.0	-7.0	6.0	30.0	-5.0	63.95
20	27.0	-105.0	-15.0	-20.0	-8.0	-54.0	-8.0	33.0	88.76
21	-111.0	127.0	-69.0	-39.0	-5.0	47.0	-13.0	73.0	74.42
22	-25.0	59.0	12.0	-27.0	19.0	-16.0	28.0	-30.0	82.23
23	42.0	-73.0	97.0	-2.0	0.0	8.0	34.0	1.0	94.6
24	99.0	127.0	36.0	44.0	-23.0	12.0	22.0	3.0	102.52
25	-94.0	-25.0	20.0	23.0	-5.0	-5.0	-11.0	-14.0	110.42
26	-89.0	-24.0	-66.0	9.0	-12.0	-6.0	-24.0	12.0	96.57
27	19.0	-115.0	-8.0	-68.0	-12.0	-29.0	-38.0	17.0	101.83
28	30.0	77.0	-27.0	14.0	-9.0	1.0	50.0	11.0	97.88
29	-42.0	38.0	23.0	-66.0	-3.0	31.0	72.0	-23.0	119.14
30	11.0	-128.0	-47.0	-2.0	6.0	-18.0	-57.0	19.0	120.07
31	97.0	33.0	25.0	-14.0	-8.0	8.0	-17.0	-38.0	120.2
32	-93.0	-73.0	26.0	34.0	-17.0	12.0	-62.0	-5.0	116.94
33	127.0	44.0	-8.0	-30.0	22.0	30.0	1.0	-21.0	114.93
34	40.0	-57.0	-49.0	1.0	-21.0	1.0	-20.0	12.0	115.85
35	12.0	62.0	-89.0	-6.0	-16.0	11.0	-16.0	-14.0	112.68
36	41.0	-28.0	-17.0	10.0	-1.0	-33.0	-10.0	25.0	119.14
37	-109.0	-18.0	126.0	-5.0	7.0	-5.0	-46.0	-19.0	112.68
38	95.0	-112.0	23.0	-10.0	3.0	-3.0	-11.0	-21.0	106.74
39	-47.0	-41.0	33.0	-6.0	-3.0	-10.0	12.0	11.0	119.62
40	28.0	120.0	-46.0	28.0	5.0	17.0	-4.0	-11.0	119.62
41	126.0	-114.0	-51.0	-9.0	-4.0	-11.0	-10.0	-11.0	114.94
42	-124.0	38.0	-57.0	17.0	11.0	-16.0	-3.0	13.0	117.53
43	48.0	23.0	-54.0	-103.0	-9.0	-7.0	-5.0	-4.0	119.99
44	-35.0	68.0	21.0	-29.0	-3.0	-35.0	-19.0	51.0	119.55
45	127.0	-11.0	-15.0	-8.0	11.0	-28.0	1.0	-6.0	118.87
46	28.0	95.0	-16.0	-26.0	1.0	28.0	-3.0	21.0	102.52
47	-64.0	52.0	17.0	127.0	23.0	-6.0	-32.0	-15.0	101.83
48	-102.0	-128.0	12.0	23.0	8.0	11.0	6.0	27.0	98.78
49	-2.0	-38.0	-2.0	-110.0	9.0	-16.0	23.0	9.0	96.05
50	52.0	17.0	-7.0	-23.0	-11.0	3.0	-44.0	16.0	91.46
51	23.0	-63.0	-9.0	3.0	-1.0	-23.0	-35.0	-3.0	100.3
52	84.0	86.0	-6.0	69.0	-9.0	-15.0	-21.0	29.0	92.23
53	0.0	-83.0	-8.0	10.0	-1.0	25.0	-25.0	3.0	89.11
54	-73.0	-1.0	19.0	125.0	-1.0	-7.0	3.0	-48.0	89.11
55	86.0	34.0	5.0	-110.0	11.0	-31.0	26.0	-10.0	88.76
56	40.0	34.0	23.0	-32.0	-28.0	5.0	-9.0	10.0	72.95
57	-28.0	-33.0	1.0	-2.0	14.0	12.0	-15.0	-27.0	60.29
58	18.0	-44.0	-37.0	27.0	-17.0	-32.0	1.0	0.0	71.74
59	18.0	49.0	-89.0	0.0	-10.0	-7.0	2.0	-21.0	77.67
60	-44.0	-114.0	127.0	-39.0	-9.0	-18.0	-45.0	-23.0	60.79
61	-34.0	44.0	99.0	-7.0	1.0	53.0	-15.0	-58.0	57.24
62	81.0	-51.0	3.0	-29.0	40.0	4.0	3.0	9.0	78.81
63	-14.0	-11.0	-5.0	-103.0	-6.0	13.0	-29.0	10.0	84.37
64	23.0	-62.0	-21.0	26.0	-16.0	27.0	46.0	6.0	63.95
65	-85.0	59.0	-35.0	-37.0	4.0	5.0	-2.0	-1.0	55.01
66	43.0	-53.0	38.0	-39.0	9.0	23.0	-8.0	-27.0	63.15
67	71.0	35.0	8.0	13.0	-12.0	-6.0	-19.0	-21.0	55.01
68	59.0	-13.0	3.0	6.0	22.0	-13.0	-51.0	5.0	67.06
69	-128.0	25.0	-69.0	-20.0	-8.0	-32.0	-17.0	27.0	60.79
70	127.0	-52.0	-29.0	6.0	7.0	12.0	20.0	0.0	51.62
71	112.0	85.0	-38.0	-12.0	6.0	-15.0	63.0	-2.0	50.32
72	-2.0	22.0	12.0	127.0	0.0	9.0	-10.0	0.0	50.47
73	36.0	19.0	6.0	1.0	-11.0	-14.0	14.0	-2.0	50.47
74	77.0	-33.0	28.0	-16.0	0.0	56.0	-13.0	18.0	41.17
75	23.0	-90.0	-16.0	25.0	-9.0	-40.0	1.0	18.0	40.15
76	55.0	-8.0	-30.0	83.0	-12.0	29.0	29.0	-5.0	40.15
