0	107.0	-39.0	102.0	-6.0	-12.0	12.0	12.0	-2.0	89.25
1	-37.0	3.0	-1.0	2.0	-14.0	-3.0	-17.0	-38.0	92.99
2	43.0	15.0	-17.0	-20.0	-1.0	1.0	-19.0	26.0	86.06
3	-29.0	4.0	-15.0	-11.0	3.0	17.0	12.0	-36.0	107.08
4	102.0	17.0	1.0	3.0	-24.0	14.0	-8.0	-39.0	113.38
5	13.0	-53.0	-5.0	1.0	-43.0	-10.0	-23.0	20.0	122.36
6	28.0	-12.0	-34.0	-27.0	-3.0	-18.0	-7.0	45.0	125.46
7	5.0	3.0	72.0	13.0	-5.0	1.0	-53.0	-1.0	130.88
8	-64.0	-7.0	-27.0	-28.0	3.0	2.0	61.0	1.0	130.88
9	-3.0	73.0	9.0	-1.0	-3.0	14.0	4.0	112.0	126.42
10	7.0	52.0	8.0	36.0	-10.0	23.0	-36.0	51.0	130.81
11	73.0	54.0	-11.0	-9.0	2.0	-1.0	5.0	-38.0	132.57
12	-19.0	102.0	-37.0	0.0	-24.0	7.0	-35.0	-51.0	135.68
13	20.0	-7.0	21.0	0.0	-3.0	14.0	4.0	-63.0	135.33
14	1.0	-53.0	1.0	-4.0	-8.0	-10.0	32.0	32.0	134.27
15	21.0	-24.0	1.0	-5.0	-12.0	45.0	-4.0	-5.0	135.71
16	46.0	-37.0	15.0	-23.0	-9.0	-3.0	18.0	9.0	135.68
17	-26.0	-31.0	25.0	-14.0	2.0	-12.0	20.0	115.0	133.17
18	19.0	77.0	-13.0	-6.0	-24.0	8.0	-30.0	-25.0	132.57
19	-6.0	22.0	-22.0	4.0	15.0	5.0	1.0	26.0	129.33
20	-23.0	38.0	16.0	17.0	3.0	0.0	28.0	13.0	127.34
21	53.0	11.0	-15.0	-26.0	-17.0	-8.0	69.0	15.0	125.46
22	39.0	-19.0	-3.0	-5.0	-9.0	-6.0	-11.0	13.0	122.83
23	25.0	-7.0	-15.0	2.0	-9.0	-3.0	-5.0	-6.0	120.04
24	-34.0	31.0	11.0	2.0	-10.0	-15.0	0.0	51.0	116.62
25	-11.0	-7.0	41.0	36.0	6.0	10.0	-5.0	-6.0	113.4
26	-128.0	-25.0	-1.0	23.0	3.0	4.0	-4.0	3.0	113.38
27	34.0	-128.0	11.0	-19.0	-4.0	-6.0	59.0	-14.0	110.71
28	-32.0	-27.0	-14.0	5.0	-4.0	12.0	2.0	65.0	89.25
29	49.0	53.0	-5.0	3.0	4.0	-16.0	85.0	-46.0	79.77
30	73.0	-31.0	2.0	23.0	-1.0	7.0	-6.0	-115.0	86.45
31	-43.0	63.0	-2.0	1.0	-2.0	1.0	-27.0	15.0	87.85
32	-84.0	-41.0	-1.0	-66.0	38.0	-3.0	18.0	74.0	90.47
33	10.0	-42.0	1.0	-17.0	-20.0	4.0	-10.0	-27.0	103.67
34	7.0	0.0	0.0	33.0	-2.0	1.0	-23.0	-18.0	100.57
35	72.0	117.0	15.0	-22.0	-15.0	-5.0	-121.0	40.0	117.01
36	-3.0	14.0	25.0	-42.0	6.0	-4.0	-5.0	-79.0	113.4
37	-28.0	16.0	-51.0	-1.0	31.0	0.0	35.0	-26.0	104.67
38	28.0	-53.0	11.0	14.0	1.0	-3.0	60.0	-3.0	104.67
39	-55.0	19.0	49.0	-25.0	-12.0	0.0	7.0	46.0	82.76
40	-10.0	-19.0	8.0	14.0	-3.0	8.0	-19.0	-47.0	74.56
41	-19.0	-20.0	29.0	11.0	8.0	-17.0	2.0	-69.0	70.96
42	-28.0	15.0	12.0	-6.0	-16.0	3.0	18.0	26.0	59.41
43	34.0	38.0	-11.0	-50.0	14.0	-9.0	17.0	-46.0	62.79
44	6.0	-9.0	32.0	21.0	28.0	-4.0	38.0	-5.0	57.1
45	15.0	-45.0	-4.0	26.0	-6.0	15.0	-2.0	9.0	48.85
46	3.0	26.0	1.0	1.0	9.0	-10.0	-49.0	-31.0	40.65
47	5.0	-10.0	32.0	23.0	-3.0	-11.0	-25.0	-20.0	43.81
48	-6.0	17.0	-4.0	-33.0	28.0	4.0	-45.0	16.0	44.99
49	22.0	61.0	-28.0	17.0	-13.0	-1.0	5.0	-4.0	53.44
50	53.0	0.0	5.0	-12.0	-14.0	-9.0	8.0	-86.0	47.9
51	-38.0	16.0	12.0	-8.0	7.0	6.0	-17.0	25.0	39.81
52	14.0	4.0	-1.0	-29.0	-2.0	-3.0	27.0	-9.0	38.82
53	-3.0	10.0	-73.0	7.0	13.0	-3.0	-6.0	2.0	38.82
54	15.0	-45.0	5.0	83.0	-16.0	-15.0	2.0	28.0	41.87
55	86.0	-25.0	46.0	-42.0	6.0	-16.0	-9.0	46.0	46.04
56	-88.0	78.0	-22.0	1.0	-1.0	0.0	-16.0	9.0	53.79
57	-41.0	-13.0	-3.0	22.0	6.0	14.0	-24.0	-128.0	53.44
58	-67.0	-36.0	-40.0	18.0	6.0	-16.0	-21.0	-31.0	47.9
59	6.0	-65.0	-49.0	4.0	-8.0	-10.0	2.0	61.0	51.26
60	3.0	12.0	2.0	-2.0	-13.0	0.0	39.0	16.0	70.96
61	42.0	-14.0	0.0	-22.0	-3.0	-4.0	11.0	-52.0	57.1
62	0.0	109.0	35.0	81.0	8.0	-8.0	-60.0	22.0	66.21
63	-24.0	19.0	-10.0	-11.0	-1.0	-2.0	-32.0	-21.0	63.5
64	-34.0	-28.0	-5.0	68.0	-5.0	5.0	-11.0	-4.0	63.5
65	-104.0	-65.0	4.0	5.0	-4.0	-8.0	-6.0	72.0	69.69
66	38.0	3.0	25.0	1.0	7.0	-14.0	-4.0	-21.0	56.49
67	29.0	107.0	6.0	43.0	-1.0	-5.0	-37.0	1.0	46.81
68	28.0	2.0	15.0	-37.0	-10.0	-3.0	23.0	-4.0	43.38
69	-73.0	-60.0	-27.0	-60.0	-4.0	-1.0	1.0	21.0	40.65
70	-36.0	-19.0	10.0	2.0	1.0	7.0	-11.0	-33.0	46.04
71	22.0	12.0	39.0	20.0	2.0	-3.0	-46.0	15.0	51.27
72	15.0	-39.0	-7.0	-4.0	-23.0	0.0	31.0	-16.0	50.24
73	45.0	28.0	7.0	-25.0	-4.0	-7.0	-16.0	-3.0	61.26
74	-25.0	25.0	19.0	21.0	12.0	-3.0	-15.0	-15.0	66.01
75	-8.0	-30.0	23.0	62.0	-13.0	8.0	24.0	-67.0	74.56
76	-35.0	23.0	-5.0	-2.0	0.0	-5.0	0.0	26.0	77.0
77	44.0	-95.0	-11.0	4.0	3.0	0.0	-3.0	-18.0	90.47
