0	44.0	64.0	106.0	-44.0	-16.0	3.0	127.0	-7.0	63.06
1	-81.0	-11.0	-70.0	-49.0	2.0	-5.0	-73.0	-14.0	56.12
2	32.0	-36.0	61.0	-39.0	-1.0	41.0	-18.0	-20.0	52.38
3	-115.0	23.0	0.0	-55.0	15.0	-16.0	-68.0	60.0	50.92
4	-51.0	6.0	45.0	25.0	-23.0	69.0	-27.0	7.0	49.28
5	127.0	-1.0	-2.0	-17.0	-21.0	42.0	-3.0	-5.0	47.32
6	-47.0	-35.0	-22.0	73.0	8.0	23.0	59.0	-48.0	47.07
7	-11.0	115.0	4.0	-49.0	24.0	-39.0	-44.0	-29.0	47.07
8	-71.0	5.0	-45.0	-30.0	7.0	5.0	-70.0	-10.0	46.9
9	127.0	-27.0	20.0	0.0	-22.0	-35.0	-85.0	25.0	46.87
10	-9.0	-108.0	-4.0	-15.0	11.0	-19.0	79.0	-10.0	46.76
11	110.0	-59.0	-11.0	-30.0	-30.0	-10.0	-66.0	-16.0	46.9
12	-116.0	20.0	-41.0	-23.0	-15.0	7.0	-10.0	77.0	47.6
13	66.0	116.0	-26.0	-1.0	-28.0	-16.0	63.0	19.0	50.36
14	-116.0	-53.0	21.0	4.0	-28.0	19.0	94.0	-2.0	56.84
15	23.0	63.0	-19.0	40.0	7.0	6.0	67.0	-82.0	52.38
16	50.0	-89.0	-15.0	6.0	-8.0	26.0	-7.0	-60.0	61.07
17	25.0	-34.0	59.0	-15.0	-6.0	-4.0	60.0	4.0	64.45
18	82.0	9.0	-4.0	10.0	-22.0	-4.0	-41.0	-86.0	53.98
19	19.0	127.0	-41.0	-70.0	28.0	-26.0	-66.0	-2.0	63.64
20	66.0	-28.0	-10.0	28.0	-5.0	-27.0	-49.0	69.0	73.86
21	-1.0	-88.0	38.0	-16.0	-4.0	-2.0	34.0	-49.0	79.25
22	-25.0	16.0	-53.0	-9.0	-4.0	12.0	22.0	-41.0	74.03
23	66.0	-78.0	-43.0	-34.0	67.0	25.0	6.0	-20.0	70.05
24	88.0	80.0	101.0	-31.0	-5.0	8.0	-89.0	-20.0	74.03
25	3.0	33.0	2.0	2.0	-28.0	13.0	-55.0	22.0	64.3
26	-29.0	43.0	15.0	-20.0	-33.0	2.0	-100.0	-2.0	55.15
27	4.0	2.0	-66.0	9.0	-39.0	-36.0	8.0	-54.0	58.77
28	127.0	-2.0	-14.0	-124.0	-46.0	34.0	-103.0	30.0	69.68
29	127.0	-18.0	-12.0	14.0	-9.0	-37.0	2.0	-34.0	90.05
30	16.0	-89.0	-128.0	-9.0	-17.0	-35.0	53.0	-22.0	86.92
31	-1.0	82.0	64.0	46.0	-30.0	-14.0	0.0	-10.0	94.04
32	-76.0	-128.0	10.0	81.0	-16.0	-8.0	-8.0	-13.0	95.24
33	9.0	78.0	-40.0	23.0	-3.0	-17.0	-10.0	20.0	99.84
34	-12.0	-56.0	-41.0	-103.0	-7.0	-8.0	-18.0	-10.0	101.34
35	64.0	6.0	-8.0	-40.0	12.0	21.0	-60.0	73.0	90.47
36	-1.0	87.0	-41.0	53.0	-4.0	-21.0	34.0	-23.0	94.04
37	31.0	60.0	-12.0	19.0	67.0	-21.0	-52.0	2.0	96.71
38	4.0	-89.0	-18.0	4.0	-38.0	-8.0	34.0	65.0	103.23
39	64.0	6.0	-119.0	22.0	-40.0	-2.0	85.0	56.0	108.42
40	-49.0	1.0	-1.0	-13.0	12.0	-25.0	-58.0	19.0	112.72
41	97.0	-97.0	-7.0	-26.0	2.0	-8.0	-97.0	-57.0	115.3
42	127.0	-2.0	-7.0	-52.0	11.0	-32.0	-68.0	-61.0	112.72
43	-35.0	-89.0	61.0	-38.0	-15.0	-6.0	-21.0	25.0	117.53
44	-57.0	18.0	53.0	10.0	-2.0	-4.0	69.0	-67.0	117.53
45	-90.0	39.0	6.0	-18.0	6.0	-23.0	45.0	-28.0	123.15
46	41.0	-4.0	-20.0	-35.0	27.0	-36.0	-98.0	-14.0	125.47
47	55.0	116.0	-26.0	84.0	1.0	21.0	-18.0	-29.0	124.73
48	-5.0	24.0	38.0	-24.0	7.0	-20.0	-2.0	24.0	121.36
49	112.0	-15.0	25.0	118.0	-8.0	7.0	37.0	5.0	121.3
50	43.0	42.0	-5.0	-32.0	-8.0	13.0	-59.0	21.0	124.55
51	127.0	-93.0	31.0	59.0	-30.0	-3.0	68.0	-16.0	118.67
52	-45.0	-73.0	6.0	-18.0	35.0	-57.0	-60.0	-34.0	123.15
53	-49.0	-24.0	-28.0	33.0	-10.0	10.0	-15.0	39.0	124.55
54	35.0	77.0	-83.0	-19.0	-14.0	8.0	5.0	-9.0	119.91
55	-110.0	22.0	5.0	-34.0	0.0	-7.0	-99.0	-1.0	115.85
56	41.0	-16.0	-32.0	24.0	11.0	12.0	6.0	9.0	114.71
57	-27.0	-103.0	-70.0	-16.0	-17.0	7.0	-84.0	80.0	112.72
58	21.0	70.0	4.0	-21.0	29.0	-36.0	-9.0	-11.0	112.72
59	97.0	-128.0	35.0	-59.0	-9.0	66.0	83.0	-40.0	110.78
60	42.0	124.0	-10.0	53.0	-13.0	-49.0	-42.0	-26.0	107.52
61	26.0	-33.0	-16.0	26.0	4.0	69.0	118.0	94.0	107.52
62	-51.0	-16.0	-2.0	-36.0	-45.0	8.0	-115.0	-18.0	103.37
63	-11.0	43.0	-45.0	-126.0	8.0	-19.0	-78.0	-31.0	99.49
64	-86.0	-27.0	9.0	117.0	25.0	-31.0	-38.0	-1.0	95.24
65	14.0	56.0	12.0	-72.0	16.0	-40.0	-19.0	56.0	83.26
66	-28.0	14.0	82.0	11.0	8.0	-17.0	117.0	27.0	78.78
67	-20.0	-11.0	4.0	73.0	-5.0	68.0	19.0	-2.0	83.26
68	-21.0	26.0	103.0	77.0	-3.0	12.0	-36.0	73.0	85.09
69	-126.0	97.0	-67.0	-36.0	7.0	-50.0	-13.0	-19.0	66.95
70	31.0	5.0	80.0	-128.0	-12.0	26.0	-6.0	11.0	66.95
71	-78.0	-77.0	-8.0	96.0	-4.0	20.0	13.0	-47.0	63.06
72	-54.0	-23.0	107.0	7.0	15.0	-17.0	-20.0	-13.0	58.48
73	57.0	56.0	-83.0	-26.0	-46.0	0.0	-11.0	24.0	53.36
74	4.0	44.0	8.0	10.0	27.0	-1.0	7.0	96.0	61.07
75	-42.0	-11.0	-109.0	-16.0	2.0	5.0	12.0	44.0	50.92
76	-58.0	-88.0	0.0	-51.0	47.0	-49.0	-33.0	28.0	48.52
77	-52.0	12.0	-27.0	34.0	-1.0	-9.0	-3.0	12.0	53.35
78	42.0	12.0	-11.0	-7.0	32.0	-31.0	3.0	-20.0	58.77
