0	-19.0	-14.0	6.0	-22.0	-2.0	-3.0	0.0	-6.0	43.54
1	34.0	107.0	-8.0	-4.0	-2.0	2.0	3.0	4.0	44.99
2	-50.0	-16.0	8.0	-3.0	-8.0	-4.0	8.0	-3.0	48.23
3	-26.0	10.0	2.0	-17.0	22.0	-14.0	17.0	17.0	48.23
4	-12.0	60.0	7.0	2.0	-5.0	-3.0	-9.0	28.0	48.08
5	-5.0	40.0	-50.0	-5.0	-16.0	0.0	-4.0	-8.0	43.54
6	7.0	25.0	26.0	51.0	-11.0	9.0	-7.0	-9.0	45.3
7	-26.0	-5.0	29.0	-28.0	-11.0	-5.0	-4.0	-4.0	57.1
8	-35.0	13.0	11.0	-6.0	15.0	-2.0	-2.0	-9.0	69.75
9	-24.0	35.0	-8.0	7.0	-5.0	-3.0	-15.0	2.0	69.91
10	-18.0	-29.0	0.0	19.0	0.0	-4.0	-8.0	-14.0	60.79
11	31.0	25.0	18.0	-27.0	0.0	5.0	-3.0	-2.0	80.41
12	-16.0	-8.0	6.0	-39.0	-8.0	5.0	8.0	-4.0	84.98
13	-4.0	-106.0	-7.0	16.0	-2.0	8.0	-6.0	2.0	89.37
14	1.0	8.0	-8.0	16.0	10.0	13.0	-12.0	-1.0	86.47
15	4.0	-9.0	8.0	3.0	-25.0	0.0	3.0	-22.0	67.57
16	-22.0	-27.0	-21.0	-25.0	-8.0	-5.0	0.0	24.0	67.63
17	-81.0	32.0	-47.0	1.0	2.0	4.0	-8.0	-17.0	72.65
18	-4.0	25.0	-5.0	-89.0	9.0	-13.0	6.0	4.0	71.73
19	10.0	85.0	23.0	-4.0	7.0	-4.0	-5.0	12.0	64.77
20	9.0	6.0	-73.0	-7.0	-5.0	1.0	-2.0	-9.0	57.46
21	0.0	53.0	25.0	-10.0	8.0	0.0	-8.0	6.0	54.49
22	-7.0	-61.0	75.0	19.0	-13.0	5.0	0.0	9.0	57.1
23	-32.0	-8.0	-9.0	2.0	2.0	5.0	-6.0	-18.0	83.1
24	-11.0	25.0	-18.0	0.0	-11.0	3.0	-2.0	-11.0	113.72
25	-13.0	5.0	2.0	35.0	10.0	-8.0	2.0	-12.0	109.08
26	2.0	-34.0	20.0	-17.0	-8.0	-6.0	-8.0	1.0	113.45
27	-30.0	17.0	7.0	-25.0	0.0	-6.0	0.0	-17.0	102.28
28	2.0	-6.0	21.0	18.0	18.0	-9.0	-11.0	9.0	102.28
29	0.0	33.0	1.0	3.0	6.0	0.0	-8.0	-3.0	113.45
30	-30.0	9.0	-15.0	-3.0	4.0	-4.0	-2.0	-11.0	121.25
31	68.0	59.0	-5.0	-5.0	2.0	2.0	10.0	-10.0	122.45
32	-83.0	-18.0	-18.0	17.0	-5.0	2.0	7.0	2.0	127.13
33	-30.0	-83.0	-13.0	-51.0	-6.0	7.0	-8.0	-5.0	130.45
34	5.0	-12.0	16.0	1.0	-11.0	0.0	9.0	-18.0	132.98
35	68.0	-21.0	-5.0	0.0	-10.0	1.0	-1.0	11.0	130.12
36	0.0	-2.0	-10.0	1.0	-2.0	-2.0	-1.0	-3.0	132.98
37	-31.0	1.0	114.0	0.0	-3.0	-2.0	3.0	6.0	132.51
38	48.0	-23.0	-7.0	8.0	0.0	-3.0	-5.0	4.0	132.92
39	1.0	12.0	-24.0	-16.0	-14.0	-8.0	-12.0	-3.0	131.93
40	25.0	-9.0	-14.0	2.0	10.0	-3.0	-1.0	-6.0	124.53
41	-16.0	-51.0	77.0	4.0	1.0	3.0	-13.0	-3.0	127.27
42	40.0	5.0	-35.0	3.0	-2.0	-5.0	11.0	15.0	128.95
43	-1.0	24.0	16.0	21.0	23.0	1.0	-3.0	-33.0	132.81
44	4.0	-39.0	41.0	-1.0	0.0	-7.0	0.0	1.0	130.12
45	19.0	10.0	5.0	5.0	-8.0	-11.0	13.0	9.0	130.97
46	-55.0	-3.0	-4.0	2.0	-4.0	-4.0	0.0	15.0	132.39
47	34.0	8.0	-1.0	-4.0	-2.0	6.0	-2.0	2.0	132.51
48	-18.0	52.0	-9.0	11.0	-3.0	0.0	-8.0	-2.0	128.95
49	4.0	-16.0	-45.0	-3.0	-5.0	2.0	-4.0	-17.0	124.53
50	-12.0	4.0	41.0	-10.0	7.0	-8.0	11.0	24.0	122.96
51	30.0	16.0	8.0	22.0	17.0	3.0	-21.0	-12.0	119.6
52	47.0	70.0	-3.0	-1.0	-11.0	-7.0	-4.0	-1.0	119.6
53	-10.0	20.0	-27.0	-9.0	6.0	0.0	-4.0	-8.0	116.98
54	21.0	-15.0	-1.0	-17.0	-3.0	-4.0	-8.0	-14.0	118.32
55	-27.0	31.0	-3.0	41.0	-2.0	2.0	-12.0	9.0	103.66
56	-16.0	-41.0	9.0	-2.0	-12.0	1.0	3.0	14.0	84.98
57	-2.0	13.0	-8.0	-20.0	2.0	3.0	15.0	18.0	57.46
58	45.0	31.0	-99.0	39.0	6.0	-4.0	8.0	36.0	58.78
59	40.0	-36.0	51.0	7.0	-16.0	-2.0	6.0	5.0	75.92
60	-32.0	-41.0	-10.0	-9.0	6.0	-4.0	4.0	-11.0	69.75
61	39.0	-42.0	-2.0	1.0	-7.0	2.0	0.0	-8.0	76.04
62	2.0	18.0	25.0	-19.0	0.0	-4.0	-16.0	-34.0	109.36
63	-83.0	-38.0	-15.0	6.0	24.0	6.0	6.0	-20.0	92.03
64	4.0	-8.0	36.0	-3.0	-2.0	0.0	-2.0	8.0	98.16
65	18.0	0.0	-41.0	-2.0	-4.0	-5.0	-5.0	18.0	88.25
66	11.0	72.0	8.0	-17.0	3.0	10.0	5.0	-10.0	80.41
67	38.0	-23.0	-57.0	19.0	3.0	-4.0	10.0	-12.0	62.55
68	0.0	-8.0	20.0	-10.0	-12.0	-5.0	2.0	8.0	62.55
69	17.0	16.0	-53.0	2.0	-1.0	2.0	2.0	-9.0	67.57
70	-29.0	-38.0	6.0	6.0	-12.0	3.0	-6.0	1.0	51.8
71	-31.0	-86.0	-7.0	-12.0	-3.0	-4.0	-14.0	35.0	52.9
72	43.0	10.0	2.0	-26.0	-5.0	-5.0	8.0	-2.0	65.08
73	-34.0	38.0	-5.0	0.0	2.0	0.0	-8.0	15.0	59.4
74	-23.0	40.0	-13.0	44.0	17.0	0.0	16.0	1.0	50.64
75	-23.0	-3.0	11.0	-10.0	11.0	-5.0	-3.0	-2.0	49.56
76	2.0	6.0	0.0	12.0	-13.0	8.0	13.0	-32.0	49.83
77	67.0	79.0	3.0	-22.0	5.0	4.0	-2.0	-28.0	49.5
78	-34.0	-6.0	-14.0	35.0	-3.0	5.0	-12.0	-11.0	49.83
