0	6.0	67.0	-28.0	-20.0	-11.0	-13.0	-4.0	3.0	108.18
1	49.0	99.0	83.0	93.0	-17.0	-2.0	-6.0	-14.0	125.09
2	-54.0	56.0	-6.0	-13.0	-11.0	-14.0	-20.0	-2.0	130.76
3	-39.0	-45.0	-22.0	-5.0	4.0	15.0	6.0	12.0	131.86
4	-77.0	40.0	0.0	16.0	10.0	3.0	-1.0	-13.0	133.1
5	-48.0	-87.0	1.0	29.0	4.0	5.0	-13.0	7.0	135.64
6	9.0	-66.0	-15.0	42.0	-9.0	-7.0	1.0	39.0	130.43
7	-72.0	-15.0	-93.0	-14.0	-6.0	1.0	7.0	-16.0	130.12
8	78.0	1.0	-31.0	-15.0	-7.0	-18.0	-18.0	19.0	127.98
9	-17.0	61.0	-7.0	-3.0	3.0	32.0	1.0	-5.0	126.5
10	-21.0	-24.0	6.0	-2.0	-9.0	1.0	-9.0	17.0	118.84
11	-39.0	-3.0	-4.0	5.0	8.0	-12.0	0.0	-14.0	130.43
12	-19.0	27.0	0.0	72.0	-22.0	-1.0	-16.0	-4.0	135.64
13	-20.0	-5.0	-7.0	-31.0	6.0	-18.0	-16.0	-26.0	134.99
14	-45.0	8.0	-37.0	0.0	23.0	7.0	-17.0	-20.0	123.89
15	-1.0	-3.0	-32.0	5.0	7.0	9.0	1.0	0.0	119.76
16	-2.0	60.0	17.0	-5.0	10.0	-24.0	-12.0	4.0	128.34
17	11.0	18.0	49.0	124.0	-2.0	-9.0	-16.0	-33.0	126.64
18	18.0	-51.0	42.0	17.0	1.0	18.0	1.0	9.0	88.01
19	6.0	-40.0	3.0	-5.0	-4.0	-12.0	5.0	-19.0	116.24
20	17.0	-54.0	-1.0	-11.0	12.0	21.0	20.0	-1.0	90.1
21	19.0	-14.0	10.0	-29.0	6.0	2.0	1.0	16.0	80.87
22	28.0	15.0	-31.0	11.0	10.0	17.0	-7.0	-7.0	73.26
23	67.0	19.0	-16.0	-20.0	-10.0	1.0	6.0	-18.0	99.39
24	-3.0	38.0	26.0	86.0	26.0	-8.0	9.0	-6.0	80.07
25	-40.0	-7.0	22.0	36.0	-7.0	0.0	-6.0	5.0	70.14
26	-19.0	-63.0	-10.0	-24.0	20.0	-22.0	-19.0	33.0	71.21
27	-15.0	-26.0	3.0	-109.0	-9.0	1.0	-14.0	-22.0	79.42
28	1.0	20.0	-15.0	-6.0	18.0	-6.0	9.0	39.0	82.0
29	-1.0	-12.0	-63.0	5.0	-9.0	1.0	-1.0	19.0	66.44
30	-18.0	-33.0	-4.0	20.0	-11.0	-2.0	15.0	-9.0	64.04
31	29.0	-51.0	38.0	-54.0	-5.0	-11.0	2.0	18.0	64.04
32	-43.0	-39.0	120.0	110.0	7.0	-1.0	9.0	-9.0	55.6
33	125.0	32.0	-61.0	0.0	5.0	3.0	5.0	-10.0	58.96
34	40.0	26.0	-61.0	-16.0	-4.0	-4.0	68.0	0.0	54.14
35	13.0	-35.0	-40.0	-10.0	6.0	-8.0	-7.0	-11.0	52.43
36	-47.0	-71.0	44.0	25.0	-7.0	-19.0	-3.0	-7.0	50.94
37	15.0	-77.0	68.0	-7.0	17.0	-7.0	5.0	9.0	50.94
38	50.0	-99.0	-5.0	2.0	3.0	-12.0	-8.0	-7.0	46.7
39	-10.0	46.0	2.0	28.0	4.0	9.0	21.0	10.0	49.25
40	39.0	21.0	63.0	-108.0	-5.0	-22.0	25.0	-11.0	52.36
41	17.0	45.0	-74.0	-13.0	-18.0	-1.0	-36.0	45.0	49.13
42	-72.0	73.0	3.0	-37.0	-6.0	4.0	11.0	23.0	47.01
43	-22.0	14.0	-32.0	-9.0	-6.0	1.0	-14.0	31.0	46.92
44	-1.0	7.0	-34.0	-15.0	11.0	-2.0	105.0	-7.0	49.95
45	-61.0	63.0	2.0	-4.0	0.0	-14.0	-11.0	-24.0	51.81
46	-18.0	-14.0	-19.0	28.0	-2.0	25.0	-22.0	0.0	47.88
47	-98.0	-15.0	107.0	15.0	-7.0	3.0	-4.0	4.0	46.92
48	-18.0	-7.0	-16.0	-34.0	11.0	-11.0	-10.0	11.0	46.71
49	34.0	-24.0	-67.0	-27.0	-15.0	-20.0	-11.0	15.0	47.01
50	-68.0	-58.0	-49.0	0.0	-1.0	-22.0	2.0	-42.0	46.7
51	43.0	11.0	-10.0	-3.0	-1.0	6.0	13.0	-9.0	46.26
52	-10.0	-72.0	-25.0	-7.0	-9.0	-2.0	-2.0	9.0	46.33
53	32.0	-1.0	28.0	1.0	7.0	15.0	17.0	23.0	47.68
54	-8.0	62.0	-3.0	72.0	-19.0	1.0	4.0	11.0	50.54
55	40.0	-62.0	1.0	35.0	0.0	17.0	5.0	-17.0	47.96
56	1.0	63.0	-11.0	-2.0	1.0	-9.0	25.0	2.0	51.81
57	-13.0	29.0	18.0	-62.0	0.0	29.0	5.0	-21.0	54.14
58	25.0	-24.0	14.0	-99.0	25.0	-5.0	-17.0	-17.0	51.81
59	-62.0	30.0	45.0	-8.0	0.0	3.0	-16.0	-37.0	62.12
60	16.0	-22.0	26.0	-15.0	-9.0	-18.0	15.0	-12.0	58.93
61	82.0	-23.0	-31.0	30.0	-7.0	-11.0	-5.0	3.0	66.44
62	-5.0	26.0	54.0	-14.0	-2.0	11.0	9.0	1.0	80.87
63	-1.0	60.0	33.0	-34.0	16.0	-10.0	-2.0	-9.0	89.91
64	-18.0	-8.0	11.0	-24.0	-13.0	3.0	11.0	9.0	111.79
65	-16.0	-2.0	-6.0	-20.0	7.0	-4.0	-5.0	18.0	102.77
66	32.0	10.0	16.0	7.0	-9.0	8.0	3.0	-25.0	122.57
67	2.0	-14.0	-16.0	-17.0	-11.0	-3.0	16.0	-6.0	102.77
68	-12.0	27.0	-51.0	-20.0	10.0	-4.0	6.0	-10.0	126.64
69	-24.0	-43.0	25.0	-27.0	-8.0	1.0	-9.0	3.0	118.84
70	118.0	-23.0	-4.0	-89.0	-6.0	9.0	-3.0	-19.0	110.55
71	-58.0	18.0	52.0	49.0	-6.0	2.0	-34.0	5.0	75.32
72	28.0	-4.0	18.0	-26.0	15.0	4.0	10.0	-9.0	123.98
73	52.0	-6.0	-3.0	10.0	-16.0	-14.0	-12.0	-10.0	113.55
74	-54.0	74.0	2.0	-10.0	-6.0	20.0	2.0	-1.0	130.12
75	82.0	-25.0	25.0	-29.0	5.0	11.0	0.0	19.0	89.91
