0	15.0	-40.0	-39.0	-29.0	9.0	7.0	-26.0	-34.0	63.56
1	-12.0	-37.0	32.0	-15.0	0.0	6.0	-5.0	-30.0	63.51
2	106.0	-67.0	-51.0	-59.0	-4.0	-5.0	13.0	39.0	65.6
3	41.0	98.0	43.0	-3.0	-10.0	12.0	11.0	9.0	70.85
4	-81.0	-68.0	18.0	-17.0	8.0	-16.0	9.0	-2.0	70.85
5	43.0	127.0	3.0	-2.0	1.0	16.0	45.0	-1.0	74.15
6	-69.0	-8.0	127.0	-26.0	16.0	15.0	7.0	9.0	72.44
7	-73.0	-72.0	95.0	14.0	-6.0	-5.0	23.0	-25.0	74.93
8	4.0	-70.0	-68.0	-10.0	17.0	-12.0	28.0	-2.0	80.47
9	60.0	102.0	-38.0	2.0	16.0	69.0	12.0	-7.0	81.94
10	-104.0	-71.0	93.0	21.0	-1.0	-15.0	-17.0	4.0	90.03
11	-49.0	-86.0	-75.0	-14.0	-5.0	-16.0	24.0	-9.0	93.2
12	89.0	-98.0	-1.0	127.0	20.0	-5.0	-8.0	-30.0	85.42
13	-112.0	52.0	-38.0	-25.0	7.0	-13.0	21.0	12.0	80.47
14	-16.0	-66.0	20.0	-17.0	16.0	-8.0	69.0	21.0	91.78
15	127.0	19.0	-36.0	-19.0	-15.0	-17.0	-11.0	20.0	93.2
16	22.0	8.0	80.0	-19.0	23.0	-17.0	16.0	15.0	91.78
17	73.0	95.0	-32.0	-17.0	-2.0	-3.0	-1.0	17.0	85.3
18	-1.0	-1.0	66.0	14.0	1.0	6.0	-8.0	-37.0	97.02
19	68.0	-93.0	29.0	-31.0	2.0	-40.0	1.0	-6.0	117.86
20	-28.0	-40.0	-53.0	-23.0	9.0	-4.0	-12.0	24.0	114.38
21	-76.0	127.0	16.0	-13.0	-8.0	-6.0	3.0	-11.0	117.86
22	-4.0	-71.0	-7.0	3.0	11.0	3.0	26.0	4.0	107.08
23	37.0	-98.0	-15.0	-19.0	-10.0	-14.0	13.0	37.0	105.16
24	11.0	-47.0	-128.0	10.0	-1.0	-11.0	-17.0	-7.0	112.13
25	-75.0	88.0	43.0	37.0	-3.0	-2.0	4.0	-5.0	110.2
26	-90.0	29.0	-128.0	-34.0	0.0	13.0	4.0	8.0	112.13
27	-41.0	30.0	-1.0	-4.0	19.0	-45.0	0.0	-21.0	105.16
28	-97.0	-92.0	49.0	18.0	1.0	31.0	0.0	-20.0	97.13
29	36.0	-128.0	78.0	-8.0	-5.0	-24.0	6.0	1.0	105.04
30	-40.0	-52.0	-39.0	-69.0	10.0	19.0	1.0	34.0	99.38
31	-63.0	55.0	74.0	28.0	31.0	18.0	21.0	31.0	100.02
32	127.0	-3.0	-99.0	26.0	7.0	-22.0	25.0	19.0	102.54
33	33.0	-30.0	-43.0	-74.0	-5.0	-9.0	-22.0	6.0	114.44
34	-5.0	75.0	-35.0	-14.0	-10.0	-6.0	-9.0	-16.0	105.04
35	-128.0	75.0	71.0	39.0	18.0	-8.0	-3.0	-2.0	117.19
36	-4.0	-50.0	-61.0	-3.0	3.0	8.0	32.0	19.0	118.76
37	-12.0	5.0	-23.0	-34.0	2.0	4.0	-4.0	-34.0	117.19
38	87.0	5.0	3.0	-4.0	-2.0	-28.0	-19.0	-69.0	117.12
39	-13.0	12.0	-58.0	-43.0	3.0	-25.0	-4.0	36.0	119.21
40	-81.0	76.0	6.0	-79.0	-22.0	6.0	-12.0	3.0	118.65
41	-128.0	25.0	8.0	58.0	-6.0	-8.0	-4.0	-15.0	111.09
42	-17.0	127.0	-12.0	5.0	-3.0	17.0	-14.0	24.0	100.02
43	-24.0	-17.0	-13.0	21.0	-8.0	38.0	-4.0	2.0	94.6
44	127.0	70.0	13.0	65.0	-4.0	0.0	-9.0	-22.0	89.03
45	72.0	19.0	-24.0	-71.0	-12.0	-24.0	26.0	49.0	87.7
46	-93.0	46.0	-38.0	-24.0	-4.0	-5.0	11.0	-27.0	78.42
47	-25.0	-128.0	4.0	119.0	-1.0	9.0	-12.0	10.0	78.42
48	127.0	120.0	11.0	-86.0	-11.0	38.0	-17.0	-21.0	76.82
49	127.0	18.0	-21.0	-118.0	-15.0	7.0	5.0	9.0	67.76
50	45.0	-12.0	80.0	68.0	2.0	-16.0	82.0	-26.0	63.56
51	127.0	26.0	-16.0	65.0	-12.0	12.0	89.0	-21.0	61.56
52	35.0	-83.0	-128.0	-12.0	8.0	2.0	16.0	-14.0	57.82
53	22.0	-67.0	85.0	-40.0	19.0	55.0	6.0	0.0	57.43
54	-11.0	19.0	19.0	-16.0	-5.0	1.0	57.0	1.0	55.0
55	-88.0	-67.0	-104.0	-79.0	8.0	-21.0	1.0	-8.0	50.36
56	-90.0	0.0	-2.0	127.0	-13.0	3.0	-21.0	17.0	50.76
57	114.0	-9.0	-4.0	-7.0	0.0	8.0	-2.0	6.0	50.28
58	43.0	80.0	7.0	-128.0	17.0	15.0	5.0	-26.0	51.61
59	102.0	-3.0	-43.0	-29.0	-4.0	32.0	-15.0	9.0	50.55
60	74.0	127.0	-43.0	106.0	4.0	-9.0	-3.0	7.0	50.22
61	127.0	-21.0	-19.0	-32.0	-6.0	-8.0	43.0	-11.0	43.49
62	-121.0	-70.0	5.0	127.0	13.0	9.0	-10.0	-25.0	51.61
63	95.0	-21.0	-8.0	-67.0	-4.0	-11.0	-5.0	-8.0	60.14
64	-74.0	-9.0	-103.0	6.0	-8.0	-5.0	-13.0	-1.0	55.43
65	-82.0	77.0	-63.0	-16.0	-3.0	26.0	-3.0	-10.0	56.25
66	126.0	-65.0	-33.0	-49.0	-6.0	0.0	-6.0	-2.0	50.55
67	125.0	3.0	127.0	-128.0	-5.0	6.0	30.0	10.0	59.39
68	-76.0	-47.0	68.0	-28.0	-8.0	-16.0	6.0	19.0	59.39
69	-40.0	51.0	-50.0	13.0	1.0	24.0	-64.0	-1.0	56.25
70	4.0	10.0	-17.0	-87.0	8.0	-17.0	-16.0	19.0	53.27
71	-24.0	7.0	95.0	31.0	-20.0	-26.0	-23.0	-4.0	55.0
72	127.0	-11.0	-104.0	-3.0	-5.0	-40.0	-13.0	42.0	52.92
73	-10.0	127.0	2.0	-10.0	-8.0	-6.0	-14.0	-28.0	59.68
74	-11.0	-116.0	-120.0	127.0	-4.0	55.0	-8.0	60.0	55.43
75	-73.0	19.0	2.0	4.0	0.0	19.0	-33.0	-7.0	60.92
76	49.0	61.0	40.0	-111.0	-1.0	11.0	11.0	-2.0	61.56
77	19.0	18.0	7.0	1.0	-14.0	2.0	3.0	-8.0	56.58
78	-128.0	48.0	-50.0	52.0	4.0	7.0	32.0	-11.0	61.04
