0	-40.0	-38.0	-53.0	-19.0	27.0	-4.0	11.0	-36.0	125.54
1	-66.0	69.0	-65.0	-60.0	-1.0	21.0	15.0	17.0	95.97
2	24.0	98.0	62.0	-76.0	-4.0	59.0	4.0	-6.0	87.81
3	-10.0	-68.0	82.0	44.0	-9.0	16.0	109.0	12.0	91.12
4	-34.0	-19.0	32.0	-68.0	-1.0	12.0	-87.0	10.0	83.05
5	107.0	-35.0	40.0	-60.0	1.0	-4.0	-82.0	-24.0	64.4
6	47.0	41.0	67.0	0.0	6.0	-6.0	107.0	-25.0	72.19
7	65.0	37.0	-48.0	-18.0	-5.0	-10.0	-4.0	5.0	85.05
8	67.0	-40.0	-5.0	-50.0	-6.0	34.0	-128.0	-18.0	62.01
9	-9.0	-34.0	-3.0	5.0	2.0	-19.0	14.0	24.0	55.49
10	-75.0	64.0	-12.0	8.0	-10.0	-19.0	24.0	-3.0	56.23
11	3.0	40.0	-98.0	-26.0	9.0	18.0	-12.0	19.0	52.15
12	-19.0	53.0	47.0	0.0	-9.0	26.0	-15.0	-10.0	51.84
13	-88.0	-14.0	28.0	27.0	15.0	-5.0	-27.0	10.0	50.84
14	-71.0	49.0	85.0	2.0	7.0	-27.0	28.0	25.0	50.84
15	-31.0	15.0	59.0	-127.0	-2.0	25.0	54.0	-25.0	51.5
16	58.0	74.0	13.0	26.0	-6.0	58.0	-10.0	-2.0	51.92
17	-86.0	73.0	4.0	68.0	-12.0	-1.0	-12.0	12.0	52.59
18	28.0	-67.0	-50.0	-33.0	9.0	-7.0	0.0	-5.0	51.92
19	4.0	-2.0	69.0	23.0	-1.0	-28.0	9.0	-20.0	53.27
20	-49.0	74.0	-19.0	56.0	4.0	-15.0	102.0	-40.0	57.89
21	92.0	-115.0	-35.0	39.0	-16.0	10.0	-6.0	32.0	60.89
22	-3.0	8.0	-2.0	-10.0	-7.0	-1.0	106.0	4.0	52.13
23	46.0	-15.0	7.0	88.0	-2.0	-5.0	-6.0	-2.0	55.13
24	-18.0	49.0	-39.0	-115.0	-1.0	15.0	-25.0	-19.0	55.13
25	-56.0	114.0	20.0	15.0	2.0	-6.0	-91.0	39.0	59.46
26	-41.0	-53.0	-41.0	-9.0	0.0	13.0	24.0	1.0	51.93
27	74.0	31.0	-52.0	31.0	0.0	-34.0	5.0	-1.0	52.09
28	38.0	-64.0	119.0	8.0	27.0	-24.0	-10.0	4.0	52.05
29	-1.0	14.0	15.0	-105.0	0.0	33.0	-22.0	-18.0	51.85
30	-12.0	18.0	24.0	23.0	14.0	18.0	-23.0	32.0	52.05
31	113.0	-19.0	11.0	-50.0	-3.0	9.0	-23.0	16.0	52.29
32	-2.0	30.0	24.0	-22.0	-1.0	-18.0	10.0	-17.0	53.27
33	-98.0	-10.0	37.0	-47.0	5.0	7.0	-27.0	-10.0	62.27
34	90.0	24.0	105.0	78.0	0.0	-25.0	58.0	6.0	65.25
35	-67.0	115.0	-74.0	118.0	-8.0	0.0	-21.0	-10.0	72.19
36	45.0	-4.0	25.0	122.0	2.0	-20.0	2.0	21.0	69.95
37	1.0	-104.0	-36.0	-9.0	2.0	18.0	3.0	1.0	59.46
38	-8.0	76.0	10.0	24.0	1.0	7.0	86.0	39.0	64.4
39	-22.0	-12.0	6.0	-25.0	9.0	-17.0	96.0	38.0	75.99
40	84.0	52.0	-4.0	41.0	-4.0	-1.0	-15.0	2.0	79.21
41	80.0	11.0	-3.0	-46.0	-8.0	36.0	31.0	-8.0	71.24
42	23.0	19.0	-37.0	-74.0	4.0	26.0	-11.0	27.0	80.51
43	-99.0	12.0	21.0	25.0	39.0	1.0	6.0	-32.0	79.21
44	61.0	-26.0	-65.0	-10.0	-10.0	17.0	-10.0	8.0	87.81
45	62.0	40.0	24.0	4.0	11.0	5.0	36.0	-10.0	90.78
46	30.0	52.0	45.0	-6.0	-28.0	3.0	9.0	13.0	87.91
47	51.0	3.0	84.0	-22.0	0.0	18.0	13.0	2.0	85.09
48	18.0	-3.0	-21.0	5.0	27.0	13.0	-53.0	1.0	90.68
49	-8.0	91.0	9.0	-4.0	-36.0	6.0	-32.0	2.0	89.43
50	-92.0	-82.0	-75.0	56.0	-3.0	-1.0	-52.0	-8.0	95.97
51	-27.0	-56.0	60.0	16.0	-4.0	-16.0	20.0	-1.0	125.43
52	-60.0	-27.0	4.0	122.0	-3.0	-9.0	58.0	19.0	114.1
53	75.0	65.0	15.0	-35.0	12.0	-10.0	-72.0	20.0	101.66
54	32.0	-46.0	-37.0	55.0	-8.0	4.0	-64.0	-3.0	112.28
55	-75.0	-39.0	74.0	24.0	3.0	-16.0	-4.0	-6.0	118.96
56	62.0	46.0	-24.0	9.0	5.0	-6.0	-15.0	-22.0	105.33
57	17.0	-25.0	-47.0	-44.0	24.0	0.0	16.0	-24.0	100.86
58	78.0	-17.0	-30.0	75.0	1.0	7.0	-5.0	28.0	103.66
59	-6.0	-105.0	-123.0	-110.0	5.0	-7.0	-7.0	-29.0	102.42
60	12.0	43.0	-33.0	-15.0	-9.0	6.0	3.0	12.0	111.93
61	80.0	-10.0	-47.0	-56.0	-14.0	8.0	10.0	-38.0	102.42
62	19.0	-38.0	-39.0	-76.0	-18.0	3.0	-11.0	4.0	125.43
63	-101.0	-43.0	34.0	44.0	-5.0	-1.0	-15.0	-21.0	112.28
64	30.0	25.0	-10.0	13.0	4.0	-44.0	-1.0	-9.0	111.93
65	15.0	82.0	9.0	-2.0	21.0	-14.0	-2.0	44.0	108.62
66	12.0	-26.0	6.0	65.0	-9.0	-8.0	-29.0	12.0	124.95
67	-73.0	-31.0	-115.0	-80.0	-11.0	-15.0	27.0	26.0	125.63
68	50.0	43.0	35.0	-123.0	-2.0	3.0	17.0	-2.0	125.37
69	-39.0	-104.0	119.0	79.0	5.0	1.0	-1.0	-28.0	100.86
70	110.0	-10.0	3.0	-25.0	-5.0	-34.0	-6.0	-7.0	117.15
71	-1.0	39.0	-92.0	75.0	-16.0	-1.0	-43.0	5.0	122.65
72	-13.0	-95.0	-74.0	-6.0	3.0	-15.0	1.0	-17.0	118.93
73	-53.0	23.0	23.0	6.0	11.0	-15.0	1.0	-2.0	108.96
74	-40.0	112.0	4.0	13.0	-6.0	1.0	6.0	-3.0	123.75
75	-52.0	50.0	-72.0	-67.0	-3.0	4.0	37.0	-16.0	125.75
76	87.0	11.0	16.0	-11.0	9.0	15.0	-123.0	-3.0	125.54
77	-65.0	75.0	-36.0	88.0	8.0	16.0	-3.0	3.0	125.55
