0	-8.0	-68.0	-3.0	65.0	-5.0	13.0	-6.0	-8.0	51.85
1	-73.0	-19.0	74.0	-9.0	0.0	-14.0	2.0	13.0	50.84
2	110.0	-4.0	40.0	-25.0	-1.0	-6.0	102.0	1.0	51.5
3	-2.0	3.0	-36.0	-15.0	9.0	3.0	-6.0	-10.0	50.84
4	30.0	-67.0	-48.0	-60.0	27.0	18.0	-27.0	-28.0	52.05
5	50.0	-39.0	-75.0	5.0	-6.0	5.0	24.0	26.0	51.92
6	-40.0	-26.0	-24.0	-74.0	-2.0	34.0	27.0	-1.0	51.93
7	-49.0	75.0	-21.0	-56.0	-36.0	-34.0	109.0	8.0	52.15
8	78.0	-64.0	20.0	122.0	39.0	-4.0	-15.0	-7.0	52.09
9	-92.0	-115.0	-47.0	44.0	-9.0	0.0	31.0	-3.0	52.59
10	-41.0	46.0	-2.0	23.0	-11.0	36.0	-3.0	-22.0	56.23
11	-67.0	23.0	6.0	4.0	-8.0	21.0	-15.0	17.0	53.27
12	84.0	18.0	32.0	-22.0	-5.0	-7.0	1.0	-32.0	52.29
13	107.0	49.0	-52.0	26.0	5.0	25.0	54.0	32.0	52.13
14	-88.0	-25.0	34.0	75.0	2.0	-1.0	-23.0	12.0	51.92
15	4.0	-2.0	-37.0	-35.0	27.0	-6.0	5.0	27.0	53.27
16	15.0	12.0	21.0	-2.0	1.0	-16.0	-25.0	-8.0	55.13
17	-75.0	65.0	-10.0	9.0	21.0	-15.0	-53.0	-29.0	59.46
18	113.0	-53.0	-19.0	75.0	11.0	6.0	3.0	-10.0	62.27
19	-60.0	-26.0	82.0	23.0	-6.0	7.0	24.0	12.0	59.46
20	12.0	64.0	-5.0	-50.0	-8.0	-1.0	-123.0	-20.0	69.95
21	47.0	69.0	-115.0	-26.0	5.0	-6.0	-43.0	4.0	75.99
22	92.0	98.0	-123.0	-33.0	27.0	3.0	37.0	5.0	64.4
23	-65.0	-82.0	45.0	8.0	11.0	-24.0	-11.0	10.0	71.24
24	-75.0	14.0	-41.0	-67.0	-3.0	13.0	-82.0	-1.0	79.21
25	45.0	40.0	-39.0	118.0	1.0	-1.0	86.0	24.0	72.19
26	30.0	-46.0	60.0	0.0	-14.0	-34.0	36.0	-3.0	87.81
27	-3.0	-19.0	-35.0	68.0	7.0	-27.0	107.0	39.0	102.42
28	38.0	-15.0	25.0	-76.0	3.0	-15.0	10.0	21.0	102.42
29	1.0	39.0	47.0	5.0	-9.0	-10.0	-91.0	1.0	108.96
30	-40.0	-10.0	11.0	-19.0	-9.0	-9.0	20.0	6.0	112.28
31	80.0	76.0	-47.0	44.0	-6.0	9.0	28.0	5.0	105.33
32	-10.0	74.0	-50.0	24.0	-4.0	-7.0	-2.0	4.0	101.66
33	80.0	43.0	-74.0	25.0	9.0	4.0	6.0	2.0	114.1
34	-101.0	30.0	3.0	56.0	-18.0	8.0	-5.0	-36.0	111.93
35	3.0	31.0	-74.0	-47.0	-4.0	6.0	-22.0	10.0	125.55
36	-27.0	-34.0	4.0	-25.0	12.0	10.0	-52.0	-2.0	125.37
37	-12.0	-43.0	35.0	6.0	-3.0	15.0	-29.0	19.0	125.54
38	-98.0	-104.0	-12.0	15.0	0.0	7.0	58.0	-24.0	125.63
39	-52.0	73.0	13.0	-123.0	-5.0	16.0	-32.0	-19.0	118.96
40	23.0	-10.0	24.0	0.0	-1.0	-20.0	6.0	20.0	124.95
41	62.0	-105.0	9.0	-115.0	9.0	18.0	-12.0	12.0	125.43
42	18.0	-14.0	-33.0	-80.0	4.0	59.0	-6.0	4.0	108.62
43	28.0	19.0	16.0	24.0	-3.0	-1.0	-10.0	-3.0	103.66
44	90.0	40.0	105.0	88.0	1.0	-15.0	10.0	-6.0	112.28
45	51.0	-38.0	62.0	-44.0	6.0	-5.0	0.0	2.0	125.54
46	-9.0	114.0	-36.0	16.0	-28.0	18.0	3.0	2.0	111.93
47	-66.0	-31.0	69.0	39.0	14.0	-1.0	1.0	-40.0	125.43
48	24.0	-40.0	24.0	-60.0	2.0	-10.0	-64.0	38.0	125.75
49	-71.0	91.0	-39.0	13.0	9.0	-1.0	-15.0	-17.0	117.15
50	19.0	-17.0	-37.0	-6.0	2.0	58.0	-1.0	1.0	123.75
51	17.0	25.0	23.0	55.0	-10.0	12.0	17.0	39.0	118.93
52	32.0	41.0	37.0	2.0	2.0	-4.0	-87.0	16.0	122.65
53	-86.0	24.0	7.0	-127.0	15.0	-15.0	-10.0	-9.0	87.91
54	-56.0	-35.0	10.0	56.0	3.0	16.0	13.0	-3.0	95.97
55	61.0	8.0	-3.0	-46.0	-8.0	26.0	-4.0	-2.0	100.86
56	-1.0	52.0	15.0	-110.0	4.0	15.0	9.0	25.0	95.97
57	67.0	49.0	-30.0	88.0	-12.0	1.0	-72.0	-2.0	90.68
58	65.0	-12.0	28.0	41.0	-1.0	1.0	-1.0	-17.0	87.81
59	-34.0	52.0	-65.0	-18.0	-7.0	-16.0	-21.0	-10.0	91.12
60	-31.0	-38.0	59.0	27.0	-3.0	-17.0	9.0	-16.0	89.43
61	74.0	115.0	119.0	-10.0	5.0	-18.0	4.0	-38.0	83.05
62	75.0	112.0	85.0	-10.0	-2.0	-44.0	-7.0	12.0	100.86
63	-99.0	-104.0	24.0	-105.0	0.0	17.0	106.0	-24.0	90.78
64	-39.0	43.0	-65.0	-11.0	4.0	18.0	11.0	44.0	80.51
65	-18.0	11.0	15.0	13.0	0.0	-25.0	-11.0	19.0	72.19
66	-8.0	-95.0	9.0	-68.0	24.0	-28.0	-12.0	-2.0	85.09
67	46.0	37.0	119.0	-50.0	5.0	-8.0	15.0	-18.0	85.05
68	12.0	-27.0	4.0	31.0	-2.0	3.0	96.0	-18.0	60.89
69	62.0	11.0	-4.0	-9.0	-1.0	33.0	-23.0	32.0	62.01
70	58.0	82.0	-92.0	8.0	-16.0	0.0	16.0	-6.0	64.4
71	-22.0	-56.0	6.0	-76.0	-1.0	26.0	-27.0	-21.0	79.21
72	-53.0	53.0	-53.0	79.0	8.0	7.0	-10.0	-5.0	65.25
73	-6.0	-10.0	-72.0	-4.0	-4.0	4.0	58.0	-25.0	57.89
74	87.0	-3.0	4.0	122.0	0.0	-19.0	14.0	3.0	55.13
75	-19.0	74.0	84.0	-22.0	-16.0	-5.0	-128.0	-25.0	55.49
76	-13.0	15.0	-98.0	-6.0	-10.0	-19.0	-15.0	28.0	52.05
77	-1.0	50.0	67.0	78.0	-9.0	1.0	-4.0	-10.0	51.84
