0	40.0	-53.0	27.0	-114.0	-1.0	0.0	19.0	51.0	106.14
1	-48.0	-59.0	111.0	75.0	-7.0	9.0	-8.0	-20.0	100.7
2	-16.0	-4.0	65.0	-29.0	19.0	-11.0	-59.0	84.0	103.89
3	4.0	-108.0	116.0	111.0	-84.0	-31.0	56.0	-25.0	97.55
4	67.0	-34.0	-14.0	-50.0	-29.0	-8.0	-65.0	96.0	96.49
5	0.0	-65.0	40.0	-80.0	21.0	-4.0	31.0	15.0	92.65
6	64.0	-68.0	-19.0	61.0	-36.0	-22.0	69.0	-114.0	86.67
7	58.0	127.0	-20.0	25.0	126.0	-19.0	-19.0	54.0	78.81
8	127.0	28.0	3.0	-19.0	-10.0	-15.0	70.0	-41.0	87.59
9	-100.0	-81.0	84.0	27.0	-16.0	-19.0	-22.0	-91.0	89.92
10	-14.0	-112.0	-99.0	106.0	-12.0	11.0	-13.0	-100.0	95.79
11	-128.0	97.0	-71.0	-21.0	18.0	-4.0	46.0	70.0	99.29
12	127.0	-77.0	-9.0	51.0	-20.0	-36.0	-10.0	18.0	94.19
13	-37.0	87.0	127.0	86.0	4.0	-6.0	26.0	21.0	106.76
14	-103.0	127.0	-2.0	-128.0	31.0	-5.0	92.0	-35.0	107.03
15	-46.0	-39.0	52.0	-48.0	-37.0	-3.0	-17.0	37.0	105.52
16	0.0	120.0	-128.0	47.0	-1.0	18.0	95.0	-3.0	106.76
17	98.0	-45.0	7.0	-20.0	-19.0	19.0	-24.0	-121.0	106.43
18	30.0	-115.0	16.0	10.0	14.0	16.0	8.0	6.0	104.23
19	-7.0	-48.0	-15.0	-128.0	11.0	7.0	-100.0	-6.0	102.3
20	11.0	127.0	53.0	-53.0	-16.0	10.0	-40.0	37.0	94.19
21	35.0	-42.0	73.0	-78.0	-12.0	-5.0	-65.0	1.0	76.93
22	-49.0	-48.0	-60.0	-88.0	5.0	4.0	84.0	16.0	85.1
23	50.0	37.0	11.0	103.0	14.0	16.0	-32.0	27.0	65.29
24	67.0	116.0	-69.0	3.0	-13.0	-33.0	-14.0	9.0	64.12
25	34.0	81.0	-29.0	-114.0	-5.0	1.0	33.0	-11.0	59.18
26	90.0	23.0	1.0	-12.0	-27.0	11.0	28.0	-1.0	62.46
27	92.0	-27.0	11.0	8.0	-43.0	-29.0	3.0	-56.0	53.64
28	-67.0	-128.0	30.0	-13.0	51.0	-23.0	-10.0	-90.0	58.71
29	-60.0	68.0	-113.0	31.0	13.0	-21.0	-33.0	-33.0	59.0
30	-18.0	-34.0	116.0	18.0	17.0	-23.0	28.0	-7.0	52.77
31	44.0	9.0	-11.0	-13.0	-3.0	10.0	56.0	-30.0	41.64
32	-128.0	-50.0	-44.0	-54.0	-16.0	10.0	-47.0	109.0	40.28
33	36.0	127.0	16.0	68.0	-25.0	6.0	37.0	-47.0	39.27
34	53.0	53.0	-21.0	-4.0	31.0	20.0	9.0	-85.0	49.16
35	60.0	127.0	8.0	-11.0	-22.0	-8.0	39.0	56.0	58.24
36	44.0	-59.0	-48.0	-19.0	19.0	-36.0	39.0	-24.0	46.39
37	-66.0	-114.0	-7.0	32.0	22.0	4.0	5.0	61.0	35.97
38	66.0	36.0	-36.0	-35.0	5.0	-4.0	-48.0	-39.0	40.28
39	46.0	-116.0	-74.0	127.0	-4.0	35.0	62.0	-4.0	46.83
40	-44.0	-107.0	36.0	-128.0	32.0	18.0	-79.0	-24.0	35.86
41	-85.0	43.0	-9.0	13.0	-56.0	48.0	92.0	102.0	35.86
42	-45.0	-37.0	-45.0	50.0	-15.0	-2.0	-45.0	-9.0	46.83
43	49.0	89.0	43.0	-9.0	-1.0	-40.0	-5.0	-2.0	56.21
44	-3.0	-2.0	36.0	-11.0	33.0	-7.0	49.0	-71.0	60.38
45	-107.0	70.0	20.0	-43.0	47.0	-13.0	-14.0	75.0	63.46
46	-52.0	84.0	6.0	-59.0	52.0	-6.0	-51.0	-2.0	59.18
47	-24.0	33.0	4.0	16.0	15.0	90.0	-12.0	-33.0	63.46
48	30.0	-81.0	-51.0	22.0	-26.0	13.0	-18.0	-13.0	64.58
49	-128.0	5.0	21.0	73.0	-118.0	-21.0	-41.0	29.0	60.42
50	120.0	58.0	-35.0	-22.0	66.0	20.0	82.0	12.0	52.77
51	47.0	56.0	107.0	107.0	-10.0	10.0	9.0	26.0	58.42
52	54.0	93.0	85.0	63.0	-37.0	5.0	36.0	-11.0	57.31
53	-61.0	71.0	107.0	-65.0	-21.0	4.0	10.0	-39.0	53.64
54	47.0	34.0	-7.0	-7.0	-1.0	-24.0	20.0	-16.0	50.53
55	-106.0	101.0	54.0	-110.0	-7.0	2.0	-20.0	-45.0	58.42
56	12.0	59.0	-104.0	93.0	-57.0	3.0	-117.0	-34.0	60.38
57	-12.0	111.0	-18.0	31.0	9.0	11.0	61.0	-79.0	62.77
58	-17.0	-80.0	26.0	19.0	28.0	-9.0	4.0	73.0	64.12
59	31.0	-2.0	-50.0	-56.0	16.0	49.0	-6.0	5.0	64.58
60	-24.0	85.0	-54.0	-57.0	14.0	-14.0	-2.0	-10.0	65.29
61	127.0	48.0	2.0	18.0	29.0	-27.0	98.0	20.0	65.6
62	-87.0	-83.0	11.0	66.0	-42.0	4.0	7.0	9.0	76.93
63	-49.0	127.0	40.0	8.0	3.0	7.0	25.0	-30.0	66.27
64	61.0	-42.0	0.0	4.0	8.0	12.0	-19.0	6.0	72.89
65	1.0	39.0	-10.0	-20.0	-12.0	6.0	-87.0	-56.0	67.69
66	-87.0	-62.0	5.0	77.0	-16.0	0.0	-45.0	-28.0	67.69
67	59.0	74.0	-3.0	7.0	6.0	-23.0	5.0	8.0	72.89
68	-66.0	82.0	-18.0	-64.0	-23.0	6.0	-13.0	-4.0	70.11
69	8.0	91.0	-9.0	-128.0	9.0	-27.0	-2.0	0.0	71.58
70	28.0	86.0	5.0	-6.0	10.0	31.0	-43.0	38.0	74.88
71	81.0	-25.0	7.0	-102.0	24.0	-18.0	59.0	23.0	85.1
72	41.0	17.0	17.0	73.0	-6.0	21.0	-44.0	40.0	77.49
73	127.0	43.0	108.0	47.0	-1.0	-14.0	-51.0	-22.0	85.7
74	41.0	16.0	0.0	-24.0	9.0	11.0	4.0	-30.0	77.49
75	-59.0	-128.0	71.0	-84.0	3.0	0.0	33.0	79.0	91.28
76	-6.0	17.0	11.0	71.0	7.0	3.0	-9.0	-23.0	97.55
77	-90.0	21.0	25.0	-3.0	28.0	-12.0	-16.0	74.0	89.92
78	-20.0	-34.0	-15.0	-38.0	6.0	5.0	-53.0	9.0	95.79
79	1.0	-39.0	35.0	-11.0	48.0	10.0	-32.0	-82.0	102.3
80	-87.0	95.0	-76.0	-34.0	-22.0	4.0	1.0	5.0	107.03
81	72.0	16.0	79.0	-1.0	-15.0	14.0	127.0	-22.0	105.52
82	3.0	-121.0	26.0	6.0	-12.0	8.0	-35.0	12.0	104.52
83	-8.0	68.0	-128.0	-82.0	-15.0	15.0	9.0	-59.0	106.58
84	-90.0	100.0	-30.0	-44.0	4.0	-2.0	69.0	-18.0	101.71
85	40.0	-128.0	42.0	26.0	-6.0	-4.0	-120.0	-72.0	85.7
86	-90.0	-28.0	-84.0	-36.0	-29.0	11.0	-34.0	36.0	104.23
