0	84.0	-24.0	3.0	-128.0	53.0	28.0	-43.0	-31.0	52.39
1	44.0	50.0	43.0	-113.0	-13.0	-25.0	7.0	-2.0	44.63
2	-2.0	26.0	111.0	-1.0	-1.0	0.0	-22.0	-36.0	54.19
3	-35.0	76.0	-128.0	26.0	-7.0	15.0	-15.0	-18.0	40.37
4	-54.0	-57.0	127.0	53.0	-54.0	8.0	-6.0	-21.0	40.67
5	12.0	-23.0	79.0	-36.0	-1.0	-24.0	13.0	6.0	40.44
6	-97.0	-40.0	70.0	32.0	-25.0	-6.0	27.0	10.0	40.92
7	-40.0	48.0	-61.0	-33.0	-16.0	-4.0	75.0	16.0	40.37
8	78.0	-35.0	72.0	45.0	-9.0	10.0	-25.0	-1.0	44.63
9	-20.0	-66.0	-20.0	22.0	-4.0	-7.0	28.0	-14.0	49.52
10	-128.0	23.0	-57.0	-1.0	13.0	11.0	18.0	10.0	40.92
11	20.0	-73.0	-127.0	75.0	-16.0	-14.0	-27.0	-20.0	50.0
12	-35.0	-68.0	-78.0	0.0	22.0	5.0	34.0	10.0	41.67
13	75.0	-68.0	24.0	-26.0	-18.0	-10.0	40.0	-13.0	50.0
14	57.0	-101.0	57.0	-47.0	21.0	-11.0	-12.0	-13.0	51.28
15	127.0	127.0	36.0	-1.0	-16.0	-5.0	-10.0	-26.0	51.09
16	-9.0	-105.0	-23.0	-83.0	12.0	-7.0	14.0	51.0	59.73
17	-57.0	110.0	127.0	90.0	26.0	4.0	-13.0	13.0	61.58
18	-15.0	-37.0	83.0	-23.0	40.0	-21.0	49.0	-18.0	55.86
19	14.0	79.0	-14.0	-28.0	-5.0	33.0	-10.0	6.0	63.47
20	3.0	-103.0	52.0	86.0	72.0	-18.0	113.0	-54.0	61.84
21	-73.0	-128.0	-47.0	-95.0	26.0	-17.0	-37.0	90.0	62.56
22	116.0	-116.0	-128.0	-9.0	-2.0	-6.0	-25.0	6.0	63.21
23	89.0	35.0	8.0	-42.0	13.0	6.0	-18.0	-30.0	60.49
24	2.0	-75.0	-39.0	18.0	100.0	11.0	16.0	13.0	57.57
25	66.0	127.0	-53.0	101.0	56.0	4.0	8.0	-10.0	51.09
26	-97.0	-95.0	127.0	-56.0	-4.0	-14.0	52.0	27.0	57.57
27	-52.0	110.0	-7.0	0.0	13.0	56.0	-29.0	15.0	59.12
28	-100.0	-41.0	-28.0	51.0	-7.0	-9.0	2.0	2.0	57.92
29	-71.0	-86.0	82.0	-109.0	-73.0	18.0	5.0	-18.0	64.2
30	12.0	-28.0	-93.0	-40.0	5.0	0.0	-80.0	-16.0	63.47
31	52.0	109.0	8.0	-28.0	-18.0	4.0	13.0	-4.0	63.21
32	-1.0	-118.0	-8.0	-57.0	126.0	7.0	-9.0	3.0	61.58
33	-8.0	123.0	-46.0	-57.0	44.0	-19.0	2.0	-28.0	66.31
34	20.0	-88.0	36.0	72.0	5.0	-4.0	51.0	-2.0	69.2
35	38.0	0.0	40.0	-32.0	-12.0	35.0	4.0	10.0	69.51
36	127.0	34.0	-36.0	69.0	-7.0	-12.0	-95.0	0.0	68.26
37	-49.0	-96.0	37.0	32.0	0.0	-11.0	-4.0	18.0	69.51
38	-32.0	-17.0	5.0	-82.0	-10.0	5.0	-44.0	42.0	77.84
39	-84.0	-87.0	50.0	-55.0	10.0	-5.0	19.0	-38.0	79.0
40	-36.0	12.0	-89.0	-3.0	-25.0	39.0	-116.0	8.0	73.89
41	-114.0	89.0	51.0	-59.0	16.0	1.0	-22.0	-13.0	75.2
42	33.0	76.0	50.0	56.0	-18.0	25.0	15.0	-44.0	84.72
43	3.0	37.0	75.0	-30.0	1.0	-19.0	17.0	-18.0	84.19
44	-78.0	111.0	-27.0	85.0	-2.0	127.0	-13.0	-36.0	93.07
45	63.0	-85.0	-12.0	-6.0	-8.0	14.0	-110.0	-30.0	93.07
46	43.0	111.0	-9.0	26.0	-41.0	1.0	56.0	16.0	94.08
47	-37.0	35.0	-19.0	-41.0	-4.0	-1.0	-37.0	5.0	94.15
48	-36.0	-107.0	48.0	-81.0	3.0	-7.0	-15.0	4.0	94.09
49	17.0	95.0	-47.0	70.0	45.0	3.0	4.0	-25.0	94.09
50	-106.0	-45.0	-43.0	51.0	-8.0	-5.0	6.0	13.0	94.0
51	-111.0	93.0	11.0	28.0	-13.0	9.0	22.0	-38.0	94.0
52	103.0	31.0	10.0	54.0	24.0	13.0	-17.0	-3.0	93.79
53	-128.0	-63.0	7.0	-7.0	-23.0	25.0	-6.0	33.0	91.71
54	21.0	-112.0	-90.0	4.0	10.0	-3.0	103.0	6.0	86.69
55	-46.0	32.0	-99.0	12.0	-23.0	0.0	-26.0	-10.0	85.4
56	-80.0	-48.0	-16.0	76.0	10.0	3.0	-14.0	-19.0	81.17
57	12.0	51.0	66.0	-49.0	-9.0	-3.0	-29.0	79.0	85.38
58	40.0	68.0	45.0	-11.0	3.0	-21.0	23.0	-7.0	89.94
59	-46.0	-114.0	43.0	-81.0	-9.0	1.0	-8.0	-58.0	76.36
60	127.0	52.0	31.0	109.0	-10.0	-5.0	-6.0	-11.0	85.41
61	-102.0	-110.0	-128.0	24.0	27.0	-3.0	-21.0	-36.0	91.21
62	101.0	77.0	2.0	2.0	-43.0	-10.0	-8.0	-1.0	80.58
63	-87.0	-106.0	-17.0	42.0	82.0	-30.0	17.0	-5.0	85.38
64	42.0	-71.0	47.0	-6.0	-2.0	15.0	-27.0	36.0	75.2
65	31.0	-110.0	37.0	67.0	3.0	-27.0	-20.0	4.0	86.08
66	-62.0	-92.0	-71.0	-43.0	-20.0	-11.0	-13.0	-19.0	82.63
67	-112.0	121.0	37.0	127.0	-36.0	-39.0	-48.0	-19.0	86.69
68	-25.0	70.0	30.0	-54.0	25.0	-6.0	15.0	6.0	88.97
69	-128.0	87.0	-32.0	-33.0	12.0	0.0	-14.0	5.0	86.08
70	-43.0	-115.0	-65.0	73.0	-23.0	-16.0	-9.0	4.0	92.76
71	110.0	42.0	-65.0	25.0	4.0	1.0	-2.0	10.0	92.76
72	19.0	48.0	-77.0	-27.0	-13.0	-21.0	9.0	-25.0	89.94
73	-10.0	-120.0	-1.0	-16.0	61.0	-18.0	-56.0	-10.0	82.01
74	16.0	68.0	21.0	9.0	25.0	-30.0	27.0	-19.0	76.36
75	-58.0	94.0	56.0	-90.0	-16.0	-2.0	-44.0	-30.0	77.32
76	-18.0	85.0	-126.0	54.0	-2.0	4.0	8.0	67.0	80.58
77	-100.0	-126.0	109.0	-26.0	1.0	-31.0	1.0	-23.0	84.72
78	13.0	45.0	9.0	6.0	-49.0	22.0	-20.0	-3.0	73.89
79	16.0	51.0	25.0	-70.0	1.0	-24.0	19.0	-3.0	67.18
80	-6.0	-111.0	26.0	-49.0	15.0	13.0	-41.0	-8.0	66.31
81	35.0	-9.0	-128.0	-28.0	-11.0	-13.0	-44.0	-15.0	65.96
82	-77.0	40.0	-65.0	37.0	-12.0	4.0	11.0	-5.0	65.96
83	63.0	97.0	80.0	-43.0	-44.0	13.0	-25.0	-3.0	64.51
84	18.0	68.0	-63.0	-13.0	13.0	-10.0	95.0	-51.0	63.6
85	-128.0	-74.0	-14.0	45.0	-21.0	9.0	-34.0	7.0	64.2
86	85.0	-12.0	31.0	75.0	-18.0	-8.0	-11.0	26.0	60.49
87	53.0	-81.0	-50.0	-53.0	-18.0	-20.0	-3.0	20.0	65.11
88	18.0	-2.0	-128.0	53.0	-25.0	-8.0	-22.0	-56.0	54.19
