0	91.0	127.0	-20.0	58.0	-26.0	-27.0	-22.0	17.0	118.12
1	-128.0	-7.0	50.0	-21.0	-5.0	-7.0	-38.0	78.0	117.12
2	-44.0	-126.0	0.0	-76.0	40.0	-8.0	-14.0	22.0	118.73
3	21.0	80.0	-78.0	-32.0	-21.0	8.0	39.0	-62.0	118.34
4	-127.0	33.0	-12.0	-43.0	-39.0	30.0	3.0	111.0	118.05
5	90.0	-117.0	-17.0	32.0	-37.0	42.0	25.0	42.0	116.32
6	127.0	-16.0	49.0	-50.0	-14.0	-41.0	-58.0	-13.0	118.73
7	-113.0	64.0	-51.0	41.0	0.0	-9.0	13.0	11.0	118.34
8	-58.0	-60.0	76.0	36.0	-8.0	-26.0	10.0	-1.0	118.84
9	-42.0	-95.0	-22.0	127.0	36.0	18.0	37.0	38.0	118.87
10	3.0	-105.0	22.0	-128.0	-43.0	-41.0	4.0	-35.0	116.32
11	29.0	96.0	26.0	-1.0	-33.0	33.0	50.0	-6.0	115.96
12	-6.0	-125.0	-53.0	-6.0	-68.0	-44.0	-59.0	19.0	117.12
13	-2.0	116.0	-13.0	-120.0	-3.0	4.0	38.0	11.0	113.65
14	-9.0	-2.0	-86.0	-34.0	-12.0	-19.0	11.0	-2.0	111.95
15	-65.0	-87.0	-26.0	118.0	37.0	-12.0	127.0	31.0	113.95
16	-89.0	120.0	-39.0	11.0	3.0	-30.0	-48.0	-21.0	111.35
17	-40.0	0.0	8.0	-35.0	-10.0	23.0	-8.0	-12.0	106.14
18	108.0	127.0	45.0	-63.0	-71.0	15.0	28.0	18.0	104.74
19	104.0	-109.0	11.0	-39.0	-43.0	22.0	-41.0	34.0	104.74
20	-29.0	-16.0	10.0	-128.0	13.0	51.0	-24.0	17.0	99.24
21	-116.0	-110.0	-47.0	31.0	26.0	-110.0	31.0	-9.0	103.77
22	78.0	-114.0	86.0	-11.0	34.0	31.0	115.0	66.0	100.51
23	42.0	41.0	111.0	46.0	29.0	-30.0	104.0	-25.0	96.91
24	-108.0	101.0	63.0	-14.0	-44.0	-35.0	-42.0	-8.0	103.77
25	99.0	-65.0	-35.0	47.0	-13.0	33.0	14.0	3.0	102.19
26	7.0	99.0	-2.0	-40.0	-16.0	-29.0	41.0	-64.0	99.72
27	75.0	9.0	-40.0	-63.0	33.0	-2.0	-50.0	-16.0	103.18
28	36.0	63.0	14.0	69.0	-33.0	21.0	24.0	79.0	98.88
29	96.0	75.0	22.0	-50.0	99.0	-41.0	-38.0	-19.0	95.7
30	126.0	-79.0	95.0	43.0	8.0	-17.0	-68.0	-11.0	96.91
31	34.0	-20.0	43.0	-4.0	-6.0	25.0	-61.0	-14.0	77.95
32	-26.0	-2.0	3.0	-104.0	-20.0	-3.0	-65.0	38.0	68.12
33	72.0	-83.0	21.0	16.0	4.0	2.0	-48.0	33.0	63.45
34	-128.0	73.0	16.0	-31.0	22.0	-14.0	58.0	0.0	63.45
35	6.0	127.0	60.0	123.0	36.0	25.0	-35.0	-11.0	61.82
36	-32.0	-3.0	-92.0	-41.0	-22.0	81.0	-11.0	-15.0	61.24
37	-24.0	72.0	-38.0	26.0	-26.0	4.0	-53.0	-39.0	57.92
38	-17.0	-72.0	-62.0	79.0	11.0	5.0	26.0	21.0	59.61
39	121.0	127.0	17.0	-54.0	-45.0	-49.0	-93.0	33.0	57.92
40	-83.0	119.0	-128.0	-99.0	-31.0	-59.0	-21.0	-71.0	57.03
41	-118.0	-36.0	-66.0	-16.0	-17.0	-5.0	6.0	25.0	57.03
42	73.0	-26.0	36.0	17.0	82.0	4.0	24.0	76.0	58.51
43	-119.0	-42.0	14.0	-19.0	3.0	31.0	25.0	-61.0	57.5
44	36.0	106.0	-42.0	-53.0	-84.0	-22.0	-1.0	81.0	59.24
45	108.0	62.0	-20.0	15.0	10.0	-92.0	2.0	-42.0	61.65
46	62.0	-128.0	72.0	20.0	41.0	27.0	11.0	27.0	61.82
47	-70.0	105.0	-85.0	-11.0	12.0	16.0	99.0	-68.0	62.5
48	86.0	-38.0	-61.0	10.0	45.0	6.0	33.0	15.0	61.25
49	97.0	91.0	-117.0	-39.0	-22.0	-4.0	-72.0	-50.0	61.24
50	-53.0	110.0	-113.0	-77.0	51.0	-50.0	8.0	66.0	62.68
51	86.0	-60.0	-9.0	-46.0	-31.0	39.0	-37.0	-54.0	62.5
52	53.0	127.0	14.0	14.0	-27.0	-25.0	23.0	-80.0	63.09
53	80.0	92.0	79.0	-96.0	15.0	-121.0	-3.0	34.0	63.09
54	127.0	-80.0	-17.0	86.0	-17.0	-12.0	-19.0	55.0	63.65
55	28.0	-42.0	-4.0	23.0	22.0	97.0	-18.0	23.0	77.95
56	-76.0	84.0	-64.0	-20.0	-3.0	-27.0	-10.0	-44.0	70.4
57	14.0	109.0	-72.0	-110.0	40.0	-82.0	36.0	-23.0	66.25
58	-125.0	-23.0	-51.0	109.0	-48.0	-62.0	-11.0	-48.0	70.4
59	127.0	71.0	10.0	-22.0	-56.0	19.0	53.0	-20.0	95.7
60	-51.0	107.0	-10.0	-68.0	12.0	16.0	-52.0	-39.0	96.87
61	-45.0	-78.0	-23.0	72.0	12.0	38.0	51.0	28.0	94.38
62	122.0	-60.0	19.0	-10.0	5.0	-22.0	-17.0	18.0	70.84
63	-109.0	69.0	57.0	-63.0	-1.0	76.0	3.0	29.0	94.66
64	-40.0	40.0	-36.0	-36.0	31.0	-32.0	3.0	-50.0	70.36
65	38.0	43.0	4.0	80.0	12.0	-31.0	0.0	29.0	65.35
66	-40.0	-39.0	-4.0	49.0	-7.0	-10.0	68.0	4.0	68.12
67	127.0	-59.0	4.0	104.0	-13.0	-12.0	126.0	41.0	70.88
68	-84.0	-45.0	51.0	68.0	-44.0	38.0	33.0	-23.0	63.54
69	50.0	-128.0	99.0	41.0	16.0	25.0	1.0	-13.0	63.65
70	127.0	127.0	-55.0	41.0	-7.0	-18.0	-48.0	22.0	66.25
71	-9.0	127.0	-51.0	-58.0	77.0	-51.0	-15.0	-55.0	96.87
72	127.0	127.0	127.0	48.0	52.0	-48.0	-96.0	22.0	100.51
73	-16.0	8.0	25.0	-21.0	10.0	7.0	21.0	-15.0	87.34
74	-26.0	40.0	39.0	-21.0	-24.0	55.0	2.0	4.0	97.75
75	-2.0	127.0	14.0	3.0	3.0	56.0	64.0	-24.0	104.33
76	-47.0	-60.0	74.0	-47.0	16.0	49.0	9.0	70.0	104.33
77	127.0	-63.0	104.0	41.0	-6.0	-6.0	-47.0	32.0	105.87
78	-35.0	-84.0	90.0	-55.0	-35.0	-8.0	-61.0	4.0	106.21
79	-95.0	52.0	-10.0	60.0	65.0	-8.0	-31.0	19.0	109.61
80	54.0	-49.0	-119.0	99.0	15.0	-72.0	-30.0	-20.0	111.95
81	83.0	55.0	6.0	117.0	-27.0	10.0	34.0	-10.0	109.61
82	70.0	89.0	42.0	-30.0	-36.0	68.0	-24.0	-8.0	109.06
83	127.0	1.0	-50.0	-63.0	18.0	50.0	127.0	-14.0	110.85
84	-41.0	102.0	-50.0	-114.0	-79.0	39.0	-60.0	9.0	111.35
85	47.0	-42.0	28.0	-3.0	23.0	14.0	-42.0	28.0	115.02
86	13.0	-53.0	-18.0	1.0	26.0	-41.0	-22.0	-54.0	115.02
