0	11.0	46.0	-76.0	-128.0	-7.0	-29.0	5.0	-45.0	61.32
1	-20.0	-48.0	-12.0	0.0	3.0	12.0	2.0	-21.0	64.89
2	-27.0	80.0	-6.0	-56.0	-21.0	5.0	-1.0	60.0	59.54
3	-127.0	32.0	23.0	35.0	-11.0	-2.0	20.0	7.0	68.22
4	-122.0	-23.0	-4.0	41.0	-15.0	-10.0	-3.0	-7.0	63.13
5	96.0	95.0	58.0	121.0	-26.0	-4.0	-51.0	-3.0	59.54
6	71.0	47.0	-75.0	20.0	-29.0	12.0	-9.0	-2.0	57.81
7	56.0	23.0	-108.0	58.0	4.0	-8.0	-22.0	22.0	61.18
8	-74.0	-128.0	16.0	-41.0	15.0	5.0	-46.0	-43.0	54.92
9	-13.0	123.0	-4.0	21.0	3.0	9.0	-34.0	7.0	42.19
10	-114.0	4.0	-14.0	107.0	3.0	35.0	99.0	22.0	53.39
11	93.0	-80.0	16.0	-82.0	-14.0	-22.0	6.0	2.0	35.73
12	20.0	16.0	38.0	20.0	53.0	7.0	68.0	1.0	35.73
13	64.0	-34.0	1.0	116.0	-11.0	10.0	43.0	-38.0	48.41
14	118.0	-78.0	36.0	-61.0	-25.0	-18.0	9.0	-23.0	35.99
15	-45.0	-10.0	-13.0	-39.0	-11.0	25.0	77.0	-2.0	48.41
16	19.0	49.0	-50.0	4.0	29.0	-63.0	25.0	-29.0	47.57
17	-1.0	-106.0	19.0	-25.0	-2.0	-23.0	-14.0	32.0	42.19
18	78.0	-45.0	4.0	-39.0	10.0	0.0	-44.0	24.0	35.57
19	-56.0	94.0	-91.0	20.0	26.0	-12.0	-41.0	27.0	48.04
20	-36.0	-11.0	89.0	10.0	-3.0	45.0	24.0	-15.0	48.04
21	127.0	-124.0	14.0	-7.0	-15.0	-7.0	-46.0	-21.0	49.57
22	127.0	-20.0	-51.0	43.0	18.0	-4.0	9.0	7.0	53.66
23	49.0	-76.0	31.0	-43.0	-42.0	16.0	57.0	-19.0	57.81
24	-32.0	127.0	-17.0	0.0	-5.0	-24.0	12.0	-19.0	63.17
25	71.0	-54.0	9.0	44.0	-6.0	-13.0	-42.0	-43.0	69.63
26	5.0	-60.0	-7.0	92.0	-17.0	14.0	1.0	14.0	64.89
27	50.0	48.0	82.0	-61.0	41.0	3.0	-23.0	16.0	67.84
28	57.0	26.0	22.0	127.0	5.0	10.0	-6.0	-34.0	65.91
29	-13.0	-13.0	-53.0	-62.0	-10.0	3.0	-6.0	18.0	70.89
30	-2.0	-35.0	24.0	-23.0	7.0	-25.0	51.0	-25.0	75.45
31	-88.0	76.0	22.0	86.0	-3.0	3.0	30.0	-24.0	76.76
32	89.0	-81.0	-7.0	-3.0	6.0	12.0	16.0	27.0	88.49
33	102.0	127.0	-20.0	-34.0	-27.0	10.0	17.0	-25.0	83.62
34	80.0	-29.0	26.0	-61.0	20.0	-11.0	53.0	30.0	80.45
35	39.0	32.0	-7.0	2.0	-4.0	-7.0	-43.0	22.0	78.03
36	1.0	-29.0	-128.0	5.0	-8.0	31.0	16.0	-30.0	71.1
37	114.0	-20.0	36.0	-128.0	10.0	5.0	-29.0	51.0	81.6
38	-114.0	127.0	66.0	4.0	-9.0	15.0	15.0	-40.0	86.21
39	67.0	98.0	4.0	-99.0	18.0	32.0	43.0	4.0	80.45
40	-85.0	-22.0	-37.0	33.0	34.0	-54.0	-7.0	-25.0	87.43
41	-72.0	14.0	31.0	-38.0	2.0	-50.0	-36.0	29.0	86.21
42	-66.0	-55.0	-12.0	29.0	-52.0	27.0	43.0	-1.0	81.6
43	-82.0	77.0	33.0	-86.0	-16.0	-19.0	29.0	-36.0	88.49
44	-40.0	27.0	78.0	2.0	46.0	6.0	-78.0	35.0	89.61
45	16.0	1.0	-67.0	75.0	-16.0	21.0	26.0	-12.0	90.85
46	127.0	23.0	-33.0	-91.0	9.0	-10.0	0.0	-49.0	91.31
47	-128.0	-76.0	17.0	5.0	-4.0	3.0	26.0	-7.0	105.43
48	5.0	5.0	21.0	-15.0	-15.0	-27.0	-79.0	-6.0	90.85
49	117.0	60.0	-33.0	7.0	12.0	-31.0	7.0	3.0	93.34
50	15.0	12.0	6.0	-30.0	-7.0	21.0	36.0	39.0	103.11
51	81.0	7.0	124.0	9.0	6.0	18.0	-69.0	6.0	92.48
52	-20.0	49.0	-25.0	14.0	-25.0	-32.0	-14.0	6.0	96.7
53	-10.0	-128.0	27.0	-44.0	-21.0	16.0	2.0	1.0	102.43
54	125.0	100.0	-19.0	-66.0	2.0	55.0	77.0	-1.0	105.99
55	-128.0	107.0	4.0	48.0	-10.0	4.0	3.0	17.0	102.43
56	50.0	-19.0	-30.0	28.0	14.0	-13.0	110.0	2.0	113.49
57	-47.0	-90.0	-52.0	-93.0	-14.0	20.0	-14.0	25.0	113.78
58	-36.0	-40.0	23.0	-14.0	36.0	3.0	34.0	-7.0	114.52
59	-96.0	70.0	-6.0	-14.0	-12.0	10.0	23.0	-51.0	115.23
60	127.0	-43.0	-2.0	13.0	-10.0	12.0	-93.0	79.0	114.52
61	19.0	-69.0	28.0	127.0	-12.0	-3.0	57.0	-19.0	113.88
62	127.0	29.0	31.0	-39.0	-20.0	12.0	-128.0	1.0	111.48
63	-5.0	112.0	34.0	-86.0	24.0	26.0	-43.0	16.0	113.49
64	-53.0	60.0	112.0	4.0	-4.0	-18.0	6.0	1.0	113.46
65	9.0	-96.0	-3.0	-9.0	41.0	-9.0	-4.0	-26.0	105.99
66	-32.0	67.0	-8.0	-13.0	-8.0	-12.0	-37.0	-27.0	113.46
67	-128.0	-8.0	-68.0	-52.0	-16.0	-6.0	101.0	12.0	112.92
68	127.0	127.0	0.0	-26.0	-31.0	10.0	-11.0	12.0	105.43
69	28.0	-128.0	2.0	-22.0	66.0	15.0	-70.0	-39.0	95.65
70	51.0	127.0	-91.0	127.0	14.0	11.0	-13.0	48.0	92.48
71	62.0	19.0	37.0	-33.0	-6.0	5.0	5.0	18.0	95.65
72	45.0	88.0	-92.0	17.0	4.0	9.0	59.0	-12.0	102.06
73	-93.0	37.0	-47.0	-15.0	-15.0	-46.0	12.0	29.0	83.93
74	-102.0	33.0	2.0	13.0	20.0	-9.0	-63.0	17.0	78.9
75	127.0	121.0	123.0	-20.0	-20.0	21.0	-20.0	22.0	72.61
76	-27.0	94.0	-62.0	9.0	-20.0	-5.0	-23.0	-25.0	76.76
77	8.0	102.0	-128.0	-128.0	-22.0	-12.0	53.0	31.0	73.7
78	-98.0	105.0	-17.0	0.0	21.0	13.0	-42.0	18.0	72.61
79	38.0	-16.0	9.0	-22.0	34.0	-4.0	-52.0	-33.0	75.45
80	41.0	-10.0	-25.0	47.0	-16.0	13.0	-12.0	46.0	74.38
81	-27.0	-56.0	-52.0	21.0	14.0	-18.0	-39.0	-34.0	67.84
82	-20.0	62.0	33.0	-1.0	26.0	6.0	-19.0	5.0	63.17
83	-15.0	97.0	-39.0	11.0	-16.0	-20.0	-21.0	28.0	70.89
84	-13.0	8.0	-29.0	-100.0	23.0	-33.0	-7.0	-47.0	57.18
85	0.0	12.0	-1.0	-61.0	8.0	55.0	127.0	-7.0	59.21
86	63.0	-4.0	27.0	-15.0	7.0	10.0	18.0	-8.0	59.21
