0	-64.0	-93.0	-7.0	76.0	-10.0	61.0	-59.0	-16.0	53.97
1	85.0	-75.0	-13.0	-20.0	16.0	-21.0	46.0	-20.0	69.7
2	76.0	22.0	-51.0	113.0	19.0	9.0	-128.0	-32.0	62.64
3	-63.0	106.0	-52.0	9.0	31.0	-6.0	80.0	-23.0	48.61
4	122.0	-22.0	-19.0	76.0	53.0	12.0	5.0	-10.0	47.74
5	79.0	-69.0	13.0	-74.0	-6.0	24.0	-43.0	-3.0	47.8
6	127.0	-106.0	18.0	35.0	18.0	-57.0	87.0	16.0	48.21
7	7.0	36.0	-33.0	-12.0	0.0	35.0	-4.0	-2.0	61.13
8	-87.0	-37.0	122.0	-21.0	-22.0	-48.0	26.0	-75.0	69.47
9	-89.0	-96.0	123.0	-71.0	-41.0	67.0	43.0	44.0	59.65
10	12.0	40.0	9.0	-11.0	-22.0	-50.0	-24.0	-44.0	49.39
11	126.0	-27.0	16.0	-45.0	-23.0	11.0	-16.0	-2.0	48.83
12	-36.0	-128.0	-8.0	-22.0	-9.0	7.0	-11.0	34.0	49.03
13	22.0	-78.0	22.0	-128.0	-24.0	-35.0	121.0	-11.0	48.83
14	-72.0	39.0	-59.0	80.0	3.0	1.0	-63.0	-98.0	63.29
15	64.0	-14.0	67.0	2.0	-11.0	43.0	12.0	-70.0	59.87
16	-75.0	13.0	35.0	10.0	-12.0	21.0	32.0	57.0	59.65
17	107.0	100.0	-128.0	-7.0	21.0	15.0	5.0	-128.0	76.14
18	127.0	124.0	15.0	-9.0	5.0	8.0	3.0	-38.0	79.67
19	-128.0	-77.0	1.0	-22.0	-41.0	-67.0	-11.0	84.0	80.01
20	127.0	93.0	69.0	1.0	34.0	38.0	-85.0	-54.0	80.32
21	22.0	-128.0	127.0	-2.0	-8.0	-13.0	-3.0	1.0	82.95
22	-117.0	56.0	78.0	19.0	-12.0	18.0	60.0	-3.0	81.84
23	-16.0	-16.0	-32.0	73.0	25.0	13.0	-36.0	-14.0	90.31
24	-16.0	-30.0	-105.0	34.0	-31.0	52.0	-69.0	-9.0	98.31
25	-16.0	18.0	-33.0	104.0	-5.0	5.0	48.0	97.0	94.54
26	105.0	67.0	77.0	41.0	2.0	3.0	-128.0	15.0	105.66
27	93.0	-128.0	-30.0	31.0	1.0	4.0	8.0	-33.0	101.55
28	-17.0	38.0	-12.0	-80.0	-49.0	-33.0	-65.0	-50.0	105.75
29	-62.0	-56.0	-44.0	-44.0	11.0	3.0	-8.0	-6.0	103.42
30	47.0	127.0	28.0	43.0	36.0	17.0	2.0	-59.0	107.05
31	16.0	-68.0	14.0	81.0	-66.0	-59.0	97.0	22.0	106.98
32	-12.0	127.0	51.0	25.0	-5.0	3.0	45.0	-19.0	106.43
33	-20.0	-123.0	-9.0	-19.0	24.0	-9.0	-58.0	-16.0	105.66
34	-24.0	80.0	-107.0	-14.0	-1.0	-116.0	-27.0	-23.0	98.31
35	-29.0	58.0	0.0	36.0	-14.0	17.0	91.0	-17.0	83.55
36	-106.0	-128.0	-37.0	15.0	23.0	17.0	-102.0	-10.0	95.31
37	-90.0	-87.0	-3.0	-48.0	-5.0	-3.0	-28.0	-14.0	83.91
38	124.0	-22.0	13.0	-5.0	6.0	-36.0	14.0	28.0	103.68
39	-128.0	-16.0	111.0	-87.0	-32.0	-5.0	-68.0	23.0	106.98
40	-21.0	-88.0	1.0	-128.0	-2.0	3.0	-20.0	34.0	105.54
41	-34.0	24.0	-38.0	-73.0	-55.0	14.0	19.0	18.0	105.54
42	50.0	-79.0	18.0	-124.0	-4.0	53.0	105.0	27.0	104.65
43	-110.0	-65.0	-112.0	12.0	25.0	-11.0	9.0	-65.0	103.42
44	-7.0	52.0	-7.0	-69.0	8.0	63.0	25.0	5.0	83.91
45	-128.0	31.0	78.0	-20.0	-17.0	10.0	32.0	27.0	93.37
46	-78.0	106.0	-5.0	-4.0	3.0	-8.0	-14.0	-108.0	91.95
47	105.0	47.0	17.0	36.0	10.0	-4.0	13.0	96.0	91.95
48	44.0	2.0	-79.0	-25.0	29.0	34.0	71.0	-67.0	90.31
49	-128.0	127.0	-114.0	15.0	-20.0	-31.0	-77.0	0.0	87.83
50	105.0	127.0	77.0	0.0	-12.0	-6.0	4.0	-9.0	81.56
51	-46.0	-13.0	-10.0	-14.0	23.0	3.0	-85.0	88.0	82.95
52	40.0	127.0	33.0	-49.0	-32.0	23.0	-20.0	15.0	94.54
53	-31.0	91.0	103.0	41.0	58.0	-3.0	78.0	33.0	90.52
54	27.0	-128.0	-79.0	76.0	6.0	76.0	-30.0	-54.0	80.32
55	38.0	16.0	-6.0	-17.0	25.0	1.0	17.0	-1.0	80.45
56	-37.0	127.0	31.0	49.0	24.0	17.0	81.0	-6.0	80.74
57	-8.0	16.0	-22.0	74.0	14.0	9.0	-2.0	-48.0	76.78
58	19.0	71.0	80.0	8.0	-17.0	44.0	5.0	-91.0	69.7
59	127.0	-94.0	-90.0	25.0	2.0	20.0	100.0	-17.0	77.76
60	-26.0	-40.0	-82.0	31.0	17.0	-2.0	-87.0	15.0	58.07
61	-90.0	57.0	-61.0	-45.0	11.0	20.0	-29.0	-32.0	65.39
62	-70.0	106.0	-10.0	15.0	58.0	24.0	70.0	10.0	80.01
63	31.0	-5.0	12.0	-4.0	-25.0	-66.0	-18.0	12.0	73.33
64	-34.0	-60.0	70.0	67.0	-17.0	-30.0	-28.0	-59.0	65.39
65	73.0	127.0	-5.0	-30.0	-16.0	-83.0	15.0	-21.0	72.85
66	-58.0	-55.0	-115.0	-47.0	24.0	36.0	9.0	37.0	48.51
67	122.0	115.0	12.0	84.0	-9.0	-3.0	20.0	-1.0	74.39
68	-14.0	35.0	52.0	-42.0	0.0	-81.0	9.0	7.0	69.47
69	54.0	127.0	-98.0	-21.0	-92.0	-1.0	58.0	44.0	76.78
70	127.0	-37.0	4.0	11.0	-2.0	5.0	32.0	0.0	77.76
71	18.0	-24.0	-5.0	125.0	4.0	-9.0	11.0	-45.0	61.13
72	2.0	-48.0	-84.0	5.0	-21.0	50.0	13.0	22.0	48.69
73	-128.0	71.0	20.0	-10.0	16.0	-6.0	17.0	18.0	79.69
74	-61.0	-128.0	-9.0	-40.0	-12.0	12.0	-22.0	127.0	74.39
75	25.0	-117.0	11.0	20.0	11.0	4.0	-79.0	11.0	67.05
76	35.0	-68.0	-33.0	-6.0	-22.0	0.0	-54.0	18.0	58.21
77	39.0	-128.0	-92.0	41.0	7.0	10.0	18.0	23.0	62.64
78	-128.0	75.0	-38.0	81.0	-44.0	-13.0	64.0	-52.0	53.97
79	43.0	103.0	-35.0	-115.0	-3.0	40.0	-10.0	5.0	51.4
80	63.0	92.0	10.0	22.0	-17.0	-8.0	-8.0	-33.0	49.39
81	-88.0	-128.0	-26.0	-39.0	-40.0	-56.0	-27.0	-3.0	61.73
82	2.0	-24.0	0.0	-90.0	-5.0	7.0	-78.0	1.0	58.07
83	-46.0	-123.0	-76.0	-14.0	4.0	19.0	-2.0	-11.0	48.4
84	-103.0	-59.0	-54.0	-9.0	-5.0	14.0	-15.0	48.0	48.21
85	5.0	44.0	1.0	-19.0	24.0	57.0	29.0	-22.0	48.51
86	59.0	-106.0	40.0	-2.0	30.0	-17.0	42.0	84.0	63.0
