0	-117.0	39.0	40.0	-9.0	11.0	23.0	105.0	5.0	49.39
1	12.0	-48.0	-5.0	34.0	6.0	-17.0	19.0	7.0	53.97
2	-34.0	-16.0	-35.0	43.0	58.0	8.0	-18.0	-67.0	53.97
3	-34.0	-128.0	67.0	81.0	16.0	17.0	64.0	-52.0	58.07
4	-87.0	-5.0	-92.0	-69.0	-6.0	-11.0	100.0	-9.0	63.0
5	-106.0	31.0	-26.0	73.0	-5.0	14.0	5.0	-10.0	59.65
6	-90.0	124.0	0.0	15.0	0.0	3.0	9.0	15.0	49.39
7	-58.0	127.0	18.0	-17.0	21.0	-36.0	3.0	34.0	48.61
8	93.0	71.0	1.0	19.0	-3.0	-50.0	-14.0	5.0	48.69
9	124.0	-37.0	-19.0	-19.0	-32.0	7.0	70.0	0.0	47.74
10	-16.0	-68.0	-90.0	41.0	-25.0	10.0	-128.0	33.0	48.4
11	43.0	100.0	-8.0	12.0	2.0	-59.0	71.0	-33.0	48.21
12	2.0	40.0	69.0	0.0	-40.0	-1.0	-20.0	-14.0	48.51
13	50.0	-69.0	16.0	-87.0	3.0	-67.0	9.0	84.0	48.21
14	35.0	-65.0	77.0	-2.0	-32.0	-6.0	-4.0	-128.0	49.03
15	16.0	-55.0	-44.0	15.0	-22.0	18.0	-28.0	84.0	48.51
16	31.0	44.0	-79.0	-4.0	-9.0	-66.0	-27.0	-17.0	47.8
17	25.0	-117.0	80.0	-39.0	-5.0	61.0	32.0	23.0	51.4
18	27.0	-37.0	13.0	104.0	-16.0	63.0	-15.0	-32.0	58.21
19	-89.0	16.0	78.0	-12.0	19.0	-57.0	17.0	44.0	58.07
20	-46.0	2.0	13.0	-30.0	-2.0	17.0	-69.0	-1.0	62.64
21	59.0	-94.0	-51.0	1.0	17.0	40.0	-24.0	-14.0	48.83
22	-20.0	71.0	-6.0	-9.0	-17.0	76.0	-16.0	15.0	61.13
23	127.0	127.0	33.0	-11.0	-14.0	-13.0	-10.0	-3.0	61.13
24	-128.0	115.0	51.0	-74.0	2.0	3.0	-68.0	-70.0	79.69
25	7.0	80.0	-30.0	-115.0	31.0	3.0	9.0	16.0	67.05
26	-29.0	75.0	70.0	-73.0	-1.0	-5.0	32.0	-45.0	80.01
27	105.0	-93.0	-61.0	-20.0	4.0	19.0	-58.0	-22.0	80.32
28	-90.0	-14.0	12.0	-25.0	-8.0	38.0	-28.0	15.0	74.39
29	47.0	106.0	127.0	31.0	-66.0	-21.0	-8.0	-48.0	77.76
30	122.0	-96.0	-54.0	-71.0	34.0	12.0	15.0	-32.0	82.95
31	18.0	-59.0	22.0	-19.0	53.0	35.0	12.0	44.0	69.7
32	-103.0	67.0	28.0	-47.0	25.0	-4.0	25.0	18.0	80.45
33	-14.0	-68.0	-38.0	-14.0	30.0	52.0	11.0	11.0	79.67
34	38.0	-87.0	-105.0	76.0	16.0	9.0	-27.0	-9.0	83.91
35	-8.0	106.0	-10.0	-22.0	5.0	67.0	26.0	-6.0	94.54
36	54.0	-30.0	-82.0	-49.0	11.0	20.0	5.0	-65.0	95.31
37	63.0	127.0	111.0	11.0	3.0	-83.0	58.0	48.0	105.54
38	-128.0	24.0	10.0	8.0	-55.0	44.0	-2.0	-2.0	98.31
39	85.0	-13.0	-7.0	76.0	23.0	-30.0	5.0	-33.0	105.66
40	79.0	-123.0	31.0	36.0	18.0	53.0	78.0	1.0	94.54
41	-17.0	127.0	-38.0	76.0	-11.0	-116.0	91.0	23.0	103.68
42	-70.0	-128.0	1.0	125.0	-24.0	15.0	-87.0	-2.0	105.75
43	107.0	-27.0	-33.0	20.0	58.0	-35.0	14.0	-17.0	106.98
44	-128.0	127.0	4.0	-48.0	-12.0	-9.0	46.0	12.0	106.43
45	-63.0	-77.0	-33.0	36.0	-21.0	-31.0	-78.0	22.0	107.05
46	127.0	36.0	-112.0	-45.0	-5.0	34.0	43.0	-91.0	106.98
47	-75.0	56.0	-84.0	2.0	-17.0	20.0	87.0	-23.0	105.54
48	19.0	103.0	-52.0	-2.0	-12.0	-2.0	-77.0	-59.0	105.66
49	-12.0	16.0	78.0	-42.0	10.0	21.0	-8.0	-20.0	103.42
50	5.0	91.0	122.0	31.0	6.0	-9.0	97.0	-50.0	104.65
51	105.0	47.0	-107.0	-10.0	-41.0	-3.0	-30.0	34.0	103.42
52	73.0	22.0	15.0	15.0	25.0	14.0	-85.0	127.0	98.31
53	22.0	38.0	-13.0	-90.0	-5.0	9.0	32.0	-38.0	101.55
54	-62.0	18.0	1.0	-6.0	-2.0	5.0	8.0	22.0	91.95
55	-78.0	-22.0	35.0	41.0	0.0	43.0	-43.0	-98.0	91.95
56	105.0	127.0	-12.0	-4.0	8.0	-48.0	42.0	-59.0	93.37
57	22.0	-106.0	-9.0	5.0	24.0	17.0	17.0	0.0	90.31
58	126.0	93.0	-128.0	35.0	-12.0	-56.0	-102.0	-3.0	80.32
59	-110.0	-88.0	11.0	49.0	24.0	-8.0	-54.0	-3.0	81.56
60	39.0	57.0	12.0	-22.0	-10.0	-33.0	4.0	-108.0	76.78
61	-16.0	127.0	0.0	22.0	24.0	7.0	-29.0	-19.0	77.76
62	-16.0	35.0	-32.0	84.0	-12.0	36.0	80.0	-21.0	83.55
63	76.0	-40.0	-59.0	10.0	23.0	-6.0	13.0	-16.0	80.01
64	127.0	52.0	9.0	41.0	-31.0	1.0	121.0	-11.0	81.84
65	-61.0	106.0	-37.0	-45.0	-44.0	11.0	13.0	27.0	80.74
66	-37.0	-78.0	-5.0	67.0	-17.0	17.0	-11.0	18.0	83.91
67	64.0	13.0	77.0	-128.0	11.0	4.0	45.0	28.0	90.31
68	122.0	-16.0	-76.0	113.0	-92.0	-3.0	-65.0	-6.0	90.52
69	-36.0	-60.0	14.0	25.0	-41.0	-8.0	29.0	10.0	82.95
70	-72.0	-56.0	-3.0	-14.0	25.0	1.0	-11.0	-54.0	87.83
71	-128.0	127.0	18.0	-80.0	-22.0	0.0	-59.0	27.0	72.85
72	-46.0	-79.0	-9.0	81.0	-5.0	50.0	81.0	-23.0	65.39
73	127.0	-75.0	-33.0	80.0	-9.0	3.0	-85.0	-16.0	74.39
74	-128.0	-128.0	103.0	25.0	4.0	-3.0	-2.0	-1.0	76.14
75	127.0	-24.0	-5.0	-5.0	24.0	4.0	2.0	88.0	63.29
76	44.0	58.0	-7.0	-44.0	1.0	-13.0	-22.0	-54.0	73.33
77	-64.0	-22.0	17.0	-124.0	-4.0	3.0	60.0	18.0	76.78
78	40.0	-24.0	-79.0	-128.0	29.0	-6.0	18.0	96.0	69.7
79	-26.0	-123.0	-115.0	-20.0	-22.0	24.0	48.0	-75.0	65.39
80	-7.0	-128.0	-22.0	-21.0	36.0	5.0	-36.0	97.0	69.47
81	-24.0	-128.0	20.0	-21.0	-20.0	13.0	20.0	37.0	61.73
82	-88.0	-128.0	123.0	-7.0	-23.0	12.0	-20.0	-10.0	69.47
83	-128.0	92.0	-10.0	-14.0	7.0	24.0	-79.0	-11.0	62.64
84	-21.0	-128.0	52.0	74.0	-49.0	57.0	-3.0	57.0	59.65
85	2.0	-106.0	-98.0	-40.0	14.0	10.0	-128.0	1.0	59.87
86	-31.0	-128.0	-114.0	9.0	-17.0	-81.0	-63.0	-44.0	48.83
