0	87.0	-52.0	88.0	6.0	16.0	3.0	-19.0	-11.0	44.31
1	-52.0	-103.0	113.0	-88.0	6.0	25.0	-8.0	32.0	41.75
2	-28.0	118.0	-2.0	-13.0	4.0	-8.0	70.0	-11.0	44.31
3	58.0	71.0	32.0	48.0	20.0	15.0	-81.0	-8.0	46.57
4	-111.0	-102.0	22.0	-34.0	-10.0	9.0	65.0	15.0	49.59
5	127.0	-44.0	125.0	14.0	-3.0	-36.0	-16.0	32.0	50.66
6	1.0	86.0	51.0	55.0	-21.0	33.0	54.0	7.0	51.76
7	11.0	-81.0	-109.0	-11.0	7.0	17.0	-128.0	14.0	53.67
8	-26.0	98.0	-42.0	13.0	5.0	-2.0	-9.0	27.0	60.99
9	-3.0	-23.0	17.0	47.0	5.0	-26.0	17.0	-9.0	58.18
10	-101.0	-128.0	19.0	16.0	-1.0	-71.0	62.0	29.0	68.84
11	55.0	-85.0	-22.0	49.0	-21.0	47.0	10.0	56.0	70.86
12	27.0	-50.0	-127.0	45.0	-37.0	-6.0	-32.0	6.0	74.65
13	-81.0	96.0	-94.0	-9.0	10.0	18.0	-4.0	-91.0	71.68
14	121.0	-6.0	54.0	-33.0	-6.0	-8.0	36.0	-104.0	73.29
15	15.0	-114.0	-10.0	-30.0	-20.0	-29.0	-12.0	27.0	73.29
16	127.0	127.0	-45.0	-35.0	-2.0	2.0	-41.0	-13.0	77.12
17	78.0	-75.0	-7.0	5.0	-15.0	5.0	-110.0	-63.0	101.22
18	92.0	-61.0	83.0	2.0	-15.0	-38.0	1.0	-2.0	104.23
19	10.0	-35.0	46.0	-2.0	21.0	-34.0	3.0	6.0	105.31
20	84.0	23.0	-17.0	-31.0	-7.0	-7.0	-9.0	1.0	107.95
21	-48.0	4.0	-61.0	-55.0	13.0	-32.0	21.0	-10.0	87.73
22	92.0	25.0	-9.0	-11.0	-2.0	-10.0	52.0	-8.0	91.96
23	87.0	12.0	-7.0	14.0	-4.0	35.0	-110.0	-27.0	85.16
24	-7.0	45.0	-12.0	16.0	-7.0	12.0	-16.0	3.0	104.23
25	75.0	74.0	12.0	-8.0	6.0	11.0	-26.0	-74.0	93.63
26	41.0	-103.0	-8.0	117.0	-12.0	6.0	34.0	-9.0	101.52
27	-97.0	24.0	23.0	107.0	20.0	35.0	9.0	-21.0	99.82
28	71.0	127.0	-54.0	-6.0	-18.0	-36.0	32.0	16.0	81.37
29	-88.0	50.0	-10.0	15.0	-52.0	0.0	21.0	-7.0	83.73
30	-87.0	-41.0	27.0	-34.0	-23.0	-1.0	-19.0	-78.0	107.95
31	57.0	90.0	-69.0	15.0	-9.0	-18.0	-53.0	-38.0	107.98
32	88.0	-79.0	-13.0	7.0	-26.0	-3.0	113.0	56.0	110.82
33	64.0	21.0	38.0	-52.0	-18.0	-10.0	23.0	10.0	111.31
34	53.0	90.0	23.0	-1.0	16.0	17.0	-49.0	14.0	114.65
35	-120.0	-38.0	-25.0	79.0	-9.0	-21.0	-4.0	14.0	117.05
36	-28.0	-80.0	-78.0	18.0	9.0	8.0	127.0	-15.0	118.01
37	-22.0	6.0	-22.0	-4.0	28.0	31.0	-52.0	0.0	117.05
38	107.0	127.0	-21.0	47.0	-6.0	-12.0	-8.0	-6.0	116.28
39	127.0	126.0	6.0	45.0	-4.0	17.0	66.0	3.0	118.15
40	121.0	28.0	-25.0	126.0	10.0	9.0	16.0	-11.0	116.87
41	127.0	10.0	-34.0	-22.0	-6.0	-32.0	32.0	18.0	117.79
42	4.0	127.0	-80.0	27.0	33.0	17.0	2.0	6.0	117.41
43	-57.0	127.0	-14.0	68.0	-79.0	-47.0	83.0	-18.0	116.28
44	14.0	-1.0	80.0	-98.0	25.0	-26.0	-71.0	-27.0	118.15
45	-6.0	1.0	-15.0	52.0	-8.0	21.0	-18.0	-19.0	117.41
46	35.0	0.0	-5.0	-17.0	-43.0	11.0	-8.0	-10.0	114.32
47	82.0	85.0	-23.0	-34.0	-1.0	-39.0	71.0	0.0	115.05
48	127.0	-80.0	75.0	-97.0	-1.0	2.0	0.0	-10.0	110.82
49	-91.0	-12.0	2.0	16.0	-19.0	-21.0	12.0	7.0	114.32
50	-25.0	8.0	-25.0	-86.0	3.0	-17.0	-27.0	10.0	110.07
51	92.0	51.0	89.0	-15.0	1.0	-3.0	5.0	-3.0	97.05
52	121.0	83.0	-4.0	-46.0	10.0	-36.0	3.0	-16.0	108.87
53	-54.0	-90.0	28.0	-128.0	15.0	-1.0	22.0	-11.0	93.63
54	-40.0	120.0	-3.0	-24.0	9.0	21.0	6.0	60.0	75.95
55	0.0	-43.0	31.0	-92.0	-17.0	18.0	-70.0	8.0	101.22
56	32.0	-28.0	-50.0	107.0	36.0	-5.0	-66.0	19.0	75.66
57	-62.0	-8.0	-86.0	-78.0	1.0	0.0	13.0	6.0	77.12
58	-75.0	86.0	75.0	-73.0	4.0	-13.0	54.0	-27.0	78.63
59	76.0	-62.0	5.0	-56.0	-48.0	-45.0	110.0	-80.0	83.73
60	127.0	10.0	29.0	91.0	30.0	24.0	-19.0	-75.0	107.56
61	1.0	-66.0	-90.0	26.0	-2.0	-5.0	-18.0	17.0	107.98
62	37.0	-109.0	118.0	-25.0	52.0	6.0	7.0	-3.0	97.05
63	-25.0	100.0	-69.0	22.0	0.0	0.0	6.0	-53.0	75.66
64	127.0	105.0	13.0	-117.0	-21.0	-2.0	-20.0	-33.0	71.68
65	-91.0	-66.0	-30.0	17.0	25.0	-38.0	-6.0	-20.0	53.67
66	-46.0	127.0	-33.0	8.0	-28.0	1.0	-22.0	-43.0	58.22
67	115.0	109.0	-25.0	3.0	90.0	-3.0	-29.0	-70.0	54.27
68	-27.0	46.0	-115.0	-60.0	-39.0	-36.0	-25.0	-51.0	61.55
69	55.0	57.0	118.0	12.0	0.0	-9.0	10.0	-8.0	58.22
70	-121.0	-34.0	29.0	53.0	28.0	7.0	-22.0	9.0	67.85
71	-128.0	-1.0	0.0	-6.0	30.0	32.0	24.0	68.0	65.7
72	-87.0	48.0	-24.0	-18.0	-21.0	-18.0	30.0	-35.0	64.93
73	83.0	115.0	1.0	7.0	-5.0	17.0	-23.0	-3.0	67.85
74	-6.0	48.0	34.0	-9.0	3.0	2.0	-70.0	-10.0	60.99
75	-61.0	-59.0	7.0	-64.0	-40.0	-46.0	19.0	-32.0	51.76
76	-109.0	-15.0	40.0	-65.0	9.0	28.0	33.0	1.0	48.4
77	127.0	-72.0	-21.0	-37.0	-15.0	-16.0	-12.0	-2.0	48.23
78	59.0	-47.0	29.0	-2.0	3.0	-10.0	3.0	-9.0	48.4
79	-10.0	-59.0	27.0	-62.0	7.0	-41.0	64.0	-14.0	48.23
80	-56.0	127.0	65.0	11.0	19.0	16.0	6.0	53.0	46.1
81	-123.0	-27.0	96.0	15.0	-28.0	-50.0	37.0	-8.0	47.63
82	-51.0	102.0	-33.0	-84.0	-17.0	54.0	-33.0	24.0	45.47
83	30.0	40.0	1.0	16.0	22.0	10.0	55.0	37.0	46.1
84	-94.0	-60.0	91.0	-25.0	-7.0	-1.0	5.0	-2.0	41.75
85	-110.0	17.0	-15.0	-20.0	-13.0	-16.0	-116.0	-20.0	40.0
