0	33.0	72.0	29.0	2.0	-32.0	-3.0	-3.0	2.0	96.55
1	-71.0	-89.0	8.0	-81.0	5.0	11.0	41.0	33.0	101.45
2	-20.0	-43.0	-49.0	18.0	30.0	-8.0	32.0	29.0	93.44
3	-20.0	-38.0	127.0	57.0	0.0	-3.0	33.0	25.0	94.07
4	-28.0	-50.0	-113.0	-7.0	10.0	14.0	-104.0	15.0	95.25
5	106.0	32.0	-67.0	28.0	8.0	15.0	6.0	14.0	93.81
6	-57.0	118.0	56.0	2.0	-7.0	-7.0	0.0	-26.0	92.07
7	-10.0	-24.0	-113.0	-15.0	-4.0	9.0	-76.0	-23.0	93.81
8	105.0	-29.0	23.0	96.0	9.0	4.0	-3.0	-4.0	102.39
9	-34.0	36.0	122.0	-12.0	-7.0	12.0	-11.0	10.0	94.1
10	-123.0	-80.0	30.0	-47.0	5.0	-14.0	15.0	-6.0	97.76
11	-32.0	58.0	13.0	50.0	-4.0	-18.0	34.0	27.0	103.09
12	-47.0	-26.0	-45.0	7.0	-22.0	3.0	9.0	-1.0	101.37
13	44.0	12.0	43.0	64.0	19.0	-8.0	11.0	-14.0	102.6
14	-56.0	127.0	5.0	14.0	-7.0	-12.0	9.0	40.0	91.89
15	13.0	-26.0	46.0	-128.0	-2.0	-22.0	-9.0	-31.0	103.17
16	51.0	-13.0	-18.0	-88.0	10.0	12.0	-7.0	51.0	99.65
17	-24.0	29.0	-1.0	12.0	-20.0	-3.0	-39.0	-14.0	103.56
18	126.0	-29.0	82.0	-128.0	6.0	-7.0	-4.0	15.0	103.56
19	-23.0	-116.0	45.0	27.0	10.0	14.0	123.0	-34.0	103.17
20	16.0	95.0	22.0	7.0	-18.0	6.0	43.0	5.0	102.6
21	-56.0	-128.0	-8.0	19.0	16.0	-2.0	10.0	8.0	106.21
22	86.0	127.0	20.0	11.0	23.0	-22.0	7.0	38.0	103.62
23	-73.0	26.0	-77.0	54.0	-17.0	-5.0	28.0	-29.0	97.76
24	-20.0	-57.0	-7.0	-24.0	-5.0	-15.0	-86.0	31.0	99.65
25	-74.0	67.0	11.0	-8.0	4.0	19.0	23.0	11.0	102.28
26	4.0	114.0	-105.0	-9.0	-3.0	-7.0	4.0	-13.0	96.55
27	-81.0	78.0	-11.0	46.0	-14.0	13.0	2.0	-11.0	76.38
28	-11.0	-62.0	5.0	35.0	-17.0	-3.0	-1.0	-8.0	81.29
29	-120.0	104.0	-128.0	50.0	4.0	-10.0	-86.0	18.0	90.27
30	-1.0	57.0	4.0	13.0	3.0	6.0	-32.0	-10.0	90.95
31	-6.0	-24.0	-45.0	52.0	0.0	-23.0	41.0	-9.0	91.89
32	8.0	-31.0	24.0	-45.0	1.0	14.0	-7.0	14.0	90.05
33	127.0	74.0	32.0	46.0	18.0	-3.0	24.0	6.0	90.48
34	2.0	79.0	-42.0	31.0	-7.0	-2.0	-18.0	-3.0	93.44
35	-71.0	38.0	-1.0	2.0	-12.0	19.0	13.0	42.0	93.52
36	39.0	-69.0	91.0	-2.0	-9.0	-3.0	-18.0	55.0	89.31
37	-36.0	-23.0	-16.0	-36.0	-5.0	11.0	-11.0	-57.0	91.39
38	100.0	24.0	52.0	-78.0	11.0	-1.0	17.0	18.0	84.51
39	15.0	69.0	-26.0	67.0	-12.0	-1.0	27.0	-77.0	85.66
40	127.0	-128.0	-50.0	7.0	8.0	15.0	-24.0	-12.0	82.42
41	-8.0	-78.0	-9.0	-41.0	4.0	-11.0	44.0	75.0	79.68
42	-44.0	-71.0	-86.0	9.0	18.0	-6.0	100.0	15.0	84.51
43	44.0	-102.0	22.0	45.0	-9.0	-1.0	-13.0	3.0	83.59
44	29.0	127.0	-26.0	-18.0	8.0	-2.0	-26.0	-42.0	90.05
45	42.0	101.0	-15.0	3.0	17.0	5.0	85.0	-16.0	87.59
46	33.0	-61.0	33.0	-39.0	23.0	-2.0	-22.0	-5.0	84.51
47	-79.0	-21.0	-96.0	-35.0	13.0	-3.0	11.0	-7.0	54.74
48	85.0	62.0	-7.0	10.0	-12.0	-2.0	6.0	-7.0	54.31
49	67.0	127.0	25.0	-7.0	-9.0	-5.0	-48.0	7.0	61.86
50	-116.0	4.0	1.0	114.0	20.0	1.0	8.0	2.0	78.44
51	-25.0	-126.0	-37.0	17.0	-14.0	19.0	-50.0	-8.0	68.83
52	-72.0	66.0	52.0	15.0	34.0	-7.0	75.0	-29.0	84.51
53	-11.0	36.0	-17.0	35.0	-11.0	-14.0	18.0	10.0	80.45
54	-20.0	-97.0	-9.0	7.0	4.0	-13.0	-61.0	9.0	52.11
55	-48.0	52.0	125.0	-74.0	-12.0	10.0	31.0	16.0	80.45
56	-10.0	52.0	-38.0	-69.0	-18.0	-21.0	-22.0	-15.0	47.7
57	-24.0	127.0	18.0	-10.0	-74.0	-11.0	-15.0	-11.0	60.47
58	-128.0	-76.0	-62.0	-14.0	14.0	5.0	33.0	12.0	54.74
59	3.0	-47.0	-16.0	5.0	0.0	-3.0	-37.0	5.0	35.65
60	7.0	-56.0	-24.0	17.0	8.0	3.0	-16.0	0.0	42.31
61	111.0	106.0	-14.0	-14.0	-12.0	-1.0	29.0	59.0	35.25
62	57.0	55.0	34.0	127.0	17.0	4.0	28.0	-14.0	35.65
63	-4.0	-2.0	5.0	-85.0	10.0	-6.0	-30.0	-9.0	37.73
64	33.0	-19.0	-56.0	16.0	16.0	14.0	14.0	14.0	39.5
65	104.0	36.0	51.0	12.0	0.0	-3.0	-5.0	-14.0	39.78
66	127.0	-16.0	2.0	-43.0	6.0	15.0	-48.0	-15.0	39.5
67	19.0	65.0	-17.0	6.0	15.0	4.0	10.0	2.0	45.97
68	11.0	-11.0	-9.0	17.0	12.0	4.0	-49.0	11.0	37.6
69	-14.0	-113.0	34.0	-18.0	20.0	-34.0	-18.0	-33.0	54.31
70	-18.0	80.0	-119.0	63.0	-21.0	-3.0	13.0	-11.0	36.17
71	40.0	-27.0	26.0	-13.0	-91.0	-2.0	65.0	1.0	36.05
72	36.0	-53.0	-10.0	-38.0	-34.0	0.0	40.0	-6.0	37.6
73	-102.0	103.0	-10.0	7.0	6.0	-18.0	3.0	52.0	35.03
74	-53.0	-122.0	13.0	82.0	7.0	11.0	6.0	-36.0	51.91
75	-110.0	119.0	-14.0	20.0	-8.0	4.0	-6.0	26.0	35.25
76	-20.0	17.0	-36.0	-41.0	96.0	1.0	2.0	-30.0	49.17
77	99.0	64.0	-36.0	5.0	-6.0	0.0	1.0	-44.0	45.97
78	-120.0	-46.0	-9.0	2.0	27.0	13.0	-30.0	3.0	47.7
79	48.0	46.0	77.0	57.0	14.0	11.0	-47.0	-1.0	81.29
80	94.0	76.0	-51.0	35.0	-16.0	-8.0	6.0	23.0	76.38
81	47.0	113.0	14.0	-115.0	12.0	-7.0	34.0	-12.0	90.79
82	-123.0	-14.0	-2.0	-4.0	-36.0	-7.0	14.0	-24.0	95.04
