0	107.0	54.0	11.0	-5.0	-43.0	3.0	27.0	-27.0	74.56
1	39.0	15.0	41.0	23.0	-14.0	-4.0	24.0	46.0	70.96
2	-43.0	-19.0	-11.0	1.0	38.0	1.0	0.0	-36.0	79.77
3	-36.0	-24.0	-22.0	2.0	-9.0	14.0	69.0	22.0	63.5
4	-3.0	12.0	-14.0	-23.0	-5.0	-16.0	-15.0	-33.0	86.06
5	72.0	117.0	7.0	0.0	6.0	-9.0	-8.0	3.0	57.1
6	53.0	-14.0	11.0	-9.0	-17.0	-14.0	2.0	51.0	66.21
7	-19.0	-9.0	16.0	2.0	-1.0	-16.0	28.0	-86.0	59.41
8	-128.0	77.0	-5.0	2.0	-4.0	-3.0	18.0	-26.0	51.27
9	5.0	25.0	0.0	-22.0	1.0	0.0	-24.0	9.0	50.24
10	-73.0	3.0	5.0	11.0	6.0	-2.0	-7.0	72.0	48.85
11	10.0	11.0	32.0	-25.0	-24.0	-10.0	7.0	-5.0	46.81
12	38.0	3.0	-15.0	-66.0	-9.0	0.0	-17.0	1.0	44.99
13	6.0	-42.0	39.0	5.0	-8.0	-6.0	-45.0	-20.0	43.38
14	43.0	-25.0	9.0	36.0	-3.0	-15.0	-46.0	21.0	46.04
15	-67.0	-45.0	6.0	-4.0	3.0	1.0	1.0	-21.0	40.65
16	15.0	-60.0	21.0	7.0	6.0	-9.0	2.0	2.0	41.87
17	-11.0	102.0	102.0	3.0	7.0	14.0	12.0	-6.0	40.65
18	-19.0	-7.0	-34.0	68.0	-24.0	10.0	5.0	-47.0	39.81
19	34.0	61.0	-3.0	-11.0	-2.0	-18.0	85.0	-4.0	38.82
20	28.0	-128.0	15.0	-1.0	-12.0	5.0	-16.0	-2.0	38.82
21	19.0	-53.0	-10.0	33.0	7.0	-8.0	8.0	61.0	43.81
22	3.0	-45.0	-11.0	-5.0	-2.0	-8.0	-60.0	15.0	46.04
23	45.0	107.0	5.0	4.0	3.0	-3.0	-6.0	16.0	47.9
24	-6.0	31.0	2.0	20.0	-15.0	-15.0	59.0	-3.0	47.9
25	13.0	-7.0	15.0	-37.0	-4.0	-3.0	-30.0	16.0	53.44
26	14.0	-65.0	-49.0	3.0	15.0	-8.0	-10.0	15.0	51.26
27	5.0	-36.0	-17.0	21.0	1.0	0.0	-3.0	-128.0	53.44
28	73.0	63.0	1.0	81.0	31.0	2.0	-19.0	-4.0	70.96
29	28.0	23.0	-7.0	-33.0	-24.0	-1.0	4.0	15.0	87.85
30	21.0	38.0	-15.0	-50.0	-10.0	-3.0	-35.0	-46.0	90.47
31	-25.0	-19.0	8.0	62.0	13.0	-5.0	-5.0	1.0	56.49
32	-28.0	-39.0	32.0	1.0	-3.0	12.0	23.0	74.0	62.79
33	-3.0	15.0	-1.0	-6.0	-9.0	4.0	-4.0	40.0	61.26
34	73.0	12.0	-1.0	-6.0	2.0	-5.0	-11.0	-46.0	66.01
35	86.0	78.0	-11.0	-19.0	14.0	15.0	-9.0	-9.0	74.56
36	-32.0	22.0	35.0	21.0	28.0	-3.0	-23.0	-31.0	90.47
37	102.0	17.0	-3.0	-17.0	-13.0	-3.0	-6.0	28.0	89.25
38	-64.0	-19.0	-37.0	-4.0	28.0	4.0	-27.0	20.0	89.25
39	15.0	-7.0	25.0	0.0	-1.0	-3.0	12.0	25.0	69.69
40	-34.0	-53.0	-1.0	-11.0	-3.0	6.0	38.0	-38.0	86.45
41	3.0	19.0	1.0	-2.0	-4.0	14.0	-36.0	-79.0	113.4
42	-26.0	-31.0	19.0	1.0	6.0	-12.0	-49.0	46.0	117.01
43	-104.0	-10.0	-5.0	2.0	0.0	-1.0	-121.0	13.0	120.04
44	15.0	38.0	12.0	18.0	-5.0	45.0	18.0	-3.0	132.57
45	53.0	17.0	46.0	-1.0	-3.0	-10.0	-2.0	-31.0	122.83
46	29.0	-28.0	-51.0	-27.0	3.0	7.0	1.0	112.0	126.42
47	-6.0	26.0	72.0	-6.0	12.0	14.0	-17.0	45.0	130.81
48	-88.0	4.0	2.0	22.0	-10.0	7.0	-6.0	-39.0	125.46
49	7.0	-30.0	-15.0	1.0	-1.0	-3.0	20.0	65.0	116.62
50	-24.0	2.0	-5.0	-22.0	-1.0	-7.0	35.0	32.0	129.33
51	22.0	-12.0	-27.0	5.0	-8.0	1.0	-21.0	-5.0	130.88
52	-29.0	-95.0	49.0	1.0	-4.0	5.0	-5.0	-52.0	135.33
53	49.0	-39.0	-22.0	-26.0	9.0	0.0	-32.0	115.0	135.68
54	25.0	-53.0	23.0	14.0	3.0	7.0	-5.0	26.0	135.71
55	-38.0	109.0	8.0	-12.0	-20.0	-4.0	32.0	-21.0	135.68
56	-3.0	53.0	-40.0	-42.0	8.0	8.0	-11.0	-1.0	133.17
57	-34.0	-37.0	11.0	26.0	2.0	0.0	18.0	26.0	134.27
58	-28.0	16.0	25.0	17.0	-13.0	4.0	5.0	-4.0	132.57
59	0.0	0.0	-1.0	-20.0	-1.0	-3.0	-23.0	-51.0	130.88
60	6.0	-25.0	-4.0	4.0	-16.0	-10.0	11.0	-25.0	127.34
61	1.0	-7.0	29.0	-25.0	4.0	-6.0	60.0	9.0	113.4
62	20.0	3.0	4.0	-8.0	-13.0	8.0	39.0	-18.0	122.36
63	-41.0	16.0	15.0	17.0	3.0	0.0	31.0	-67.0	125.46
64	28.0	19.0	10.0	43.0	-2.0	-11.0	-37.0	26.0	113.38
65	-10.0	-13.0	0.0	-14.0	-6.0	17.0	-53.0	26.0	113.38
66	34.0	0.0	-5.0	14.0	-16.0	-10.0	2.0	-69.0	104.67
67	44.0	-65.0	-28.0	-2.0	-4.0	-16.0	-4.0	13.0	104.67
68	-23.0	10.0	25.0	83.0	-10.0	-3.0	-11.0	-6.0	107.08
69	-37.0	73.0	-13.0	-28.0	-23.0	8.0	17.0	-63.0	103.67
70	-55.0	28.0	1.0	-60.0	-3.0	23.0	4.0	51.0	100.57
71	-8.0	4.0	12.0	-29.0	8.0	-4.0	-4.0	-16.0	92.99
72	42.0	52.0	1.0	4.0	-3.0	-17.0	61.0	9.0	110.71
73	46.0	-41.0	-4.0	13.0	-12.0	0.0	-16.0	-18.0	77.0
74	7.0	-31.0	1.0	-42.0	2.0	-5.0	2.0	-15.0	82.76
75	-84.0	14.0	-2.0	36.0	-14.0	-1.0	0.0	-115.0	63.5
76	22.0	-27.0	-73.0	23.0	6.0	1.0	-25.0	-38.0	53.79
77	-35.0	-20.0	-27.0	23.0	-12.0	12.0	-19.0	-14.0	57.1
