0	-21.0	19.0	-13.0	-33.0	-5.0	1.0	3.0	-5.0	80.86
1	-20.0	-46.0	127.0	4.0	-13.0	-2.0	-17.0	9.0	83.29
2	-2.0	75.0	-9.0	29.0	7.0	7.0	10.0	10.0	76.75
3	28.0	-128.0	-54.0	-1.0	0.0	17.0	-30.0	0.0	73.61
4	-7.0	4.0	-24.0	-21.0	3.0	-11.0	-10.0	-28.0	66.26
5	-91.0	19.0	-50.0	90.0	-13.0	-9.0	1.0	-29.0	63.0
6	-1.0	3.0	-11.0	-1.0	-3.0	-3.0	-2.0	-20.0	61.2
7	99.0	-114.0	-8.0	-22.0	19.0	10.0	-2.0	5.0	57.02
8	-37.0	-11.0	-44.0	66.0	15.0	-11.0	-3.0	2.0	55.16
9	127.0	-2.0	26.0	30.0	-8.0	12.0	-13.0	2.0	55.67
10	25.0	87.0	12.0	4.0	-7.0	-6.0	-8.0	6.0	55.22
11	-44.0	-80.0	45.0	-7.0	18.0	5.0	1.0	-21.0	55.99
12	70.0	-13.0	3.0	-37.0	5.0	16.0	7.0	-1.0	55.03
13	20.0	-59.0	13.0	-94.0	-7.0	8.0	-46.0	2.0	55.22
14	19.0	-8.0	-2.0	73.0	-14.0	-2.0	54.0	25.0	56.52
15	44.0	61.0	9.0	114.0	9.0	-35.0	20.0	51.0	55.28
16	1.0	75.0	9.0	-111.0	-1.0	-21.0	29.0	-15.0	55.28
17	-87.0	-49.0	-32.0	21.0	-3.0	10.0	6.0	-26.0	57.4
18	-74.0	-57.0	22.0	-10.0	-1.0	40.0	-6.0	-7.0	58.21
19	-21.0	-25.0	26.0	10.0	12.0	5.0	-10.0	-7.0	57.5
20	-104.0	26.0	4.0	31.0	1.0	-6.0	4.0	24.0	61.16
21	-4.0	8.0	7.0	-76.0	7.0	17.0	-33.0	-5.0	57.5
22	85.0	4.0	-9.0	5.0	-1.0	9.0	15.0	11.0	61.16
23	-35.0	25.0	-70.0	-14.0	6.0	-7.0	8.0	21.0	61.8
24	-78.0	12.0	-24.0	1.0	-1.0	-42.0	80.0	8.0	59.03
25	82.0	-21.0	63.0	-28.0	-3.0	-18.0	-1.0	-27.0	62.96
26	44.0	40.0	-31.0	24.0	-2.0	15.0	-53.0	-18.0	65.95
27	-63.0	-15.0	-57.0	-87.0	8.0	-23.0	18.0	12.0	70.19
28	1.0	12.0	84.0	0.0	3.0	8.0	-4.0	-18.0	70.7
29	-53.0	50.0	-6.0	92.0	-9.0	3.0	-24.0	-26.0	70.19
30	20.0	-4.0	-8.0	92.0	10.0	9.0	-73.0	-3.0	75.05
31	6.0	-2.0	31.0	-14.0	0.0	10.0	8.0	-16.0	62.56
32	46.0	-21.0	-12.0	-35.0	-7.0	1.0	-3.0	25.0	62.55
33	11.0	68.0	-128.0	-27.0	1.0	-15.0	52.0	12.0	62.96
34	14.0	22.0	-22.0	-2.0	-12.0	25.0	52.0	0.0	62.55
35	-23.0	-17.0	26.0	-80.0	-13.0	14.0	6.0	2.0	61.04
36	34.0	-75.0	33.0	-22.0	-15.0	-17.0	-23.0	-4.0	66.26
37	-5.0	0.0	65.0	4.0	8.0	21.0	-20.0	37.0	75.05
38	-35.0	-20.0	-18.0	13.0	12.0	23.0	0.0	-1.0	79.14
39	101.0	-35.0	-22.0	38.0	-1.0	-6.0	81.0	4.0	83.5
40	-10.0	98.0	-5.0	-38.0	-12.0	-29.0	-8.0	-15.0	80.86
41	-84.0	-8.0	-28.0	47.0	-21.0	-3.0	6.0	-17.0	89.05
42	87.0	-22.0	-26.0	73.0	-2.0	3.0	-15.0	51.0	90.63
43	91.0	22.0	-26.0	-6.0	5.0	-6.0	-7.0	4.0	91.0
44	-124.0	12.0	-1.0	90.0	-8.0	4.0	37.0	-9.0	91.0
45	47.0	-17.0	24.0	10.0	-10.0	42.0	18.0	-5.0	92.78
46	39.0	23.0	6.0	5.0	-3.0	-9.0	9.0	-2.0	97.24
47	-1.0	3.0	4.0	-128.0	5.0	-5.0	-2.0	5.0	103.47
48	28.0	31.0	-70.0	-11.0	7.0	8.0	5.0	7.0	115.17
49	68.0	80.0	-14.0	55.0	-12.0	-22.0	2.0	-3.0	115.17
50	12.0	-21.0	-45.0	-6.0	3.0	24.0	3.0	29.0	110.72
51	17.0	127.0	-48.0	-37.0	-7.0	-16.0	8.0	13.0	119.14
52	-117.0	-82.0	-7.0	-13.0	22.0	6.0	-7.0	3.0	110.72
53	80.0	14.0	25.0	-17.0	-3.0	0.0	80.0	3.0	115.74
54	69.0	23.0	-18.0	-20.0	3.0	-7.0	-8.0	4.0	123.16
55	6.0	127.0	110.0	-95.0	7.0	-20.0	3.0	-19.0	114.9
56	12.0	-107.0	40.0	-22.0	-16.0	20.0	-10.0	-6.0	121.8
57	-30.0	53.0	-11.0	33.0	-5.0	3.0	-11.0	5.0	123.37
58	-26.0	64.0	-14.0	85.0	-8.0	-46.0	7.0	9.0	123.15
59	-1.0	-23.0	37.0	-4.0	-5.0	-3.0	7.0	-5.0	118.93
60	63.0	-7.0	28.0	-38.0	-8.0	-5.0	-28.0	-2.0	118.93
61	-20.0	19.0	-11.0	-2.0	7.0	8.0	39.0	-1.0	118.72
62	-66.0	-74.0	-6.0	17.0	12.0	-21.0	-17.0	3.0	121.8
63	70.0	-55.0	12.0	-49.0	-1.0	-19.0	-11.0	0.0	120.88
64	-95.0	121.0	-2.0	6.0	-1.0	22.0	-5.0	-35.0	117.26
65	72.0	-28.0	-38.0	-20.0	-12.0	6.0	35.0	-7.0	111.33
66	-37.0	19.0	20.0	8.0	6.0	-19.0	-25.0	32.0	108.8
67	-62.0	121.0	127.0	-6.0	-6.0	-3.0	41.0	-27.0	103.44
68	-2.0	-65.0	-2.0	12.0	-3.0	16.0	-7.0	12.0	99.99
69	127.0	-79.0	26.0	17.0	17.0	16.0	26.0	29.0	99.99
70	28.0	64.0	-87.0	-22.0	5.0	-13.0	-8.0	21.0	103.47
71	80.0	29.0	12.0	-58.0	-13.0	1.0	-72.0	12.0	113.52
72	-30.0	0.0	-2.0	-128.0	-7.0	-1.0	39.0	-10.0	94.81
73	-71.0	36.0	-128.0	18.0	1.0	-4.0	3.0	-1.0	94.01
74	59.0	52.0	72.0	14.0	10.0	2.0	-20.0	25.0	97.24
75	117.0	24.0	13.0	-41.0	-15.0	1.0	-4.0	-25.0	86.33
76	23.0	17.0	19.0	109.0	-4.0	17.0	75.0	-24.0	86.78
77	-7.0	-91.0	-25.0	16.0	20.0	0.0	27.0	6.0	86.33
