0	15.0	50.0	-56.0	-13.0	18.0	-19.0	-18.0	-21.0	78.81
1	104.0	-33.0	-41.0	-67.0	-8.0	-52.0	1.0	-11.0	91.23
2	-63.0	41.0	4.0	31.0	-10.0	-33.0	1.0	34.0	87.05
3	21.0	60.0	63.0	-1.0	9.0	3.0	8.0	7.0	81.94
4	-20.0	-25.0	12.0	-4.0	8.0	-4.0	2.0	20.0	78.81
5	46.0	84.0	66.0	-1.0	-3.0	12.0	-1.0	-6.0	71.88
6	-14.0	-51.0	62.0	16.0	12.0	24.0	3.0	10.0	81.94
7	40.0	-70.0	16.0	13.0	10.0	-6.0	-11.0	1.0	91.23
8	44.0	-128.0	-55.0	-8.0	-3.0	-13.0	3.0	1.0	110.18
9	-18.0	22.0	32.0	41.0	-2.0	7.0	-24.0	2.0	118.97
10	126.0	1.0	-8.0	-32.0	8.0	-16.0	-14.0	3.0	122.76
11	-43.0	-53.0	43.0	-17.0	-10.0	4.0	-13.0	9.0	125.04
12	-113.0	69.0	38.0	-8.0	-4.0	-21.0	9.0	31.0	124.91
13	66.0	-23.0	5.0	39.0	1.0	4.0	-1.0	5.0	124.88
14	-87.0	34.0	-21.0	-105.0	-9.0	7.0	21.0	2.0	124.88
15	-86.0	-37.0	11.0	-2.0	5.0	-5.0	21.0	5.0	124.75
16	6.0	-128.0	74.0	111.0	2.0	-39.0	3.0	10.0	120.28
17	46.0	127.0	0.0	38.0	6.0	0.0	5.0	4.0	121.62
18	10.0	53.0	-32.0	92.0	-16.0	-14.0	-13.0	-6.0	124.75
19	14.0	69.0	48.0	-2.0	-1.0	2.0	6.0	-14.0	115.69
20	127.0	123.0	44.0	-34.0	6.0	-6.0	-8.0	-17.0	118.97
21	21.0	-47.0	-64.0	-14.0	2.0	-12.0	-21.0	3.0	124.21
22	-59.0	21.0	114.0	-9.0	1.0	8.0	-5.0	-7.0	111.4
23	43.0	-19.0	-71.0	-55.0	10.0	4.0	2.0	1.0	119.09
24	17.0	-30.0	-100.0	-1.0	5.0	26.0	19.0	-3.0	121.62
25	20.0	-106.0	-13.0	93.0	2.0	5.0	-16.0	-3.0	116.06
26	42.0	-128.0	15.0	2.0	3.0	24.0	-6.0	-28.0	112.83
27	-7.0	-98.0	24.0	-7.0	-4.0	9.0	-34.0	-1.0	105.86
28	-31.0	41.0	20.0	-5.0	1.0	3.0	-12.0	-3.0	110.18
29	-52.0	70.0	-15.0	-15.0	0.0	4.0	9.0	12.0	100.53
30	-33.0	122.0	-58.0	125.0	-5.0	3.0	23.0	19.0	99.42
31	70.0	11.0	22.0	9.0	-4.0	4.0	18.0	-13.0	111.4
32	-128.0	87.0	3.0	-10.0	0.0	5.0	1.0	6.0	93.71
33	-20.0	-118.0	56.0	-23.0	-8.0	9.0	-6.0	-5.0	99.42
34	27.0	21.0	-24.0	-18.0	0.0	1.0	2.0	-4.0	105.45
35	113.0	-94.0	4.0	18.0	-11.0	-15.0	-13.0	-1.0	107.58
36	2.0	17.0	-24.0	-14.0	3.0	-10.0	3.0	-5.0	102.35
37	-3.0	-37.0	-80.0	28.0	15.0	-10.0	-28.0	18.0	91.73
38	-25.0	-78.0	11.0	-81.0	2.0	-7.0	-5.0	7.0	95.65
39	-10.0	-13.0	23.0	9.0	-16.0	-5.0	-11.0	15.0	96.27
40	-42.0	87.0	-25.0	-71.0	3.0	-18.0	-10.0	-16.0	79.32
41	-14.0	-18.0	18.0	-22.0	-8.0	-9.0	7.0	-22.0	83.13
42	-42.0	107.0	3.0	-2.0	-12.0	-6.0	35.0	-10.0	84.91
43	-111.0	64.0	-12.0	11.0	2.0	4.0	-9.0	-12.0	87.16
44	-112.0	10.0	-2.0	-29.0	-3.0	-5.0	-3.0	-19.0	89.66
45	90.0	-25.0	90.0	22.0	-5.0	23.0	12.0	21.0	89.66
46	-2.0	17.0	-19.0	39.0	2.0	16.0	-3.0	20.0	75.38
47	-5.0	127.0	-12.0	-3.0	18.0	-2.0	-25.0	6.0	74.4
48	98.0	-55.0	18.0	4.0	5.0	-8.0	-1.0	4.0	69.0
49	-67.0	-1.0	14.0	-13.0	11.0	-28.0	-9.0	3.0	63.8
50	64.0	23.0	83.0	10.0	-8.0	-5.0	-62.0	-12.0	53.47
51	-17.0	-10.0	-25.0	4.0	3.0	29.0	-6.0	-11.0	55.23
52	-19.0	73.0	-12.0	87.0	0.0	-3.0	3.0	1.0	53.33
53	43.0	29.0	-21.0	22.0	-2.0	-37.0	-12.0	6.0	52.8
54	50.0	-17.0	-80.0	-66.0	-3.0	13.0	14.0	-2.0	54.97
55	18.0	-112.0	42.0	-6.0	4.0	4.0	36.0	12.0	55.06
56	7.0	25.0	38.0	-5.0	7.0	-5.0	-2.0	4.0	54.81
57	-71.0	17.0	-8.0	-8.0	6.0	6.0	36.0	-15.0	55.38
58	-16.0	56.0	2.0	-30.0	-8.0	18.0	-10.0	-8.0	55.06
59	19.0	-6.0	45.0	15.0	-9.0	-21.0	10.0	4.0	54.93
60	-48.0	-106.0	-109.0	3.0	-9.0	17.0	-5.0	-15.0	62.18
61	71.0	28.0	-16.0	4.0	11.0	6.0	3.0	-7.0	61.23
62	127.0	-58.0	-44.0	96.0	1.0	18.0	23.0	7.0	53.88
63	101.0	-87.0	105.0	2.0	-2.0	-13.0	17.0	-19.0	63.8
64	126.0	-49.0	24.0	22.0	-2.0	-8.0	3.0	29.0	54.18
65	64.0	45.0	35.0	6.0	8.0	5.0	9.0	1.0	54.17
66	15.0	80.0	90.0	-95.0	7.0	-11.0	10.0	-5.0	56.85
67	28.0	122.0	-108.0	-99.0	-4.0	16.0	-18.0	-6.0	53.33
68	-105.0	-30.0	-59.0	-9.0	5.0	-5.0	-3.0	4.0	54.11
69	-109.0	-65.0	-14.0	31.0	-2.0	6.0	-5.0	-12.0	53.47
70	-42.0	-117.0	-32.0	-19.0	5.0	-14.0	10.0	-15.0	52.57
71	-26.0	-26.0	-16.0	14.0	-1.0	33.0	-35.0	-14.0	54.17
72	0.0	-32.0	114.0	111.0	2.0	7.0	-2.0	-13.0	58.33
73	-54.0	-17.0	27.0	5.0	-20.0	-2.0	1.0	-6.0	55.38
74	-57.0	6.0	-20.0	-26.0	-5.0	-2.0	-1.0	7.0	58.33
75	-59.0	28.0	48.0	13.0	-14.0	29.0	13.0	16.0	58.78
76	42.0	-44.0	-13.0	-11.0	-8.0	24.0	13.0	-15.0	66.93
77	99.0	6.0	26.0	-105.0	-1.0	-13.0	-12.0	-2.0	65.56
78	84.0	91.0	-1.0	10.0	-8.0	7.0	-8.0	-5.0	71.88
