0	29.0	65.0	-5.0	-44.0	-12.0	-3.0	-10.0	21.0	60.49
1	8.0	-38.0	4.0	7.0	2.0	28.0	3.0	-21.0	69.27
2	-62.0	25.0	30.0	31.0	1.0	3.0	-5.0	-3.0	69.27
3	18.0	9.0	33.0	-28.0	3.0	-29.0	-27.0	11.0	73.2
4	-128.0	-95.0	15.0	-35.0	7.0	-17.0	11.0	-4.0	81.56
5	79.0	85.0	27.0	-7.0	-15.0	-20.0	6.0	-10.0	82.58
6	-41.0	17.0	127.0	35.0	-2.0	-11.0	-35.0	11.0	86.44
7	15.0	75.0	-15.0	35.0	5.0	-13.0	-13.0	-15.0	91.6
8	-65.0	-30.0	-33.0	3.0	1.0	-6.0	-38.0	-29.0	94.32
9	-52.0	50.0	5.0	-11.0	2.0	-6.0	-1.0	-58.0	84.93
10	127.0	113.0	-17.0	-16.0	0.0	-27.0	-5.0	1.0	77.86
11	49.0	15.0	-65.0	-10.0	13.0	-25.0	-3.0	-34.0	86.44
12	-49.0	-47.0	-6.0	-26.0	-6.0	-2.0	1.0	-10.0	81.56
13	0.0	-58.0	8.0	-33.0	-27.0	1.0	-12.0	20.0	85.2
14	2.0	-4.0	4.0	19.0	-1.0	22.0	8.0	36.0	88.41
15	76.0	-64.0	-5.0	119.0	-1.0	-16.0	-20.0	-8.0	91.6
16	-7.0	-127.0	-79.0	9.0	-4.0	12.0	2.0	8.0	95.65
17	18.0	105.0	-65.0	10.0	-10.0	18.0	-8.0	-27.0	95.65
18	52.0	-30.0	64.0	127.0	0.0	-28.0	11.0	-22.0	102.21
19	5.0	-91.0	12.0	-10.0	-18.0	37.0	-8.0	17.0	93.04
20	42.0	81.0	-93.0	-3.0	8.0	21.0	-2.0	9.0	90.14
21	-58.0	-38.0	-5.0	127.0	11.0	19.0	3.0	-13.0	90.06
22	-100.0	9.0	-1.0	86.0	4.0	55.0	3.0	14.0	100.22
23	56.0	23.0	-3.0	-40.0	2.0	-2.0	26.0	40.0	100.22
24	51.0	41.0	-20.0	4.0	-6.0	-31.0	-8.0	-4.0	94.32
25	91.0	-69.0	8.0	-19.0	-1.0	-1.0	42.0	-24.0	104.41
26	-128.0	3.0	-28.0	-1.0	-7.0	7.0	-14.0	-19.0	106.0
27	41.0	41.0	1.0	-3.0	-1.0	-6.0	-16.0	20.0	112.54
28	20.0	-19.0	2.0	-2.0	9.0	-16.0	-10.0	21.0	106.0
29	-95.0	-101.0	-14.0	-6.0	31.0	-21.0	-13.0	29.0	113.4
30	-94.0	-33.0	24.0	104.0	0.0	13.0	0.0	6.0	109.88
31	25.0	-128.0	-12.0	-70.0	-7.0	-41.0	13.0	20.0	110.44
32	-71.0	127.0	33.0	13.0	-8.0	-27.0	-10.0	11.0	109.88
33	-36.0	57.0	-14.0	127.0	-3.0	-5.0	-16.0	2.0	113.79
34	127.0	-98.0	-116.0	15.0	8.0	14.0	56.0	5.0	114.02
35	12.0	-18.0	-128.0	41.0	14.0	15.0	-8.0	-5.0	113.79
36	65.0	61.0	-74.0	-68.0	7.0	-3.0	4.0	22.0	114.1
37	-1.0	56.0	119.0	11.0	1.0	18.0	-43.0	-21.0	113.4
38	-6.0	-54.0	-105.0	-128.0	-5.0	-9.0	3.0	12.0	107.1
39	58.0	28.0	-15.0	-110.0	41.0	11.0	28.0	-22.0	112.74
40	-13.0	-85.0	106.0	-41.0	1.0	4.0	13.0	14.0	107.1
41	-128.0	-117.0	16.0	-3.0	-7.0	-9.0	5.0	-3.0	108.37
42	6.0	-48.0	1.0	-47.0	3.0	17.0	12.0	3.0	113.0
43	66.0	67.0	19.0	-18.0	-19.0	-3.0	2.0	8.0	102.71
44	-69.0	-122.0	59.0	21.0	-5.0	12.0	8.0	9.0	99.34
45	-109.0	26.0	124.0	-86.0	-10.0	-8.0	-13.0	-13.0	98.29
46	-80.0	4.0	-42.0	-8.0	10.0	19.0	-3.0	10.0	88.49
47	66.0	-44.0	13.0	18.0	-5.0	-5.0	-5.0	12.0	75.46
48	-120.0	3.0	-25.0	-9.0	-4.0	-58.0	-9.0	28.0	61.7
49	16.0	-19.0	-41.0	-2.0	-12.0	-9.0	4.0	-45.0	68.59
50	-71.0	21.0	30.0	21.0	-11.0	14.0	-13.0	36.0	59.99
51	46.0	44.0	-20.0	54.0	9.0	14.0	26.0	-6.0	53.23
52	76.0	-65.0	25.0	7.0	-9.0	9.0	6.0	10.0	53.23
53	-125.0	-37.0	-68.0	2.0	5.0	-17.0	-10.0	-11.0	56.16
54	-18.0	12.0	10.0	82.0	4.0	55.0	-13.0	-37.0	57.39
55	-4.0	-66.0	18.0	29.0	-3.0	-20.0	-5.0	-9.0	57.93
56	-58.0	93.0	123.0	21.0	15.0	-11.0	13.0	5.0	63.2
57	40.0	-99.0	-41.0	-94.0	7.0	-26.0	4.0	-16.0	60.49
58	-34.0	39.0	57.0	-29.0	-21.0	22.0	14.0	-2.0	63.88
59	59.0	75.0	127.0	6.0	16.0	0.0	-31.0	3.0	60.29
60	126.0	-67.0	-10.0	-4.0	12.0	-13.0	-17.0	6.0	68.59
61	21.0	-26.0	7.0	24.0	8.0	6.0	-13.0	7.0	57.93
62	-15.0	-78.0	-18.0	-114.0	12.0	-14.0	-8.0	-16.0	52.05
63	-76.0	111.0	104.0	-12.0	-4.0	7.0	-15.0	-11.0	50.52
64	65.0	-76.0	-122.0	34.0	-8.0	-19.0	3.0	-10.0	50.5
65	-120.0	-128.0	-26.0	59.0	-4.0	-13.0	2.0	18.0	50.6
66	-128.0	15.0	-28.0	4.0	-8.0	-12.0	0.0	15.0	52.05
67	74.0	49.0	27.0	-21.0	4.0	48.0	-11.0	8.0	52.11
68	95.0	-83.0	-105.0	-44.0	41.0	7.0	-10.0	12.0	49.95
69	43.0	-128.0	1.0	21.0	1.0	-22.0	29.0	1.0	49.8
70	-98.0	57.0	5.0	-2.0	0.0	5.0	8.0	-3.0	50.08
71	-121.0	-25.0	1.0	34.0	2.0	16.0	-4.0	3.0	49.8
72	103.0	-4.0	-84.0	13.0	3.0	0.0	1.0	4.0	51.16
73	-95.0	101.0	4.0	77.0	-10.0	-5.0	-16.0	21.0	50.17
74	-8.0	115.0	-2.0	82.0	-14.0	-8.0	-8.0	21.0	51.57
75	78.0	89.0	-10.0	-3.0	5.0	-18.0	8.0	-10.0	52.87
76	-13.0	18.0	28.0	4.0	-6.0	16.0	-9.0	-9.0	51.16
77	44.0	-111.0	57.0	-37.0	9.0	19.0	13.0	17.0	50.17
78	-45.0	56.0	-27.0	-31.0	0.0	21.0	42.0	2.0	51.73
79	33.0	-16.0	17.0	8.0	-15.0	-52.0	5.0	7.0	60.86
80	6.0	67.0	20.0	-73.0	2.0	-17.0	24.0	20.0	60.29
