0	-24.0	101.0	-50.0	17.0	-9.0	8.0	4.0	-16.0	121.21
1	-32.0	31.0	-43.0	-7.0	18.0	-4.0	93.0	-6.0	117.36
2	-1.0	-25.0	-18.0	-19.0	-16.0	-11.0	2.0	-21.0	120.04
3	49.0	-21.0	-31.0	-25.0	-2.0	-13.0	10.0	-4.0	122.2
4	-20.0	-53.0	-58.0	82.0	8.0	9.0	-1.0	-3.0	121.34
5	0.0	73.0	25.0	-80.0	-10.0	5.0	-10.0	-3.0	121.69
6	71.0	15.0	-28.0	-32.0	10.0	-6.0	-21.0	-12.0	106.36
7	-14.0	-76.0	11.0	-9.0	-9.0	5.0	-2.0	2.0	87.61
8	44.0	72.0	60.0	2.0	-26.0	-19.0	6.0	70.0	67.25
9	50.0	41.0	19.0	-23.0	1.0	15.0	8.0	-43.0	51.79
10	-102.0	-103.0	-63.0	-10.0	-2.0	-3.0	-11.0	29.0	51.59
11	-104.0	1.0	-13.0	74.0	7.0	4.0	-5.0	-4.0	53.95
12	72.0	28.0	-70.0	-61.0	-23.0	11.0	-8.0	16.0	55.79
13	54.0	90.0	50.0	44.0	2.0	3.0	-2.0	1.0	73.24
14	-79.0	-32.0	-50.0	-44.0	21.0	20.0	-8.0	-3.0	76.31
15	63.0	-115.0	-51.0	-38.0	3.0	-12.0	1.0	-58.0	80.78
16	71.0	44.0	-50.0	45.0	9.0	3.0	-5.0	3.0	90.14
17	-71.0	39.0	5.0	-8.0	11.0	4.0	1.0	9.0	87.8
18	14.0	-57.0	12.0	35.0	-5.0	-27.0	4.0	-23.0	86.96
19	-89.0	-52.0	-58.0	-80.0	2.0	8.0	-6.0	-4.0	86.89
20	30.0	-104.0	-1.0	100.0	3.0	11.0	-2.0	29.0	86.89
21	29.0	38.0	35.0	-128.0	7.0	-10.0	-2.0	0.0	64.54
22	-115.0	51.0	1.0	20.0	-9.0	2.0	-11.0	3.0	62.15
23	42.0	9.0	-17.0	-8.0	1.0	-2.0	2.0	-24.0	49.86
24	35.0	88.0	84.0	-91.0	-1.0	9.0	3.0	4.0	49.86
25	33.0	-9.0	-45.0	100.0	2.0	-3.0	-3.0	-2.0	49.7
26	12.0	6.0	-7.0	-2.0	14.0	-23.0	12.0	-4.0	54.97
27	-69.0	96.0	42.0	20.0	-4.0	8.0	7.0	12.0	55.75
28	-83.0	-116.0	-128.0	51.0	-2.0	-7.0	-58.0	-21.0	66.21
29	85.0	-12.0	35.0	-67.0	12.0	-7.0	3.0	-9.0	64.26
30	-1.0	127.0	-64.0	50.0	-7.0	0.0	-2.0	1.0	52.08
31	-65.0	-128.0	30.0	-38.0	-5.0	0.0	12.0	-24.0	50.44
32	96.0	-9.0	-10.0	-17.0	-11.0	-4.0	-17.0	7.0	55.79
33	35.0	-101.0	33.0	4.0	-3.0	-8.0	106.0	9.0	55.75
34	-4.0	51.0	110.0	-54.0	-19.0	5.0	-2.0	-19.0	48.1
35	-83.0	-13.0	1.0	-111.0	1.0	16.0	0.0	3.0	47.43
36	-12.0	-48.0	56.0	69.0	3.0	-6.0	-8.0	16.0	46.33
37	0.0	18.0	118.0	-108.0	8.0	4.0	7.0	0.0	50.77
38	-7.0	-110.0	-49.0	105.0	-1.0	3.0	-18.0	3.0	50.77
39	-123.0	83.0	93.0	-2.0	-4.0	13.0	0.0	-8.0	62.19
40	-43.0	80.0	-82.0	-38.0	8.0	11.0	-8.0	51.0	50.44
41	124.0	-5.0	-22.0	118.0	14.0	-5.0	3.0	-20.0	47.43
42	1.0	-13.0	-23.0	124.0	1.0	-6.0	-9.0	-9.0	47.3
43	27.0	48.0	27.0	-19.0	3.0	2.0	9.0	-30.0	64.26
44	-37.0	105.0	-11.0	5.0	-12.0	-13.0	30.0	1.0	49.7
45	99.0	-3.0	-2.0	-64.0	1.0	-4.0	-10.0	10.0	53.7
46	-46.0	30.0	-10.0	38.0	-6.0	5.0	10.0	20.0	52.3
47	-51.0	-39.0	72.0	39.0	-11.0	9.0	-2.0	1.0	52.99
48	68.0	29.0	29.0	-40.0	-9.0	14.0	-30.0	1.0	52.08
49	77.0	-61.0	-128.0	1.0	-4.0	12.0	-18.0	-15.0	57.39
50	-22.0	11.0	59.0	-17.0	-4.0	21.0	9.0	26.0	72.46
51	-94.0	48.0	-1.0	-29.0	1.0	-6.0	-6.0	-3.0	80.96
52	38.0	-60.0	-95.0	46.0	-1.0	-16.0	-12.0	-10.0	80.78
53	-45.0	24.0	0.0	-7.0	-6.0	23.0	11.0	-12.0	70.56
54	65.0	-24.0	19.0	-97.0	-8.0	-4.0	7.0	18.0	66.21
55	40.0	38.0	46.0	19.0	4.0	-36.0	5.0	-14.0	73.24
56	-67.0	6.0	-48.0	-43.0	13.0	-2.0	3.0	12.0	77.26
57	64.0	34.0	-24.0	-43.0	12.0	4.0	29.0	-2.0	87.61
58	-8.0	3.0	-69.0	27.0	4.0	-2.0	5.0	11.0	90.14
59	14.0	65.0	35.0	-62.0	-9.0	2.0	-6.0	8.0	98.59
60	22.0	127.0	0.0	-120.0	6.0	-26.0	13.0	-34.0	92.59
61	19.0	-54.0	-28.0	-26.0	-20.0	0.0	-18.0	-18.0	97.06
62	127.0	16.0	-100.0	111.0	-5.0	-5.0	0.0	16.0	109.17
63	9.0	77.0	14.0	6.0	2.0	10.0	34.0	15.0	99.75
64	18.0	-37.0	43.0	-8.0	0.0	1.0	3.0	-25.0	110.65
65	-57.0	40.0	-103.0	23.0	20.0	6.0	-9.0	12.0	119.09
66	35.0	39.0	44.0	18.0	-15.0	-10.0	1.0	4.0	111.13
67	11.0	-128.0	-56.0	-58.0	-11.0	-12.0	-3.0	-7.0	113.71
68	0.0	99.0	25.0	8.0	3.0	-3.0	-2.0	-15.0	114.85
69	-83.0	67.0	110.0	-33.0	-5.0	1.0	4.0	1.0	105.71
70	23.0	-22.0	-46.0	-17.0	-2.0	-11.0	-20.0	36.0	105.71
71	-100.0	103.0	8.0	-22.0	6.0	21.0	15.0	-2.0	115.85
72	29.0	38.0	-37.0	-52.0	-4.0	-1.0	-8.0	21.0	121.34
73	63.0	127.0	35.0	-47.0	-7.0	6.0	3.0	3.0	119.26
74	-39.0	-7.0	-8.0	14.0	-2.0	-12.0	-3.0	8.0	111.13
75	44.0	-92.0	34.0	-58.0	-12.0	-3.0	-19.0	11.0	122.03
76	-12.0	117.0	-60.0	-20.0	4.0	-16.0	5.0	-10.0	122.2
77	-4.0	-31.0	30.0	-66.0	-15.0	-3.0	-4.0	5.0	121.8
78	69.0	-110.0	-13.0	13.0	0.0	5.0	5.0	-6.0	121.21
79	50.0	-1.0	32.0	23.0	13.0	11.0	2.0	-6.0	117.36
