0	-45.0	27.0	-6.0	-16.0	5.0	-1.0	-12.0	5.0	135.64
1	-40.0	-3.0	-31.0	-37.0	1.0	25.0	6.0	-21.0	130.43
2	-47.0	-87.0	25.0	-99.0	0.0	-22.0	-1.0	-18.0	128.34
3	-20.0	-14.0	17.0	16.0	-11.0	-24.0	-19.0	-24.0	130.43
4	15.0	-51.0	28.0	5.0	25.0	1.0	5.0	-7.0	133.1
5	-1.0	-62.0	-34.0	-34.0	-9.0	9.0	1.0	3.0	135.64
6	32.0	20.0	33.0	-27.0	7.0	1.0	17.0	-9.0	127.98
7	-22.0	-39.0	49.0	11.0	6.0	32.0	7.0	3.0	130.12
8	-17.0	60.0	-51.0	-24.0	10.0	-12.0	25.0	5.0	131.86
9	40.0	74.0	25.0	-8.0	-6.0	-4.0	-9.0	17.0	125.09
10	1.0	-6.0	10.0	25.0	-7.0	-18.0	-3.0	45.0	113.55
11	34.0	62.0	-15.0	-29.0	-7.0	2.0	-17.0	-33.0	126.64
12	-10.0	63.0	-10.0	72.0	-9.0	-12.0	-12.0	7.0	134.99
13	-21.0	-77.0	16.0	-20.0	-16.0	-4.0	5.0	18.0	126.64
14	28.0	-58.0	26.0	49.0	-15.0	-18.0	-6.0	16.0	123.98
15	67.0	14.0	1.0	-10.0	6.0	-7.0	-11.0	-20.0	130.76
16	-10.0	-14.0	-63.0	-24.0	4.0	20.0	5.0	-11.0	130.12
17	2.0	-40.0	-16.0	-17.0	-6.0	1.0	10.0	-10.0	116.24
18	-68.0	-15.0	-3.0	-2.0	-7.0	3.0	-5.0	2.0	102.77
19	40.0	-23.0	54.0	-20.0	5.0	0.0	2.0	0.0	118.84
20	1.0	26.0	68.0	-20.0	-11.0	1.0	-13.0	39.0	119.76
21	-39.0	30.0	44.0	-5.0	16.0	-14.0	15.0	3.0	108.18
22	-16.0	-24.0	-6.0	-15.0	-11.0	-7.0	-1.0	-25.0	80.07
23	-19.0	26.0	-40.0	-27.0	6.0	-19.0	-11.0	9.0	80.87
24	-12.0	27.0	6.0	-109.0	-13.0	6.0	-4.0	-17.0	102.77
25	-3.0	60.0	-4.0	-31.0	3.0	-2.0	1.0	19.0	89.91
26	19.0	67.0	3.0	36.0	-7.0	1.0	-2.0	15.0	110.55
27	50.0	21.0	3.0	42.0	-7.0	-22.0	11.0	10.0	71.21
28	-1.0	29.0	-74.0	15.0	3.0	2.0	-20.0	4.0	99.39
29	-43.0	-23.0	42.0	-10.0	0.0	7.0	0.0	0.0	90.1
30	-39.0	45.0	-15.0	-7.0	15.0	3.0	0.0	11.0	82.0
31	29.0	-22.0	-67.0	35.0	-6.0	-11.0	9.0	33.0	111.79
32	9.0	99.0	-93.0	-62.0	-2.0	-9.0	15.0	23.0	75.32
33	-77.0	-15.0	-5.0	-5.0	-9.0	29.0	25.0	9.0	79.42
34	52.0	-33.0	1.0	5.0	0.0	-18.0	-8.0	-26.0	70.14
35	16.0	38.0	-1.0	-3.0	-6.0	15.0	-14.0	-14.0	89.91
36	11.0	-63.0	-31.0	93.0	8.0	-22.0	5.0	-2.0	66.44
37	17.0	-25.0	38.0	-14.0	-17.0	1.0	105.0	-37.0	66.44
38	-58.0	-35.0	-49.0	-34.0	-5.0	-1.0	9.0	-7.0	54.14
39	-19.0	-43.0	2.0	1.0	11.0	-2.0	-7.0	-9.0	62.12
40	-72.0	32.0	26.0	-89.0	-4.0	3.0	9.0	9.0	64.04
41	-1.0	56.0	63.0	28.0	26.0	4.0	21.0	-7.0	50.94
42	-72.0	73.0	107.0	2.0	-22.0	-9.0	-16.0	-6.0	50.54
43	-13.0	18.0	-61.0	10.0	-6.0	8.0	20.0	-6.0	46.71
44	-61.0	11.0	-28.0	-5.0	-9.0	15.0	-22.0	-4.0	47.68
45	-18.0	-3.0	0.0	-13.0	17.0	-2.0	1.0	-19.0	47.01
46	6.0	-26.0	22.0	-54.0	4.0	1.0	1.0	19.0	49.25
47	-18.0	-24.0	14.0	-4.0	-18.0	-12.0	1.0	12.0	46.92
48	82.0	-45.0	52.0	28.0	-9.0	18.0	2.0	-9.0	46.7
49	125.0	-54.0	-37.0	17.0	-2.0	21.0	16.0	19.0	46.7
50	43.0	46.0	18.0	-26.0	-9.0	-14.0	68.0	-7.0	46.26
51	-15.0	-1.0	-7.0	-11.0	0.0	17.0	-10.0	18.0	46.33
52	118.0	1.0	-32.0	-14.0	10.0	-14.0	11.0	-12.0	47.96
53	-8.0	-5.0	-10.0	-6.0	-1.0	17.0	-6.0	23.0	49.13
54	-54.0	-7.0	-22.0	-15.0	-11.0	-3.0	6.0	-10.0	51.81
55	-18.0	-12.0	83.0	0.0	-6.0	-11.0	-3.0	-16.0	49.95
56	-18.0	61.0	120.0	29.0	-2.0	9.0	-16.0	-19.0	51.81
57	-54.0	8.0	0.0	20.0	1.0	9.0	9.0	-9.0	52.43
58	82.0	-14.0	-25.0	-2.0	23.0	1.0	-36.0	4.0	55.6
59	78.0	15.0	-32.0	-9.0	-1.0	5.0	6.0	-9.0	54.14
60	17.0	-99.0	-11.0	-29.0	-5.0	-5.0	2.0	1.0	47.01
61	25.0	-66.0	45.0	-13.0	-8.0	3.0	-16.0	31.0	46.92
62	-98.0	-4.0	-16.0	72.0	11.0	-6.0	-9.0	0.0	51.81
63	39.0	7.0	2.0	110.0	7.0	11.0	-5.0	39.0	50.94
64	13.0	19.0	-3.0	7.0	10.0	-4.0	-14.0	-1.0	52.36
65	28.0	10.0	-16.0	0.0	12.0	4.0	5.0	-14.0	47.88
66	-1.0	-71.0	2.0	-15.0	-19.0	-2.0	-34.0	-11.0	58.93
67	32.0	-2.0	-4.0	-108.0	7.0	3.0	-7.0	11.0	58.96
68	6.0	-51.0	11.0	124.0	-9.0	-8.0	-17.0	-22.0	73.26
69	-24.0	-8.0	-61.0	5.0	4.0	-8.0	13.0	-17.0	64.04
70	49.0	63.0	-31.0	-7.0	20.0	-1.0	-4.0	-10.0	80.87
71	-48.0	40.0	3.0	-20.0	-10.0	-13.0	3.0	-13.0	88.01
72	-2.0	-72.0	-4.0	30.0	7.0	11.0	4.0	-42.0	118.84
73	-5.0	18.0	-7.0	-3.0	18.0	-11.0	-2.0	-1.0	122.57
74	-62.0	-7.0	18.0	0.0	10.0	-10.0	-16.0	-5.0	123.89
75	18.0	-24.0	-19.0	86.0	-4.0	-20.0	-18.0	9.0	126.5
