0	-28.0	-13.0	-50.0	16.0	0.0	-6.0	17.0	-20.0	61.19
1	58.0	-21.0	127.0	7.0	8.0	21.0	-8.0	11.0	59.73
2	-11.0	1.0	64.0	-10.0	-12.0	0.0	12.0	14.0	67.12
3	-11.0	26.0	-16.0	2.0	8.0	33.0	-18.0	3.0	70.58
4	12.0	9.0	2.0	-61.0	-11.0	6.0	-11.0	4.0	81.07
5	-46.0	0.0	-29.0	-16.0	-14.0	-15.0	0.0	0.0	73.91
6	-45.0	91.0	-6.0	0.0	5.0	17.0	-26.0	-12.0	79.4
7	82.0	-28.0	-43.0	44.0	6.0	2.0	3.0	6.0	86.77
8	8.0	-55.0	3.0	25.0	9.0	0.0	5.0	-14.0	107.94
9	-12.0	-11.0	-6.0	-16.0	-33.0	17.0	-29.0	15.0	114.18
10	-44.0	-77.0	-2.0	2.0	-3.0	0.0	-2.0	15.0	127.84
11	-17.0	-41.0	-110.0	49.0	-16.0	-20.0	-10.0	-11.0	128.04
12	-3.0	29.0	79.0	25.0	4.0	-6.0	-8.0	6.0	126.95
13	39.0	-57.0	12.0	-6.0	-3.0	11.0	-6.0	-16.0	100.96
14	-7.0	-13.0	38.0	65.0	-10.0	0.0	13.0	4.0	104.65
15	-49.0	55.0	15.0	-8.0	-17.0	-29.0	14.0	-7.0	91.51
16	-46.0	4.0	-46.0	12.0	-8.0	-15.0	4.0	22.0	123.44
17	-42.0	1.0	-3.0	-44.0	22.0	-40.0	12.0	12.0	115.39
18	-4.0	-33.0	63.0	-13.0	12.0	39.0	11.0	-7.0	122.35
19	22.0	8.0	-2.0	1.0	-15.0	-4.0	-9.0	-15.0	107.29
20	-7.0	127.0	-58.0	44.0	0.0	-4.0	-1.0	-8.0	89.4
21	14.0	-2.0	-3.0	-13.0	-5.0	-15.0	28.0	1.0	97.07
22	23.0	124.0	15.0	11.0	24.0	-17.0	21.0	-26.0	97.07
23	-7.0	69.0	20.0	19.0	-30.0	-3.0	8.0	14.0	114.18
24	6.0	-13.0	18.0	-26.0	-2.0	19.0	-17.0	18.0	126.95
25	28.0	-4.0	-16.0	-43.0	1.0	5.0	-11.0	29.0	115.03
26	13.0	-18.0	98.0	-52.0	-11.0	-13.0	-23.0	32.0	127.27
27	41.0	-25.0	25.0	20.0	-6.0	2.0	2.0	0.0	127.11
28	114.0	93.0	7.0	-35.0	4.0	-13.0	16.0	-6.0	124.03
29	82.0	-24.0	-34.0	-13.0	11.0	19.0	-7.0	45.0	95.47
30	54.0	82.0	-60.0	-1.0	31.0	0.0	-13.0	0.0	100.96
31	-11.0	-101.0	-43.0	47.0	9.0	8.0	-7.0	4.0	114.24
32	-4.0	76.0	13.0	49.0	-2.0	2.0	-5.0	-16.0	119.16
33	58.0	113.0	17.0	-13.0	20.0	-8.0	-1.0	-17.0	116.37
34	43.0	-49.0	-3.0	7.0	-6.0	-5.0	-8.0	22.0	109.63
35	7.0	23.0	60.0	-33.0	9.0	-11.0	2.0	7.0	92.78
36	-49.0	-33.0	7.0	15.0	-18.0	-4.0	-16.0	-8.0	123.44
37	-56.0	10.0	86.0	-5.0	-1.0	-23.0	-5.0	-1.0	117.23
38	-7.0	-47.0	28.0	19.0	16.0	-27.0	3.0	2.0	127.84
39	29.0	-40.0	108.0	-76.0	-7.0	-22.0	11.0	-2.0	127.11
40	10.0	-33.0	-113.0	112.0	-1.0	0.0	16.0	13.0	97.38
41	-50.0	-80.0	13.0	-9.0	-4.0	12.0	-40.0	3.0	115.39
42	-50.0	15.0	-62.0	10.0	-8.0	-11.0	-11.0	43.0	89.4
43	-13.0	-50.0	-10.0	20.0	-10.0	15.0	0.0	-20.0	77.67
44	-39.0	12.0	2.0	-13.0	4.0	-14.0	35.0	0.0	77.67
45	-1.0	10.0	32.0	12.0	-2.0	17.0	6.0	-18.0	76.57
46	-82.0	-3.0	-7.0	19.0	6.0	4.0	-8.0	-3.0	59.95
47	12.0	-52.0	54.0	1.0	-11.0	-12.0	12.0	1.0	61.66
48	101.0	126.0	-32.0	20.0	-3.0	19.0	2.0	-11.0	45.58
49	4.0	-1.0	-11.0	-55.0	-5.0	2.0	38.0	13.0	60.79
50	23.0	-97.0	-65.0	-19.0	0.0	14.0	5.0	8.0	60.79
51	24.0	80.0	-60.0	127.0	18.0	4.0	7.0	-1.0	70.51
52	21.0	93.0	48.0	25.0	35.0	1.0	-8.0	12.0	70.51
53	39.0	6.0	24.0	9.0	13.0	-4.0	17.0	-32.0	50.68
54	-23.0	9.0	-5.0	-84.0	-11.0	-6.0	26.0	12.0	42.97
55	-40.0	48.0	16.0	-47.0	9.0	-9.0	2.0	27.0	50.68
56	-14.0	15.0	8.0	-9.0	2.0	2.0	16.0	8.0	44.71
57	-5.0	-33.0	-10.0	45.0	9.0	-8.0	-15.0	-5.0	59.73
58	26.0	-70.0	-40.0	-15.0	22.0	43.0	-2.0	3.0	66.81
59	50.0	13.0	7.0	-6.0	-2.0	3.0	-21.0	0.0	70.58
60	6.0	18.0	112.0	31.0	-8.0	-12.0	-3.0	9.0	51.37
61	58.0	-5.0	34.0	20.0	-14.0	-16.0	-7.0	12.0	57.43
62	39.0	109.0	-2.0	-105.0	-7.0	-4.0	0.0	1.0	49.66
63	5.0	12.0	19.0	-19.0	1.0	48.0	-16.0	-2.0	50.33
64	-27.0	45.0	6.0	35.0	-2.0	0.0	-14.0	-2.0	42.91
65	-22.0	-7.0	-38.0	5.0	9.0	-17.0	-8.0	-3.0	39.61
66	-8.0	4.0	-11.0	-16.0	-2.0	12.0	5.0	0.0	38.77
67	3.0	9.0	34.0	-1.0	7.0	-20.0	39.0	-31.0	38.11
68	49.0	4.0	34.0	15.0	-21.0	-6.0	-6.0	-24.0	38.17
69	-14.0	-105.0	-14.0	14.0	-19.0	-17.0	-14.0	25.0	38.32
70	-25.0	-26.0	-119.0	-12.0	7.0	-3.0	-1.0	4.0	38.16
71	-2.0	-104.0	-48.0	10.0	10.0	7.0	-5.0	8.0	38.77
72	41.0	2.0	97.0	44.0	1.0	12.0	-11.0	-17.0	38.16
73	-42.0	18.0	32.0	25.0	7.0	-15.0	16.0	-19.0	38.81
74	79.0	24.0	86.0	-78.0	-8.0	-10.0	-8.0	-6.0	40.18
75	64.0	-28.0	-54.0	-103.0	9.0	-6.0	17.0	-25.0	42.97
76	-4.0	34.0	79.0	-128.0	4.0	7.0	-3.0	8.0	40.89
77	13.0	-46.0	-3.0	67.0	-10.0	22.0	20.0	51.0	40.89
78	-46.0	21.0	-117.0	127.0	-10.0	4.0	-8.0	-14.0	44.71
79	-4.0	11.0	-44.0	-10.0	11.0	9.0	2.0	9.0	60.98
