0	-71.0	29.0	-25.0	-2.0	-26.0	-4.0	8.0	7.0	73.02
1	127.0	68.0	37.0	-23.0	-7.0	-10.0	-10.0	12.0	64.75
2	37.0	38.0	21.0	15.0	-10.0	9.0	-128.0	-29.0	60.66
3	117.0	27.0	23.0	17.0	1.0	-3.0	67.0	2.0	55.37
4	-81.0	94.0	-68.0	79.0	8.0	-12.0	-5.0	-25.0	55.25
5	38.0	-19.0	13.0	3.0	2.0	-45.0	-25.0	0.0	60.46
6	-46.0	-117.0	47.0	-128.0	7.0	-25.0	4.0	-9.0	65.51
7	-91.0	-24.0	-124.0	6.0	-13.0	-7.0	-13.0	1.0	62.94
8	7.0	38.0	4.0	31.0	-16.0	4.0	6.0	-1.0	58.19
9	-15.0	-76.0	-2.0	-60.0	-21.0	4.0	127.0	-8.0	55.08
10	11.0	44.0	-124.0	-2.0	-5.0	12.0	-38.0	3.0	52.63
11	19.0	-20.0	-40.0	11.0	5.0	35.0	-35.0	20.0	54.01
12	-52.0	10.0	-17.0	75.0	34.0	0.0	-45.0	5.0	54.89
13	22.0	-128.0	-83.0	127.0	13.0	-7.0	-7.0	38.0	54.43
14	-53.0	42.0	8.0	60.0	-23.0	-11.0	73.0	68.0	54.01
15	-98.0	127.0	-22.0	-1.0	-7.0	1.0	-5.0	-9.0	51.67
16	-86.0	5.0	14.0	33.0	3.0	33.0	-20.0	-51.0	51.67
17	21.0	16.0	97.0	13.0	14.0	-11.0	-25.0	43.0	54.05
18	-75.0	51.0	-2.0	-25.0	-3.0	-16.0	-81.0	-7.0	51.88
19	7.0	4.0	-76.0	-51.0	1.0	-20.0	66.0	-27.0	51.96
20	-29.0	95.0	-63.0	-26.0	-12.0	10.0	-10.0	-17.0	53.52
21	66.0	-23.0	76.0	2.0	17.0	7.0	-22.0	-25.0	51.76
22	11.0	39.0	7.0	53.0	-14.0	-19.0	-31.0	22.0	52.35
23	127.0	-87.0	-16.0	-6.0	11.0	-14.0	-27.0	6.0	52.92
24	-60.0	-75.0	20.0	-30.0	0.0	13.0	110.0	-32.0	52.92
25	-11.0	-106.0	88.0	69.0	-5.0	27.0	42.0	10.0	54.05
26	44.0	-42.0	-46.0	-42.0	-6.0	25.0	15.0	-9.0	57.51
27	-88.0	58.0	-23.0	33.0	-10.0	4.0	43.0	2.0	62.94
28	7.0	104.0	15.0	33.0	-8.0	30.0	-33.0	65.0	60.46
29	-51.0	-35.0	26.0	-13.0	3.0	-40.0	-53.0	29.0	70.33
30	3.0	-41.0	33.0	41.0	1.0	-29.0	-21.0	-30.0	76.79
31	-111.0	53.0	-10.0	-86.0	10.0	-2.0	-49.0	72.0	86.3
32	-16.0	-22.0	-5.0	-48.0	-1.0	14.0	-10.0	7.0	81.31
33	68.0	47.0	13.0	56.0	2.0	-15.0	39.0	27.0	80.1
34	68.0	-39.0	-22.0	-78.0	-13.0	-19.0	8.0	-17.0	84.87
35	127.0	87.0	127.0	93.0	-14.0	-11.0	-9.0	-23.0	87.79
36	-95.0	-37.0	-128.0	0.0	-5.0	-40.0	17.0	-28.0	89.56
37	1.0	20.0	2.0	-56.0	-5.0	-9.0	-72.0	24.0	97.56
38	125.0	-40.0	28.0	14.0	4.0	-13.0	55.0	-19.0	102.76
39	35.0	84.0	-13.0	1.0	32.0	14.0	-24.0	26.0	105.94
40	55.0	-13.0	-47.0	127.0	-1.0	-41.0	5.0	27.0	115.74
41	-128.0	17.0	-26.0	13.0	1.0	22.0	-11.0	43.0	111.41
42	7.0	4.0	-110.0	0.0	-8.0	-20.0	-11.0	-8.0	116.49
43	-45.0	21.0	-3.0	-6.0	6.0	-59.0	116.0	-17.0	100.15
44	-71.0	6.0	4.0	8.0	-3.0	12.0	110.0	14.0	94.68
45	68.0	-88.0	-19.0	50.0	24.0	21.0	-44.0	-16.0	89.56
46	-82.0	39.0	-28.0	10.0	7.0	13.0	-95.0	54.0	89.58
47	-125.0	-73.0	-32.0	-17.0	-6.0	10.0	-4.0	25.0	94.68
48	39.0	-30.0	6.0	38.0	-10.0	8.0	-24.0	-46.0	99.93
49	-51.0	43.0	16.0	-49.0	8.0	-12.0	16.0	-12.0	114.2
50	53.0	-116.0	-56.0	-35.0	3.0	-43.0	-73.0	-4.0	102.76
51	76.0	57.0	21.0	-8.0	-8.0	34.0	-52.0	3.0	119.18
52	121.0	81.0	19.0	29.0	3.0	-20.0	19.0	-19.0	116.49
53	3.0	-17.0	4.0	-13.0	8.0	15.0	-9.0	-7.0	121.17
54	51.0	-35.0	-57.0	-125.0	3.0	22.0	-38.0	18.0	124.73
55	-94.0	-56.0	-16.0	2.0	9.0	-41.0	4.0	-18.0	124.73
56	108.0	45.0	64.0	-18.0	-5.0	-12.0	-53.0	-55.0	125.07
57	-14.0	-50.0	76.0	21.0	-7.0	26.0	-60.0	1.0	129.37
58	-74.0	-119.0	13.0	-21.0	-5.0	-56.0	6.0	-26.0	129.37
59	21.0	-3.0	-17.0	20.0	4.0	62.0	-45.0	7.0	127.8
60	-110.0	-9.0	-13.0	-115.0	-10.0	19.0	121.0	5.0	122.82
61	-3.0	-37.0	100.0	78.0	-1.0	-22.0	-24.0	15.0	119.18
62	-105.0	-111.0	-4.0	-14.0	-6.0	-23.0	-23.0	14.0	119.4
63	-127.0	12.0	13.0	-61.0	-47.0	16.0	8.0	-47.0	120.71
64	58.0	-83.0	-128.0	16.0	23.0	-9.0	17.0	-6.0	118.55
65	-119.0	83.0	-102.0	19.0	-6.0	4.0	57.0	7.0	109.01
66	0.0	7.0	127.0	12.0	-6.0	7.0	-35.0	-9.0	105.94
67	-4.0	34.0	0.0	-2.0	15.0	7.0	-19.0	-25.0	106.25
68	52.0	55.0	77.0	-66.0	-15.0	26.0	16.0	-45.0	96.93
69	-24.0	8.0	54.0	-5.0	19.0	-33.0	-69.0	-12.0	96.49
70	43.0	127.0	-7.0	-105.0	6.0	9.0	52.0	-24.0	93.36
71	118.0	-122.0	-9.0	27.0	-9.0	19.0	32.0	48.0	91.8
72	-53.0	-38.0	-10.0	-32.0	-38.0	-6.0	53.0	-18.0	93.88
73	-79.0	68.0	-30.0	-128.0	-22.0	23.0	-10.0	64.0	73.02
74	-59.0	38.0	8.0	23.0	6.0	-15.0	-7.0	0.0	86.3
75	62.0	81.0	13.0	46.0	7.0	-29.0	-18.0	-10.0	76.99
76	-128.0	-125.0	90.0	-128.0	30.0	-28.0	34.0	-38.0	72.15
