0	39.0	-82.0	-26.0	-6.0	10.0	3.0	37.0	-27.0	99.99
1	-37.0	127.0	-38.0	17.0	-13.0	10.0	2.0	5.0	91.0
2	-87.0	-74.0	-87.0	109.0	-13.0	-5.0	-13.0	21.0	97.24
3	70.0	29.0	-2.0	29.0	-5.0	2.0	-53.0	12.0	86.78
4	-26.0	50.0	110.0	-128.0	8.0	-19.0	1.0	11.0	91.0
5	127.0	12.0	84.0	-111.0	-12.0	-21.0	52.0	-17.0	94.81
6	-7.0	-128.0	26.0	-17.0	-3.0	-3.0	3.0	-21.0	89.05
7	-35.0	121.0	-44.0	-22.0	-3.0	-3.0	-24.0	-25.0	86.33
8	19.0	-4.0	-8.0	-58.0	-8.0	20.0	-25.0	-29.0	80.86
9	70.0	-65.0	-128.0	92.0	-5.0	17.0	3.0	24.0	80.86
10	28.0	31.0	-24.0	-2.0	-1.0	-11.0	-6.0	5.0	70.7
11	-1.0	98.0	24.0	-13.0	12.0	14.0	4.0	-1.0	70.19
12	-30.0	8.0	-13.0	24.0	5.0	10.0	-73.0	-3.0	73.61
13	-66.0	-21.0	26.0	5.0	-14.0	-4.0	9.0	4.0	62.96
14	23.0	23.0	72.0	-22.0	-10.0	-9.0	-7.0	25.0	62.56
15	-5.0	-28.0	20.0	-128.0	1.0	8.0	-72.0	10.0	66.26
16	34.0	75.0	-25.0	-6.0	8.0	10.0	8.0	6.0	66.26
17	-20.0	-15.0	-22.0	-41.0	-21.0	8.0	80.0	0.0	75.05
18	-71.0	61.0	127.0	90.0	-8.0	23.0	6.0	-24.0	76.75
19	28.0	-22.0	-18.0	-22.0	22.0	8.0	18.0	-20.0	63.0
20	-63.0	-2.0	-9.0	-28.0	20.0	12.0	-2.0	-5.0	70.19
21	87.0	-11.0	12.0	90.0	-5.0	-6.0	35.0	37.0	75.05
22	44.0	-17.0	-2.0	-38.0	-6.0	-35.0	-20.0	5.0	62.96
23	-2.0	-57.0	127.0	10.0	7.0	-11.0	3.0	3.0	62.55
24	117.0	19.0	26.0	12.0	3.0	-9.0	-7.0	-9.0	62.55
25	101.0	24.0	-70.0	-33.0	-7.0	7.0	27.0	6.0	61.8
26	-95.0	64.0	-22.0	-1.0	-12.0	3.0	-1.0	2.0	61.16
27	-23.0	-13.0	13.0	1.0	-9.0	5.0	-10.0	-18.0	61.04
28	47.0	52.0	-57.0	17.0	18.0	-6.0	80.0	12.0	59.03
29	14.0	-55.0	-2.0	-87.0	-3.0	1.0	6.0	4.0	61.16
30	-20.0	19.0	-9.0	-35.0	12.0	22.0	-3.0	9.0	57.5
31	6.0	17.0	-6.0	38.0	1.0	-2.0	1.0	3.0	55.67
32	-91.0	-2.0	6.0	8.0	-3.0	-21.0	-15.0	-16.0	55.28
33	12.0	-80.0	-2.0	21.0	5.0	-16.0	8.0	13.0	55.03
34	20.0	121.0	28.0	14.0	-1.0	42.0	-8.0	-6.0	55.99
35	-124.0	3.0	45.0	-49.0	7.0	9.0	81.0	-3.0	55.16
36	91.0	68.0	-24.0	-22.0	7.0	-46.0	-28.0	25.0	55.22
37	80.0	-114.0	-14.0	73.0	17.0	-17.0	-4.0	-10.0	58.21
38	-62.0	-91.0	25.0	18.0	-1.0	0.0	-4.0	9.0	55.22
39	11.0	-8.0	65.0	-7.0	-4.0	1.0	29.0	3.0	57.5
40	82.0	4.0	-50.0	114.0	-8.0	3.0	-10.0	-27.0	55.28
41	-117.0	-49.0	-32.0	73.0	-3.0	5.0	7.0	12.0	57.02
42	6.0	-75.0	40.0	-94.0	-15.0	1.0	-11.0	-2.0	57.4
43	72.0	22.0	-54.0	-95.0	-1.0	17.0	6.0	-2.0	56.52
44	-4.0	-8.0	-11.0	-11.0	-12.0	-3.0	18.0	4.0	61.2
45	-1.0	-21.0	4.0	13.0	5.0	-18.0	75.0	29.0	65.95
46	127.0	-79.0	-128.0	6.0	-2.0	16.0	-8.0	-26.0	79.14
47	-30.0	14.0	12.0	-21.0	15.0	-6.0	-7.0	-1.0	83.29
48	46.0	0.0	7.0	-37.0	-3.0	-7.0	-23.0	0.0	83.5
49	85.0	-59.0	-18.0	-76.0	-16.0	-22.0	-17.0	51.0	86.33
50	59.0	23.0	-45.0	16.0	-2.0	21.0	10.0	12.0	111.33
51	-74.0	80.0	-31.0	47.0	-8.0	8.0	-20.0	-5.0	94.01
52	-53.0	4.0	19.0	30.0	6.0	-20.0	26.0	2.0	97.24
53	44.0	-20.0	-5.0	55.0	6.0	6.0	-8.0	-15.0	110.72
54	69.0	22.0	31.0	4.0	1.0	25.0	52.0	2.0	110.72
55	-35.0	40.0	-7.0	5.0	7.0	4.0	39.0	-19.0	114.9
56	63.0	-21.0	-14.0	85.0	-7.0	-2.0	3.0	-15.0	103.44
57	25.0	64.0	4.0	-4.0	-7.0	15.0	-33.0	29.0	115.74
58	-37.0	19.0	-11.0	-37.0	19.0	-7.0	8.0	-7.0	118.93
59	-44.0	36.0	63.0	-38.0	10.0	17.0	-30.0	-5.0	108.8
60	99.0	19.0	9.0	66.0	-15.0	-1.0	-46.0	-1.0	90.63
61	-21.0	12.0	-1.0	-27.0	0.0	6.0	7.0	-28.0	92.78
62	-7.0	-107.0	9.0	-20.0	7.0	16.0	20.0	7.0	103.47
63	20.0	127.0	-11.0	10.0	3.0	-42.0	-2.0	25.0	99.99
64	1.0	3.0	-12.0	-1.0	-13.0	-13.0	-3.0	-1.0	103.47
65	-21.0	-23.0	-6.0	4.0	-7.0	40.0	5.0	-7.0	115.17
66	68.0	-46.0	13.0	-6.0	12.0	-6.0	-2.0	-35.0	115.17
67	12.0	-35.0	-8.0	-20.0	5.0	-29.0	-11.0	-26.0	118.93
68	17.0	53.0	-70.0	31.0	-1.0	1.0	-10.0	-4.0	120.88
69	-78.0	75.0	22.0	-14.0	0.0	-15.0	15.0	0.0	121.8
70	28.0	0.0	33.0	0.0	3.0	16.0	54.0	-5.0	123.15
71	-10.0	-25.0	-28.0	-2.0	-13.0	-23.0	0.0	32.0	123.16
72	80.0	12.0	26.0	92.0	-1.0	-3.0	41.0	51.0	123.37
73	-1.0	25.0	3.0	-80.0	-7.0	9.0	-8.0	-7.0	121.8
74	-84.0	-17.0	12.0	4.0	-1.0	0.0	-17.0	-18.0	119.14
75	-104.0	87.0	-48.0	33.0	3.0	-5.0	39.0	8.0	118.72
76	1.0	26.0	-26.0	-10.0	-12.0	-19.0	-5.0	2.0	117.26
77	-2.0	-7.0	37.0	-14.0	9.0	24.0	7.0	21.0	113.52
