0	73.0	-91.0	118.0	-16.0	-10.0	26.0	1.0	-8.0	109.98
1	80.0	127.0	-57.0	9.0	6.0	12.0	7.0	-104.0	118.91
2	66.0	48.0	7.0	-32.0	17.0	-32.0	-13.0	72.0	120.47
3	38.0	-96.0	-41.0	90.0	12.0	11.0	106.0	-3.0	132.27
4	-80.0	-100.0	-128.0	19.0	12.0	-8.0	-63.0	-32.0	135.97
5	35.0	-80.0	127.0	-23.0	7.0	-37.0	-17.0	4.0	135.16
6	84.0	20.0	-3.0	-13.0	8.0	28.0	0.0	-13.0	136.78
7	127.0	97.0	-37.0	75.0	-4.0	-6.0	32.0	-55.0	136.95
8	-128.0	-128.0	9.0	27.0	22.0	-10.0	-19.0	94.0	136.67
9	122.0	49.0	-31.0	32.0	-55.0	-21.0	22.0	14.0	136.95
10	11.0	-47.0	-18.0	-30.0	-11.0	28.0	4.0	-35.0	136.17
11	127.0	1.0	67.0	-4.0	-17.0	31.0	-78.0	-53.0	135.97
12	127.0	124.0	-128.0	-58.0	16.0	51.0	77.0	-52.0	133.77
13	22.0	-12.0	10.0	-14.0	19.0	14.0	31.0	41.0	123.85
14	25.0	22.0	-51.0	2.0	-23.0	-87.0	-13.0	72.0	128.55
15	-105.0	-102.0	54.0	-93.0	14.0	14.0	15.0	4.0	132.58
16	127.0	5.0	62.0	10.0	0.0	-7.0	-4.0	-16.0	122.95
17	127.0	127.0	-3.0	-36.0	25.0	26.0	-46.0	10.0	134.8
18	57.0	-22.0	45.0	11.0	14.0	-43.0	-5.0	-92.0	120.47
19	-121.0	-36.0	127.0	-42.0	4.0	-23.0	-6.0	-32.0	114.38
20	-114.0	-53.0	-116.0	6.0	-46.0	19.0	-24.0	-22.0	125.09
21	-20.0	64.0	-31.0	44.0	2.0	7.0	-2.0	54.0	120.84
22	110.0	83.0	17.0	-13.0	-18.0	46.0	-49.0	-6.0	108.02
23	8.0	-109.0	72.0	66.0	-35.0	0.0	49.0	11.0	100.65
24	91.0	84.0	-6.0	-13.0	67.0	11.0	0.0	98.0	106.19
25	-107.0	10.0	-19.0	-4.0	-20.0	-12.0	56.0	-18.0	103.69
26	109.0	-39.0	111.0	11.0	-33.0	76.0	-88.0	-44.0	100.87
27	-22.0	-75.0	118.0	86.0	25.0	-24.0	11.0	67.0	98.68
28	-50.0	43.0	-23.0	-31.0	-22.0	13.0	-39.0	14.0	96.13
29	114.0	27.0	53.0	33.0	-25.0	-25.0	-39.0	-49.0	90.95
30	-126.0	97.0	-80.0	24.0	24.0	-21.0	-22.0	79.0	94.2
31	-4.0	45.0	127.0	-27.0	0.0	-19.0	8.0	9.0	95.32
32	-123.0	123.0	13.0	71.0	-5.0	-5.0	88.0	0.0	83.08
33	97.0	-29.0	-128.0	-38.0	-2.0	19.0	42.0	17.0	65.03
34	107.0	35.0	-126.0	127.0	-11.0	12.0	13.0	38.0	52.84
35	107.0	30.0	59.0	-53.0	-12.0	-3.0	20.0	-7.0	47.8
36	-11.0	127.0	-65.0	91.0	19.0	65.0	85.0	-97.0	40.2
37	73.0	18.0	59.0	-25.0	-21.0	-6.0	29.0	-2.0	40.99
38	127.0	127.0	-90.0	-20.0	39.0	-2.0	4.0	-38.0	43.51
39	127.0	44.0	-44.0	-2.0	-11.0	-11.0	-12.0	-96.0	59.92
40	77.0	-99.0	21.0	-34.0	22.0	2.0	10.0	83.0	47.8
41	-128.0	33.0	-31.0	6.0	0.0	-2.0	2.0	50.0	40.99
42	-103.0	-56.0	-8.0	-46.0	-14.0	-14.0	-42.0	-37.0	40.22
43	127.0	5.0	-12.0	-36.0	-24.0	-5.0	0.0	28.0	60.09
44	-16.0	-21.0	-12.0	58.0	9.0	3.0	37.0	5.0	57.53
45	127.0	79.0	47.0	-118.0	-14.0	59.0	-25.0	49.0	62.12
46	8.0	127.0	-12.0	-119.0	-7.0	-4.0	-18.0	14.0	91.8
47	-128.0	-55.0	-12.0	91.0	17.0	-21.0	4.0	0.0	91.8
48	-105.0	-1.0	59.0	26.0	28.0	4.0	-21.0	0.0	93.25
49	-128.0	11.0	40.0	6.0	-4.0	-28.0	12.0	-1.0	91.08
50	57.0	-128.0	-62.0	70.0	-29.0	9.0	2.0	-26.0	90.95
51	-73.0	43.0	127.0	-128.0	-8.0	9.0	32.0	103.0	84.06
52	-124.0	71.0	-52.0	-3.0	-8.0	-100.0	-38.0	-8.0	85.27
53	-128.0	-34.0	17.0	-60.0	3.0	10.0	7.0	0.0	57.53
54	83.0	12.0	98.0	-26.0	0.0	-29.0	1.0	11.0	65.87
55	51.0	-69.0	28.0	127.0	0.0	1.0	-30.0	1.0	82.43
56	127.0	35.0	92.0	6.0	12.0	26.0	26.0	27.0	60.09
57	127.0	42.0	-9.0	27.0	30.0	20.0	7.0	-12.0	86.93
58	109.0	2.0	-46.0	4.0	-22.0	-41.0	8.0	9.0	82.43
59	-128.0	-128.0	-17.0	-4.0	31.0	3.0	35.0	47.0	65.87
60	-48.0	68.0	-2.0	127.0	7.0	-4.0	61.0	3.0	62.61
61	-27.0	-94.0	-100.0	-23.0	-7.0	-21.0	-16.0	-18.0	60.39
62	3.0	-118.0	32.0	-33.0	-12.0	-1.0	-18.0	1.0	84.06
63	-31.0	96.0	-30.0	94.0	-19.0	25.0	20.0	-70.0	91.41
64	21.0	-66.0	50.0	15.0	-40.0	1.0	-39.0	-93.0	62.71
65	42.0	-29.0	17.0	-29.0	8.0	-1.0	52.0	38.0	92.98
66	-113.0	52.0	-27.0	-37.0	14.0	-12.0	16.0	48.0	96.13
67	32.0	-119.0	2.0	-128.0	7.0	19.0	-33.0	98.0	95.32
68	91.0	-128.0	39.0	97.0	-9.0	-4.0	-3.0	10.0	96.63
69	-111.0	-75.0	75.0	-33.0	5.0	21.0	25.0	6.0	96.92
70	91.0	27.0	12.0	-69.0	-1.0	-71.0	-7.0	-30.0	99.17
71	-128.0	-3.0	60.0	48.0	17.0	-78.0	43.0	41.0	99.17
72	-85.0	-90.0	19.0	1.0	-19.0	-9.0	-19.0	-5.0	100.87
73	90.0	-7.0	-24.0	23.0	-11.0	49.0	3.0	22.0	105.34
74	127.0	-128.0	13.0	3.0	8.0	6.0	-15.0	2.0	108.02
75	-84.0	77.0	31.0	-103.0	15.0	2.0	-12.0	0.0	128.55
76	-43.0	-29.0	76.0	36.0	6.0	27.0	-31.0	-18.0	112.42
77	-41.0	18.0	45.0	35.0	14.0	-27.0	13.0	2.0	118.91
78	70.0	106.0	49.0	-42.0	-34.0	-14.0	-4.0	9.0	116.0
79	-13.0	6.0	-11.0	26.0	-12.0	-6.0	7.0	-6.0	125.09
80	-89.0	-60.0	-74.0	16.0	-14.0	-2.0	-19.0	62.0	136.17
81	97.0	-119.0	-79.0	-16.0	11.0	0.0	-4.0	-57.0	126.73
