0	-128.0	-6.0	23.0	-27.0	-4.0	-33.0	-4.0	44.0	133.71
1	-89.0	-64.0	-32.0	-36.0	-3.0	14.0	-92.0	-6.0	136.5
2	127.0	54.0	57.0	46.0	30.0	5.0	66.0	-26.0	132.25
3	47.0	-128.0	-1.0	25.0	-21.0	-12.0	-8.0	10.0	112.88
4	-8.0	84.0	-14.0	16.0	-2.0	-16.0	6.0	-28.0	100.9
5	-13.0	18.0	98.0	2.0	10.0	-3.0	-17.0	32.0	124.15
6	-25.0	-11.0	-106.0	-28.0	-3.0	12.0	-9.0	-42.0	127.05
7	-83.0	-61.0	-5.0	-10.0	9.0	-15.0	-3.0	-9.0	110.68
8	58.0	96.0	-128.0	11.0	5.0	-4.0	22.0	-18.0	101.46
9	-25.0	-89.0	34.0	12.0	16.0	0.0	-38.0	-24.0	112.08
10	127.0	24.0	61.0	-5.0	1.0	-16.0	-13.0	8.0	101.46
11	-56.0	-128.0	-112.0	11.0	19.0	-9.0	-31.0	-30.0	112.88
12	-90.0	7.0	30.0	-14.0	31.0	5.0	0.0	-30.0	112.08
13	-128.0	-109.0	-58.0	16.0	-5.0	1.0	-24.0	12.0	121.84
14	-8.0	-25.0	-109.0	-10.0	-6.0	-1.0	31.0	-64.0	127.03
15	-111.0	65.0	1.0	-35.0	-3.0	10.0	3.0	-7.0	136.2
16	85.0	40.0	-19.0	-21.0	-8.0	0.0	-6.0	-10.0	135.18
17	70.0	127.0	-75.0	-45.0	-4.0	-14.0	-3.0	6.0	115.26
18	-103.0	5.0	-48.0	-5.0	-19.0	-7.0	-5.0	-90.0	136.5
19	-55.0	-18.0	-26.0	-75.0	-7.0	15.0	17.0	18.0	135.88
20	13.0	-128.0	-33.0	-15.0	-7.0	18.0	33.0	18.0	121.84
21	48.0	-20.0	51.0	-32.0	-10.0	14.0	-20.0	-4.0	119.29
22	7.0	-29.0	76.0	6.0	10.0	13.0	68.0	20.0	124.8
23	41.0	-23.0	-107.0	-57.0	-14.0	-17.0	22.0	-43.0	126.34
24	14.0	104.0	4.0	20.0	-19.0	6.0	13.0	-15.0	126.34
25	127.0	-17.0	-17.0	10.0	11.0	-3.0	-2.0	-69.0	134.66
26	100.0	-107.0	-46.0	-31.0	-4.0	-2.0	-4.0	-109.0	122.05
27	127.0	-115.0	-105.0	18.0	17.0	1.0	1.0	38.0	119.06
28	30.0	32.0	26.0	-27.0	0.0	-3.0	-21.0	-9.0	118.97
29	-91.0	-68.0	19.0	-47.0	7.0	-14.0	-3.0	-33.0	98.79
30	-24.0	48.0	-81.0	1.0	-2.0	-1.0	5.0	-28.0	107.0
31	30.0	-39.0	-48.0	10.0	-19.0	-22.0	-13.0	44.0	100.9
32	-3.0	1.0	-73.0	-128.0	14.0	-11.0	-7.0	-61.0	90.58
33	26.0	67.0	-2.0	-9.0	10.0	0.0	-11.0	27.0	82.78
34	-12.0	-41.0	12.0	26.0	-9.0	-4.0	29.0	43.0	70.65
35	95.0	39.0	-17.0	-49.0	-12.0	13.0	-26.0	0.0	82.78
36	-96.0	33.0	-101.0	-46.0	28.0	3.0	-3.0	0.0	95.89
37	91.0	45.0	127.0	32.0	-3.0	-13.0	27.0	36.0	78.85
38	-65.0	-91.0	-29.0	18.0	-13.0	23.0	14.0	-4.0	75.78
39	-41.0	-46.0	-53.0	-13.0	-7.0	3.0	10.0	-11.0	76.79
40	-72.0	29.0	-33.0	-1.0	-6.0	8.0	-12.0	9.0	69.48
41	72.0	109.0	86.0	-17.0	-7.0	-13.0	-5.0	-21.0	55.81
42	-76.0	39.0	-22.0	22.0	49.0	-2.0	12.0	-43.0	54.45
43	114.0	73.0	28.0	11.0	2.0	31.0	-4.0	10.0	53.99
44	10.0	-128.0	-21.0	-55.0	-7.0	-34.0	15.0	-40.0	50.44
45	101.0	-49.0	36.0	100.0	-14.0	3.0	-11.0	14.0	44.35
46	36.0	12.0	-34.0	-9.0	-4.0	-13.0	2.0	-14.0	43.97
47	50.0	-44.0	6.0	24.0	-8.0	15.0	-8.0	-1.0	49.05
48	-50.0	65.0	-44.0	10.0	20.0	-22.0	-5.0	-41.0	49.05
49	-99.0	57.0	40.0	-45.0	-7.0	-8.0	-7.0	-4.0	47.75
50	1.0	-128.0	38.0	110.0	9.0	-6.0	-4.0	-36.0	51.5
51	32.0	33.0	4.0	-33.0	11.0	-9.0	-26.0	-16.0	70.61
52	-5.0	-128.0	-20.0	35.0	-10.0	10.0	-7.0	-23.0	60.39
53	101.0	127.0	-5.0	-25.0	-25.0	17.0	22.0	1.0	52.55
54	85.0	68.0	5.0	-25.0	-19.0	5.0	-12.0	20.0	60.39
55	-66.0	96.0	-3.0	3.0	26.0	-10.0	0.0	-12.0	70.65
56	-41.0	10.0	-2.0	-1.0	11.0	-6.0	29.0	6.0	67.24
57	-101.0	-128.0	-13.0	-8.0	-14.0	-2.0	5.0	-7.0	76.79
58	24.0	41.0	-50.0	-11.0	-7.0	9.0	3.0	-8.0	78.83
59	127.0	-73.0	43.0	-14.0	4.0	15.0	-20.0	22.0	68.81
60	-47.0	1.0	-87.0	-36.0	0.0	-13.0	27.0	22.0	57.17
61	1.0	-128.0	-22.0	2.0	5.0	18.0	-3.0	36.0	51.57
62	86.0	-47.0	-37.0	-42.0	8.0	-4.0	15.0	-29.0	51.5
63	-1.0	-71.0	12.0	-15.0	-16.0	-10.0	-13.0	-4.0	53.99
64	-119.0	-3.0	-62.0	-3.0	1.0	-4.0	-4.0	-4.0	67.24
65	-96.0	34.0	-106.0	-6.0	3.0	-22.0	0.0	2.0	64.48
66	-117.0	-82.0	28.0	-27.0	1.0	-13.0	-6.0	-66.0	70.61
67	-6.0	25.0	36.0	30.0	10.0	3.0	-10.0	-44.0	65.22
68	-110.0	-25.0	-10.0	-59.0	-13.0	31.0	-5.0	5.0	57.17
69	120.0	59.0	-24.0	7.0	-3.0	-8.0	-5.0	20.0	72.75
70	28.0	94.0	-60.0	32.0	-16.0	10.0	6.0	-15.0	84.77
71	-21.0	64.0	10.0	-21.0	-13.0	-8.0	9.0	-33.0	84.77
72	100.0	119.0	1.0	1.0	-21.0	-4.0	27.0	54.0	92.79
73	-69.0	-114.0	-37.0	28.0	7.0	0.0	-4.0	-71.0	86.52
74	-99.0	-90.0	40.0	-18.0	10.0	-6.0	10.0	43.0	74.77
75	97.0	15.0	-89.0	37.0	-9.0	6.0	15.0	21.0	87.94
76	-67.0	-96.0	-66.0	5.0	-8.0	7.0	-1.0	-7.0	118.97
77	62.0	-63.0	-49.0	-31.0	-9.0	25.0	6.0	14.0	122.66
78	-112.0	-38.0	-101.0	-66.0	-11.0	12.0	-62.0	30.0	127.03
79	-57.0	-81.0	-11.0	20.0	-10.0	-11.0	1.0	-35.0	117.06
80	-88.0	-55.0	14.0	-12.0	8.0	-8.0	-5.0	8.0	133.71
