0	-128.0	-77.0	-9.0	-15.0	-52.0	-50.0	26.0	35.0	84.26
1	-128.0	-103.0	-41.0	127.0	7.0	-128.0	-11.0	4.0	84.21
2	127.0	-44.0	-11.0	-120.0	58.0	24.0	38.0	74.0	98.74
3	-107.0	-74.0	32.0	-128.0	-30.0	20.0	-25.0	60.0	90.99
4	59.0	-30.0	32.0	-111.0	-57.0	-97.0	-42.0	21.0	98.74
5	71.0	21.0	-48.0	-42.0	-43.0	22.0	32.0	-111.0	90.46
6	77.0	101.0	-26.0	51.0	55.0	-8.0	31.0	37.0	85.86
7	45.0	127.0	110.0	2.0	6.0	1.0	34.0	15.0	92.75
8	24.0	-128.0	106.0	42.0	-47.0	-15.0	-65.0	103.0	90.46
9	-19.0	-76.0	10.0	81.0	-40.0	52.0	14.0	69.0	85.22
10	-41.0	102.0	34.0	90.0	3.0	-87.0	42.0	62.0	87.92
11	91.0	-38.0	46.0	-59.0	-105.0	-106.0	33.0	-28.0	101.02
12	-47.0	65.0	-59.0	-56.0	-19.0	5.0	-68.0	108.0	102.69
13	80.0	57.0	-5.0	-20.0	21.0	-41.0	-22.0	-14.0	101.28
14	101.0	-128.0	-8.0	51.0	-24.0	-20.0	95.0	-79.0	101.27
15	16.0	120.0	-59.0	15.0	2.0	37.0	20.0	97.0	97.22
16	24.0	-72.0	16.0	17.0	4.0	56.0	12.0	-25.0	101.27
17	-27.0	-21.0	-21.0	-80.0	-29.0	-63.0	52.0	-12.0	95.75
18	-34.0	-128.0	63.0	-4.0	66.0	-52.0	-34.0	2.0	95.86
19	-17.0	90.0	-70.0	39.0	24.0	2.0	79.0	41.0	100.03
20	114.0	-98.0	-103.0	44.0	-3.0	40.0	-112.0	-57.0	100.03
21	-21.0	117.0	107.0	-21.0	0.0	-127.0	14.0	20.0	90.9
22	-27.0	-128.0	-6.0	-1.0	-25.0	-5.0	49.0	21.0	90.99
23	127.0	-113.0	44.0	-36.0	27.0	36.0	4.0	97.0	95.86
24	-106.0	77.0	-71.0	17.0	-81.0	-31.0	-20.0	-36.0	87.48
25	122.0	90.0	-36.0	7.0	-54.0	-23.0	-12.0	-19.0	87.92
26	-32.0	114.0	-1.0	-83.0	39.0	-2.0	-4.0	99.0	82.64
27	5.0	-87.0	-16.0	-21.0	-1.0	-16.0	-75.0	-40.0	79.81
28	112.0	-108.0	-6.0	114.0	-13.0	41.0	-9.0	-24.0	79.81
29	39.0	120.0	-5.0	-74.0	-15.0	36.0	0.0	27.0	73.77
30	79.0	-30.0	-93.0	99.0	-3.0	-55.0	-9.0	-41.0	65.77
31	-113.0	127.0	-2.0	114.0	-37.0	-3.0	0.0	-82.0	65.77
32	116.0	89.0	52.0	-48.0	45.0	-40.0	127.0	59.0	57.8
33	23.0	-100.0	-23.0	-31.0	-13.0	-6.0	-36.0	24.0	57.8
34	90.0	81.0	-100.0	-47.0	-47.0	16.0	58.0	-26.0	63.05
35	-92.0	110.0	-80.0	-3.0	-9.0	11.0	-2.0	-24.0	54.09
36	53.0	-113.0	49.0	19.0	5.0	-34.0	41.0	17.0	54.22
37	-12.0	97.0	84.0	-28.0	5.0	22.0	31.0	-38.0	56.78
38	53.0	95.0	-58.0	-47.0	-2.0	-31.0	15.0	-92.0	52.98
39	26.0	32.0	-92.0	26.0	6.0	3.0	57.0	-9.0	71.66
40	-106.0	91.0	-27.0	-51.0	34.0	21.0	1.0	8.0	61.36
41	-128.0	-89.0	76.0	-17.0	-68.0	-77.0	127.0	24.0	54.13
42	110.0	-48.0	-108.0	-14.0	33.0	50.0	-18.0	3.0	56.78
43	-83.0	-68.0	51.0	105.0	41.0	-11.0	-26.0	-3.0	52.82
44	114.0	1.0	27.0	-83.0	-45.0	-116.0	-6.0	81.0	51.31
45	-51.0	92.0	23.0	-45.0	-19.0	2.0	114.0	-48.0	45.23
46	-55.0	32.0	-24.0	73.0	14.0	21.0	-43.0	-4.0	42.96
47	127.0	114.0	-25.0	18.0	10.0	16.0	-22.0	111.0	47.59
48	53.0	23.0	37.0	-128.0	-33.0	75.0	75.0	-69.0	45.23
49	-37.0	-74.0	101.0	24.0	28.0	9.0	43.0	-37.0	43.17
50	5.0	70.0	-2.0	-72.0	-21.0	51.0	62.0	2.0	52.39
51	82.0	76.0	-70.0	-38.0	-8.0	-34.0	91.0	-87.0	52.39
52	109.0	127.0	-95.0	127.0	21.0	7.0	-36.0	-2.0	43.93
53	72.0	39.0	109.0	-33.0	29.0	63.0	-5.0	-7.0	42.96
54	-72.0	-80.0	-23.0	10.0	-9.0	55.0	-69.0	4.0	51.31
55	-30.0	127.0	-42.0	-98.0	20.0	8.0	-78.0	-53.0	48.49
56	-94.0	-64.0	-9.0	32.0	-64.0	39.0	127.0	39.0	54.22
57	86.0	-94.0	4.0	53.0	10.0	13.0	-53.0	75.0	67.47
58	48.0	85.0	122.0	-128.0	-10.0	27.0	24.0	4.0	48.44
59	-61.0	-10.0	-49.0	-11.0	-15.0	8.0	7.0	13.0	47.59
60	-109.0	127.0	-51.0	13.0	6.0	-11.0	-18.0	-12.0	52.49
61	99.0	52.0	-102.0	-28.0	31.0	-8.0	20.0	-20.0	61.36
62	8.0	3.0	18.0	8.0	5.0	-64.0	-20.0	24.0	78.03
63	-53.0	-54.0	75.0	6.0	-22.0	20.0	23.0	115.0	75.66
64	58.0	40.0	48.0	22.0	-49.0	-15.0	5.0	-7.0	58.89
65	-100.0	-70.0	16.0	-12.0	-1.0	17.0	-17.0	-76.0	60.72
66	1.0	127.0	-6.0	-128.0	-41.0	-24.0	42.0	0.0	68.2
67	68.0	39.0	-128.0	-121.0	-8.0	-42.0	-47.0	-25.0	61.19
68	5.0	-115.0	-121.0	52.0	5.0	-7.0	-91.0	9.0	75.91
69	-91.0	53.0	118.0	6.0	25.0	-17.0	87.0	84.0	65.75
70	-43.0	127.0	32.0	26.0	7.0	-16.0	127.0	11.0	71.91
71	-22.0	-107.0	-25.0	-80.0	19.0	-88.0	-49.0	127.0	68.2
72	14.0	114.0	-28.0	-33.0	-29.0	-3.0	60.0	-22.0	69.98
73	89.0	-1.0	-12.0	-17.0	-57.0	-18.0	-33.0	4.0	61.19
74	-99.0	28.0	38.0	110.0	30.0	-117.0	-39.0	76.0	56.5
75	-43.0	112.0	-112.0	-44.0	-26.0	54.0	12.0	-22.0	54.5
76	14.0	60.0	3.0	5.0	13.0	-69.0	10.0	127.0	65.75
77	15.0	11.0	78.0	-70.0	-23.0	5.0	51.0	-29.0	71.91
78	-63.0	5.0	-10.0	56.0	5.0	37.0	-47.0	-71.0	73.77
79	90.0	-90.0	118.0	127.0	22.0	-85.0	0.0	49.0	79.2
80	-63.0	-79.0	-33.0	12.0	-3.0	62.0	-18.0	-37.0	78.03
81	99.0	127.0	40.0	47.0	33.0	-80.0	-63.0	76.0	82.54
82	102.0	41.0	13.0	-49.0	17.0	-24.0	-10.0	47.0	79.62
83	91.0	13.0	-46.0	-117.0	5.0	-35.0	-57.0	3.0	82.64
84	-88.0	-108.0	-25.0	-7.0	59.0	95.0	81.0	3.0	85.81
