0	41.0	28.0	9.0	63.0	98.0	8.0	56.0	0.0	43.19
1	-74.0	-50.0	12.0	-17.0	-13.0	-4.0	0.0	33.0	55.57
2	72.0	-29.0	42.0	-4.0	-16.0	0.0	-83.0	-4.0	44.33
3	91.0	48.0	125.0	-24.0	-4.0	-9.0	-15.0	-48.0	59.15
4	25.0	-33.0	-21.0	51.0	-27.0	-10.0	3.0	-17.0	61.81
5	33.0	99.0	-99.0	13.0	30.0	0.0	110.0	20.0	56.04
6	-30.0	48.0	101.0	32.0	-80.0	-22.0	-25.0	19.0	56.04
7	-32.0	-128.0	-113.0	-74.0	-28.0	-5.0	-74.0	-17.0	62.86
8	22.0	86.0	69.0	-82.0	-26.0	-11.0	34.0	-24.0	54.46
9	-1.0	120.0	57.0	27.0	-3.0	6.0	48.0	96.0	55.57
10	-100.0	-70.0	53.0	-18.0	11.0	-33.0	32.0	10.0	43.13
11	-21.0	85.0	4.0	-53.0	16.0	-15.0	-5.0	15.0	43.13
12	45.0	75.0	-79.0	13.0	-17.0	27.0	27.0	7.0	41.55
13	-112.0	60.0	-17.0	62.0	3.0	-5.0	-17.0	16.0	43.87
14	125.0	-80.0	-76.0	-16.0	18.0	-14.0	112.0	-41.0	41.55
15	28.0	102.0	33.0	-58.0	9.0	-35.0	-12.0	96.0	39.7
16	-26.0	-121.0	-128.0	-58.0	-40.0	69.0	14.0	-69.0	40.13
17	0.0	17.0	-77.0	3.0	-8.0	-2.0	45.0	33.0	40.76
18	-93.0	74.0	127.0	-31.0	-26.0	-29.0	63.0	-8.0	39.42
19	39.0	127.0	116.0	-29.0	5.0	11.0	-36.0	-13.0	38.83
20	-19.0	-92.0	-29.0	-51.0	-22.0	26.0	9.0	-20.0	39.52
21	88.0	35.0	-85.0	19.0	1.0	28.0	-11.0	45.0	35.61
22	127.0	83.0	36.0	74.0	-10.0	7.0	11.0	-37.0	35.75
23	-80.0	-22.0	10.0	101.0	-4.0	1.0	-110.0	-23.0	38.83
24	16.0	-21.0	64.0	92.0	6.0	-28.0	40.0	17.0	35.61
25	-40.0	127.0	-69.0	-13.0	0.0	5.0	-7.0	39.0	36.34
26	-74.0	-72.0	32.0	3.0	-10.0	-4.0	9.0	-36.0	39.7
27	-36.0	-84.0	-73.0	-55.0	-1.0	-8.0	-63.0	-42.0	40.13
28	-72.0	-73.0	26.0	-45.0	35.0	-12.0	-28.0	35.0	39.7
29	-1.0	-128.0	5.0	-39.0	28.0	16.0	-88.0	-60.0	37.05
30	-103.0	127.0	36.0	-104.0	20.0	-36.0	55.0	1.0	39.42
31	54.0	63.0	-11.0	10.0	11.0	34.0	-11.0	108.0	44.33
32	-59.0	-3.0	-128.0	-128.0	-33.0	-41.0	12.0	-70.0	61.81
33	-128.0	74.0	-36.0	-26.0	10.0	36.0	31.0	-9.0	62.86
34	23.0	31.0	-9.0	-107.0	-66.0	-5.0	24.0	-7.0	73.96
35	127.0	-114.0	90.0	35.0	-20.0	25.0	-24.0	0.0	84.53
36	-22.0	-94.0	-5.0	-128.0	-95.0	-4.0	13.0	-68.0	84.53
37	87.0	-55.0	-24.0	11.0	-15.0	-4.0	-18.0	-11.0	89.28
38	-53.0	-71.0	-46.0	-128.0	-20.0	-1.0	-38.0	-13.0	111.86
39	-123.0	-56.0	-31.0	70.0	21.0	25.0	-14.0	-1.0	83.25
40	-128.0	127.0	-51.0	47.0	-1.0	15.0	75.0	-40.0	76.66
41	101.0	-73.0	48.0	-48.0	-10.0	0.0	-27.0	-9.0	86.42
42	-56.0	94.0	13.0	3.0	30.0	3.0	-52.0	-46.0	88.38
43	23.0	-128.0	-9.0	-8.0	-60.0	-92.0	-38.0	-30.0	77.18
44	-46.0	104.0	-74.0	77.0	48.0	20.0	-7.0	21.0	78.89
45	75.0	-50.0	-105.0	-91.0	-18.0	-11.0	-27.0	4.0	88.7
46	-4.0	63.0	8.0	92.0	4.0	-1.0	-22.0	-32.0	89.54
47	-40.0	-53.0	-11.0	-11.0	-7.0	3.0	-44.0	-6.0	80.99
48	75.0	-100.0	-28.0	-62.0	23.0	-10.0	-9.0	16.0	87.75
49	10.0	81.0	-16.0	94.0	15.0	6.0	14.0	-41.0	88.38
50	-79.0	-12.0	-43.0	27.0	-7.0	-32.0	35.0	2.0	88.85
51	-16.0	-55.0	45.0	-62.0	-22.0	22.0	-4.0	38.0	104.76
52	5.0	7.0	-128.0	62.0	-31.0	-12.0	-71.0	-5.0	90.92
53	5.0	-32.0	-13.0	-28.0	-9.0	4.0	89.0	40.0	87.0
54	-29.0	73.0	-2.0	-9.0	9.0	-23.0	54.0	33.0	89.28
55	76.0	57.0	42.0	38.0	-14.0	-7.0	74.0	-34.0	112.98
56	13.0	127.0	3.0	-11.0	26.0	66.0	-3.0	-1.0	112.98
57	52.0	43.0	49.0	-53.0	-110.0	16.0	30.0	-91.0	114.11
58	31.0	-85.0	-2.0	56.0	86.0	-1.0	-100.0	-34.0	112.37
59	94.0	41.0	-20.0	-128.0	0.0	3.0	1.0	-11.0	104.76
60	4.0	-16.0	48.0	13.0	66.0	17.0	-6.0	70.0	88.7
61	-36.0	-56.0	-33.0	11.0	-74.0	14.0	-13.0	26.0	99.98
62	13.0	127.0	18.0	-14.0	69.0	6.0	3.0	-18.0	111.86
63	-108.0	27.0	86.0	87.0	-11.0	-2.0	57.0	-12.0	88.66
64	-46.0	-5.0	7.0	-83.0	23.0	-63.0	-53.0	36.0	108.68
65	122.0	-68.0	-54.0	27.0	18.0	7.0	45.0	-26.0	87.1
66	59.0	-28.0	16.0	-23.0	14.0	-1.0	-8.0	-1.0	112.45
67	-57.0	-34.0	-66.0	-17.0	10.0	-9.0	-74.0	-53.0	90.92
68	-50.0	-31.0	109.0	17.0	-19.0	-38.0	-12.0	18.0	87.1
69	9.0	-37.0	-18.0	-13.0	0.0	-17.0	4.0	-17.0	74.37
70	-78.0	41.0	91.0	41.0	-17.0	8.0	11.0	-20.0	73.04
71	49.0	-18.0	-35.0	-21.0	23.0	-8.0	29.0	-10.0	87.75
72	24.0	53.0	-28.0	-4.0	-50.0	26.0	-47.0	14.0	87.0
73	-86.0	108.0	-5.0	-51.0	-11.0	4.0	-6.0	-11.0	67.98
74	18.0	-55.0	-128.0	-24.0	-12.0	13.0	0.0	8.0	71.2
75	-28.0	-75.0	-19.0	11.0	11.0	33.0	-72.0	-15.0	68.77
76	-90.0	127.0	-45.0	-82.0	-123.0	7.0	23.0	0.0	74.37
77	45.0	-63.0	-17.0	-12.0	53.0	-10.0	10.0	52.0	85.48
78	22.0	-58.0	2.0	31.0	-1.0	-18.0	-11.0	-70.0	87.44
79	-128.0	102.0	6.0	47.0	15.0	2.0	-56.0	-5.0	77.18
80	-13.0	-62.0	90.0	14.0	-67.0	-8.0	-8.0	-35.0	71.2
81	-25.0	45.0	-17.0	-29.0	32.0	-12.0	-19.0	19.0	66.2
82	93.0	80.0	49.0	112.0	13.0	-18.0	-64.0	8.0	66.2
83	22.0	54.0	127.0	78.0	-17.0	-4.0	97.0	-47.0	68.77
84	70.0	-81.0	-50.0	-60.0	31.0	19.0	23.0	41.0	69.61
85	25.0	85.0	-25.0	-28.0	-29.0	-26.0	19.0	37.0	64.58
86	127.0	-29.0	13.0	20.0	23.0	44.0	-76.0	-11.0	60.33
87	7.0	0.0	-128.0	-18.0	-17.0	-41.0	16.0	26.0	57.89
