0	62.0	-68.0	-39.0	-128.0	-11.0	-13.0	20.0	-25.0	62.7
1	13.0	28.0	26.0	88.0	102.0	-8.0	16.0	45.0	49.55
2	34.0	-128.0	-71.0	-39.0	37.0	-3.0	-1.0	37.0	62.7
3	-74.0	67.0	127.0	-6.0	-7.0	-8.0	-35.0	-27.0	39.35
4	42.0	-16.0	-116.0	36.0	-17.0	4.0	25.0	-25.0	32.49
5	-48.0	0.0	-13.0	26.0	81.0	0.0	-29.0	-6.0	40.74
6	27.0	121.0	-70.0	-65.0	6.0	-23.0	-5.0	2.0	33.59
7	43.0	-10.0	-51.0	-96.0	25.0	9.0	-7.0	-40.0	45.7
8	-71.0	113.0	16.0	-7.0	-15.0	-9.0	17.0	40.0	39.24
9	-111.0	71.0	38.0	72.0	-38.0	24.0	1.0	9.0	43.4
10	-46.0	57.0	-17.0	-74.0	-10.0	-8.0	-23.0	-13.0	39.7
11	22.0	127.0	-29.0	2.0	-37.0	-35.0	68.0	5.0	39.15
12	-62.0	71.0	127.0	43.0	-10.0	13.0	-33.0	57.0	43.4
13	99.0	-8.0	-48.0	43.0	75.0	-1.0	-58.0	-8.0	41.85
14	-16.0	-39.0	75.0	115.0	1.0	-36.0	-15.0	-13.0	45.84
15	126.0	-71.0	3.0	-18.0	-47.0	-8.0	26.0	-12.0	52.78
16	127.0	-7.0	-13.0	-25.0	19.0	59.0	49.0	19.0	41.85
17	30.0	57.0	8.0	127.0	-10.0	8.0	34.0	-24.0	41.06
18	-69.0	-115.0	50.0	46.0	-9.0	25.0	-16.0	-41.0	40.47
19	-92.0	-56.0	-128.0	-73.0	0.0	20.0	9.0	30.0	41.06
20	40.0	40.0	-91.0	-45.0	-5.0	-8.0	-66.0	22.0	49.3
21	113.0	9.0	99.0	2.0	-27.0	4.0	29.0	-36.0	49.3
22	-95.0	42.0	74.0	-47.0	54.0	12.0	68.0	14.0	33.16
23	53.0	-54.0	-29.0	-7.0	1.0	-9.0	-31.0	-28.0	39.24
24	-24.0	0.0	-77.0	2.0	-12.0	5.0	14.0	-38.0	31.93
25	-106.0	-128.0	-25.0	-50.0	-43.0	13.0	-11.0	8.0	33.16
26	127.0	-93.0	-37.0	-52.0	-30.0	-13.0	-31.0	-64.0	53.22
27	-55.0	-19.0	-51.0	-101.0	-24.0	-3.0	-8.0	-10.0	39.7
28	-30.0	113.0	89.0	18.0	27.0	-18.0	3.0	7.0	58.12
29	-35.0	-7.0	-23.0	76.0	10.0	-19.0	8.0	44.0	66.31
30	-71.0	-14.0	-32.0	85.0	19.0	6.0	6.0	7.0	65.54
31	-48.0	-128.0	10.0	-11.0	21.0	3.0	-34.0	-4.0	54.47
32	7.0	-22.0	-45.0	-7.0	42.0	-29.0	52.0	-16.0	53.52
33	4.0	127.0	-35.0	-68.0	2.0	-16.0	-74.0	-11.0	45.84
34	-63.0	41.0	11.0	33.0	-11.0	23.0	-17.0	-29.0	63.5
35	13.0	-128.0	-9.0	-63.0	-27.0	6.0	-4.0	-10.0	53.22
36	31.0	-54.0	-8.0	32.0	-37.0	17.0	-17.0	18.0	49.55
37	11.0	-33.0	29.0	-58.0	-2.0	11.0	71.0	-42.0	60.96
38	19.0	-41.0	-28.0	101.0	-10.0	-5.0	50.0	7.0	64.73
39	-128.0	-8.0	-66.0	-20.0	-5.0	-69.0	-30.0	8.0	58.12
40	-56.0	88.0	20.0	60.0	12.0	33.0	43.0	11.0	63.5
41	17.0	-69.0	39.0	-30.0	-54.0	-8.0	30.0	-8.0	71.98
42	-82.0	45.0	-81.0	-31.0	38.0	-45.0	-22.0	25.0	85.29
43	80.0	-81.0	5.0	5.0	-57.0	17.0	-128.0	-2.0	79.55
44	23.0	-73.0	34.0	-3.0	13.0	27.0	-14.0	18.0	78.46
45	-17.0	75.0	-7.0	-27.0	2.0	-29.0	-13.0	22.0	70.83
46	127.0	-119.0	61.0	-60.0	11.0	10.0	15.0	-18.0	91.32
47	4.0	-27.0	16.0	-21.0	60.0	16.0	8.0	-18.0	78.46
48	-108.0	67.0	-1.0	82.0	35.0	-10.0	31.0	9.0	74.43
49	127.0	124.0	-24.0	-79.0	-68.0	-21.0	23.0	-16.0	81.2
50	-126.0	-128.0	-56.0	-4.0	-6.0	31.0	-16.0	7.0	90.62
51	8.0	-59.0	-28.0	-106.0	36.0	-33.0	-29.0	-31.0	92.53
52	75.0	58.0	114.0	-10.0	-63.0	10.0	-3.0	30.0	98.37
53	56.0	-26.0	-55.0	-23.0	6.0	-1.0	-97.0	24.0	94.28
54	-72.0	-83.0	-15.0	34.0	16.0	3.0	-9.0	4.0	98.37
55	125.0	127.0	61.0	-24.0	13.0	2.0	73.0	-43.0	88.28
56	-127.0	-128.0	-128.0	70.0	19.0	-25.0	-21.0	-13.0	93.35
57	82.0	56.0	124.0	28.0	-25.0	-27.0	35.0	-71.0	101.69
58	-32.0	127.0	-128.0	127.0	-51.0	-23.0	97.0	-15.0	101.58
59	-114.0	-119.0	-38.0	52.0	14.0	23.0	13.0	15.0	92.56
60	58.0	87.0	-1.0	-84.0	-7.0	-21.0	-54.0	-27.0	85.29
61	51.0	55.0	25.0	89.0	-5.0	-2.0	-8.0	1.0	92.56
62	29.0	-106.0	-112.0	-72.0	18.0	-30.0	-93.0	9.0	95.06
63	-16.0	127.0	74.0	93.0	-5.0	64.0	-13.0	4.0	86.67
64	-8.0	-57.0	-128.0	89.0	14.0	53.0	100.0	-21.0	92.53
65	-107.0	16.0	-32.0	-111.0	-16.0	-1.0	-49.0	-37.0	90.13
66	113.0	127.0	127.0	42.0	38.0	-14.0	-46.0	45.0	84.21
67	82.0	-128.0	-1.0	-23.0	25.0	11.0	43.0	-14.0	81.2
68	27.0	127.0	7.0	2.0	-9.0	3.0	-65.0	26.0	82.09
69	-10.0	-96.0	12.0	90.0	-5.0	9.0	14.0	-4.0	73.98
70	-61.0	-128.0	-27.0	-50.0	-8.0	-12.0	-30.0	6.0	72.98
71	46.0	10.0	12.0	18.0	-23.0	4.0	57.0	1.0	72.98
72	46.0	99.0	-31.0	74.0	28.0	-16.0	-2.0	21.0	89.9
73	127.0	20.0	-118.0	2.0	-4.0	15.0	-33.0	-48.0	94.87
74	-43.0	-78.0	-85.0	-41.0	1.0	4.0	14.0	23.0	88.28
75	-120.0	63.0	-103.0	23.0	-15.0	-15.0	19.0	28.0	101.67
76	-82.0	-18.0	-36.0	-54.0	-6.0	24.0	-82.0	-4.0	101.69
77	-61.0	6.0	22.0	18.0	-14.0	7.0	-1.0	-36.0	95.06
78	-61.0	125.0	-27.0	71.0	-21.0	-5.0	-25.0	-11.0	85.8
79	50.0	-20.0	21.0	-42.0	12.0	-5.0	-10.0	-16.0	91.32
80	-3.0	26.0	-1.0	43.0	-15.0	17.0	-7.0	46.0	70.21
81	-128.0	-128.0	-93.0	-128.0	-40.0	0.0	24.0	-25.0	67.31
82	44.0	-18.0	-6.0	31.0	21.0	-12.0	-49.0	-25.0	81.03
83	-47.0	-24.0	23.0	68.0	-27.0	-18.0	1.0	39.0	70.83
84	71.0	-118.0	-24.0	57.0	0.0	15.0	-43.0	-29.0	73.98
85	87.0	-45.0	24.0	-81.0	-28.0	11.0	6.0	34.0	68.02
86	-59.0	34.0	-17.0	-45.0	2.0	1.0	-8.0	11.0	66.31
87	30.0	-46.0	-11.0	-23.0	37.0	-15.0	5.0	-5.0	60.65
88	-20.0	51.0	21.0	26.0	15.0	-22.0	19.0	7.0	67.31
