0	52.0	-108.0	-29.0	44.0	19.0	2.0	-6.0	68.0	114.25
1	-81.0	81.0	7.0	22.0	-7.0	-16.0	46.0	18.0	111.39
2	-98.0	15.0	12.0	-58.0	-12.0	11.0	24.0	-32.0	87.23
3	127.0	97.0	-13.0	47.0	-19.0	-83.0	-61.0	2.0	84.72
4	-42.0	37.0	-22.0	-5.0	11.0	26.0	90.0	80.0	83.17
5	33.0	107.0	28.0	28.0	33.0	27.0	10.0	-68.0	76.55
6	116.0	31.0	15.0	53.0	-11.0	55.0	32.0	89.0	79.46
7	-116.0	85.0	-21.0	-81.0	10.0	-16.0	22.0	-21.0	69.05
8	68.0	127.0	-3.0	90.0	32.0	-88.0	-28.0	-8.0	74.77
9	124.0	-112.0	1.0	-92.0	80.0	15.0	23.0	-16.0	63.17
10	62.0	-36.0	-108.0	0.0	2.0	42.0	-11.0	-25.0	66.16
11	-128.0	32.0	31.0	27.0	-41.0	-2.0	-56.0	28.0	69.05
12	127.0	31.0	-11.0	34.0	-16.0	70.0	63.0	54.0	70.18
13	48.0	-114.0	35.0	23.0	29.0	5.0	79.0	-31.0	63.64
14	127.0	102.0	127.0	-116.0	-7.0	-100.0	-29.0	8.0	56.72
15	-13.0	-21.0	49.0	-67.0	17.0	-14.0	-14.0	96.0	56.72
16	127.0	96.0	-61.0	-23.0	-29.0	3.0	114.0	68.0	54.96
17	-31.0	61.0	49.0	-37.0	26.0	8.0	47.0	-26.0	58.64
18	-72.0	1.0	1.0	-87.0	-3.0	-19.0	82.0	-31.0	61.86
19	-91.0	65.0	-29.0	30.0	15.0	7.0	67.0	4.0	54.96
20	61.0	115.0	-61.0	127.0	-48.0	-8.0	-72.0	54.0	51.3
21	87.0	-81.0	118.0	-13.0	32.0	27.0	-88.0	-35.0	56.31
22	127.0	-128.0	-68.0	28.0	-4.0	-31.0	4.0	50.0	51.76
23	76.0	12.0	3.0	-35.0	7.0	-5.0	-7.0	8.0	52.62
24	-81.0	15.0	29.0	-17.0	-12.0	-48.0	69.0	-75.0	52.62
25	76.0	60.0	-61.0	107.0	-50.0	-17.0	-18.0	15.0	51.3
26	-108.0	-32.0	12.0	-23.0	-3.0	-8.0	1.0	25.0	50.67
27	-17.0	124.0	51.0	61.0	12.0	6.0	-6.0	3.0	47.48
28	127.0	40.0	-67.0	49.0	17.0	23.0	95.0	16.0	47.18
29	-46.0	29.0	84.0	4.0	-34.0	4.0	-36.0	23.0	47.11
30	85.0	80.0	52.0	50.0	8.0	68.0	-59.0	6.0	47.48
31	-5.0	33.0	2.0	-51.0	-16.0	25.0	15.0	17.0	47.18
32	-16.0	-128.0	21.0	23.0	37.0	58.0	22.0	-25.0	47.43
33	116.0	26.0	31.0	-19.0	27.0	-18.0	68.0	6.0	50.47
34	111.0	68.0	-34.0	9.0	13.0	5.0	7.0	33.0	47.4
35	-57.0	127.0	89.0	62.0	26.0	-30.0	-61.0	10.0	50.47
36	86.0	124.0	90.0	-3.0	-16.0	-8.0	26.0	51.0	52.84
37	42.0	-128.0	-52.0	-47.0	-44.0	0.0	6.0	-107.0	63.04
38	113.0	-13.0	5.0	51.0	-17.0	16.0	-22.0	-33.0	63.64
39	-71.0	100.0	-30.0	1.0	7.0	69.0	40.0	-66.0	75.13
40	48.0	-18.0	17.0	100.0	4.0	34.0	110.0	-69.0	63.04
41	-128.0	-29.0	-9.0	8.0	9.0	-13.0	-65.0	99.0	77.66
42	81.0	127.0	62.0	-22.0	-4.0	-70.0	36.0	-30.0	74.77
43	85.0	33.0	-6.0	43.0	48.0	8.0	37.0	55.0	70.18
44	-66.0	57.0	-86.0	-128.0	-9.0	-3.0	-6.0	-21.0	71.94
45	109.0	-79.0	-76.0	-128.0	-7.0	58.0	12.0	-55.0	73.38
46	-128.0	8.0	5.0	12.0	-7.0	-8.0	-65.0	97.0	61.86
47	127.0	-103.0	119.0	82.0	-26.0	-5.0	8.0	-55.0	66.83
48	-128.0	-43.0	3.0	2.0	-18.0	-25.0	-16.0	12.0	62.73
49	38.0	-60.0	-27.0	76.0	6.0	-9.0	-26.0	127.0	74.21
50	66.0	-68.0	-35.0	-36.0	11.0	8.0	101.0	-20.0	76.55
51	-63.0	127.0	-49.0	-30.0	23.0	-8.0	13.0	16.0	76.96
52	27.0	-32.0	118.0	-33.0	-25.0	9.0	-37.0	-38.0	79.46
53	47.0	127.0	7.0	51.0	4.0	-5.0	22.0	108.0	83.96
54	-13.0	68.0	28.0	-65.0	20.0	4.0	-120.0	-22.0	78.08
55	-6.0	8.0	-73.0	-6.0	-37.0	-23.0	55.0	9.0	76.96
56	26.0	-128.0	-36.0	-20.0	32.0	-42.0	50.0	117.0	84.72
57	-11.0	31.0	79.0	-31.0	15.0	34.0	-29.0	-15.0	87.12
58	36.0	45.0	32.0	-65.0	-36.0	-27.0	-25.0	4.0	89.2
59	2.0	-21.0	16.0	-14.0	-6.0	5.0	-70.0	39.0	103.7
60	113.0	127.0	-57.0	-24.0	-2.0	-8.0	-49.0	-3.0	89.5
61	-73.0	21.0	-70.0	3.0	34.0	33.0	-3.0	-19.0	100.07
62	-61.0	-24.0	56.0	47.0	8.0	-107.0	39.0	2.0	87.23
63	52.0	47.0	-24.0	-46.0	24.0	79.0	-4.0	10.0	87.89
64	-4.0	-37.0	10.0	127.0	-53.0	-77.0	-86.0	-14.0	89.5
65	-51.0	105.0	-65.0	-63.0	-6.0	22.0	-41.0	48.0	107.41
66	105.0	-107.0	64.0	-26.0	-33.0	-33.0	119.0	-38.0	110.33
67	24.0	-87.0	-85.0	-18.0	-1.0	40.0	35.0	-64.0	107.41
68	106.0	127.0	-3.0	5.0	25.0	-108.0	77.0	-64.0	111.39
69	-93.0	69.0	17.0	-59.0	-10.0	-19.0	-128.0	0.0	114.59
70	57.0	127.0	4.0	-13.0	9.0	-5.0	24.0	-38.0	114.25
71	91.0	113.0	-2.0	-3.0	12.0	49.0	-32.0	37.0	117.33
72	5.0	22.0	-34.0	35.0	-22.0	-39.0	7.0	-103.0	118.22
73	-128.0	92.0	13.0	-23.0	2.0	-35.0	10.0	46.0	120.3
74	41.0	-109.0	28.0	68.0	-3.0	17.0	-35.0	-8.0	122.04
75	25.0	91.0	-41.0	-71.0	17.0	-2.0	46.0	-88.0	121.81
76	-30.0	-40.0	-44.0	74.0	-18.0	-77.0	-35.0	-11.0	117.33
77	127.0	-68.0	127.0	-107.0	-47.0	-35.0	-90.0	21.0	120.29
78	12.0	10.0	-16.0	5.0	-7.0	-71.0	105.0	127.0	120.29
79	5.0	-102.0	-55.0	-80.0	-1.0	29.0	-21.0	-17.0	121.45
80	21.0	-23.0	-106.0	-14.0	-6.0	54.0	-1.0	-27.0	120.3
81	127.0	106.0	15.0	-29.0	3.0	-11.0	53.0	30.0	121.81
82	10.0	-79.0	-80.0	27.0	4.0	44.0	-10.0	3.0	119.16
83	-28.0	-95.0	19.0	-66.0	2.0	-50.0	-9.0	26.0	117.9
84	127.0	127.0	-2.0	-1.0	-8.0	42.0	-61.0	60.0	113.17
85	-89.0	-34.0	-69.0	-7.0	-2.0	27.0	18.0	-47.0	116.13
86	-95.0	77.0	-47.0	-2.0	23.0	-22.0	-49.0	-46.0	116.13
