0	-20.0	59.0	66.0	-82.0	48.0	5.0	13.0	74.0	111.77
1	69.0	61.0	6.0	-20.0	-42.0	-35.0	104.0	-45.0	112.7
2	-56.0	67.0	-38.0	-112.0	35.0	-118.0	7.0	-45.0	109.43
3	86.0	64.0	-25.0	110.0	-13.0	-26.0	-107.0	-67.0	112.7
4	-38.0	57.0	-46.0	49.0	43.0	-10.0	44.0	37.0	113.75
5	126.0	123.0	0.0	-67.0	-22.0	-30.0	-53.0	19.0	113.31
6	-88.0	-52.0	-4.0	-43.0	-25.0	-25.0	24.0	-44.0	113.96
7	127.0	-107.0	-30.0	-52.0	-22.0	-25.0	19.0	-69.0	113.81
8	-56.0	-23.0	3.0	-13.0	-36.0	52.0	85.0	14.0	113.81
9	-23.0	127.0	79.0	-46.0	78.0	-22.0	-21.0	91.0	113.75
10	77.0	127.0	31.0	16.0	-40.0	23.0	36.0	15.0	111.31
11	-93.0	106.0	79.0	-29.0	42.0	29.0	-123.0	-48.0	108.86
12	58.0	-124.0	-14.0	-41.0	0.0	-30.0	95.0	34.0	106.9
13	-38.0	-96.0	-5.0	6.0	39.0	13.0	-128.0	-70.0	104.47
14	-41.0	-102.0	12.0	127.0	19.0	-77.0	25.0	77.0	96.28
15	-13.0	21.0	59.0	-6.0	12.0	79.0	47.0	6.0	101.76
16	-128.0	26.0	-1.0	27.0	2.0	58.0	17.0	1.0	96.28
17	37.0	88.0	13.0	-2.0	-71.0	34.0	-90.0	82.0	101.76
18	127.0	-52.0	-98.0	-37.0	-9.0	11.0	-29.0	-95.0	100.23
19	125.0	-76.0	36.0	-16.0	-42.0	46.0	-8.0	77.0	100.73
20	107.0	127.0	-33.0	-128.0	30.0	78.0	79.0	92.0	95.91
21	-67.0	82.0	13.0	111.0	-1.0	-77.0	-90.0	-43.0	89.43
22	-1.0	-127.0	-24.0	-36.0	-36.0	31.0	57.0	40.0	81.56
23	59.0	127.0	126.0	46.0	-35.0	-63.0	53.0	37.0	88.17
24	29.0	57.0	-5.0	-40.0	-13.0	52.0	96.0	9.0	70.77
25	23.0	7.0	37.0	-59.0	45.0	-60.0	90.0	-98.0	69.19
26	-75.0	8.0	-3.0	38.0	-23.0	-88.0	22.0	-52.0	68.18
27	-46.0	-82.0	70.0	42.0	-15.0	127.0	-56.0	-32.0	70.4
28	127.0	10.0	-15.0	-78.0	-25.0	43.0	18.0	10.0	64.85
29	-104.0	-105.0	-61.0	-33.0	-43.0	64.0	112.0	27.0	63.27
30	43.0	-3.0	48.0	50.0	-23.0	-19.0	-60.0	-35.0	62.52
31	-18.0	127.0	9.0	50.0	-77.0	71.0	64.0	-38.0	55.01
32	6.0	10.0	75.0	-8.0	-15.0	29.0	88.0	-38.0	54.61
33	109.0	118.0	6.0	-64.0	-15.0	-44.0	-123.0	-53.0	54.4
34	127.0	-35.0	101.0	-30.0	-9.0	69.0	114.0	-47.0	54.61
35	117.0	81.0	-128.0	-18.0	-9.0	-118.0	-128.0	-34.0	55.01
36	-87.0	127.0	53.0	-67.0	63.0	-10.0	1.0	74.0	60.19
37	80.0	-53.0	50.0	-76.0	29.0	19.0	64.0	-32.0	56.51
38	-128.0	127.0	-68.0	-128.0	-66.0	-18.0	127.0	5.0	62.46
39	71.0	-53.0	118.0	-103.0	-28.0	-25.0	19.0	-22.0	60.48
40	98.0	35.0	-61.0	34.0	-17.0	11.0	-35.0	5.0	62.11
41	83.0	45.0	127.0	-128.0	62.0	67.0	23.0	-34.0	55.57
42	-89.0	-100.0	59.0	-17.0	-15.0	47.0	109.0	8.0	60.19
43	-88.0	72.0	1.0	17.0	-3.0	-29.0	-25.0	17.0	54.43
44	7.0	-55.0	-88.0	33.0	22.0	-100.0	-128.0	-64.0	62.11
45	40.0	-82.0	22.0	-74.0	97.0	-3.0	28.0	23.0	59.39
46	-126.0	73.0	-98.0	64.0	25.0	-1.0	127.0	-14.0	62.52
47	127.0	-128.0	-35.0	-111.0	92.0	-49.0	-85.0	45.0	63.27
48	96.0	-1.0	-73.0	58.0	3.0	15.0	-49.0	-1.0	66.55
49	109.0	84.0	112.0	-16.0	56.0	-46.0	25.0	-21.0	63.51
50	47.0	83.0	-55.0	-11.0	-2.0	70.0	56.0	37.0	70.05
51	127.0	-50.0	1.0	33.0	-13.0	-56.0	-10.0	38.0	64.85
52	-19.0	-82.0	-11.0	91.0	-100.0	-54.0	113.0	91.0	68.18
53	-17.0	36.0	17.0	-119.0	32.0	53.0	-47.0	-73.0	70.77
54	-101.0	22.0	49.0	-14.0	-33.0	28.0	-128.0	10.0	89.06
55	52.0	46.0	14.0	54.0	-46.0	-23.0	-27.0	-103.0	78.63
56	84.0	-116.0	5.0	8.0	20.0	1.0	75.0	-28.0	93.63
57	31.0	-21.0	-59.0	-69.0	-40.0	42.0	66.0	-128.0	95.84
58	-99.0	45.0	-70.0	56.0	55.0	9.0	-106.0	61.0	78.63
59	114.0	-5.0	-32.0	-91.0	24.0	-10.0	77.0	-46.0	95.91
60	-10.0	-128.0	47.0	21.0	8.0	4.0	7.0	-26.0	100.61
61	127.0	127.0	48.0	-57.0	33.0	-74.0	76.0	-10.0	93.63
62	-38.0	61.0	94.0	-120.0	11.0	62.0	71.0	-53.0	100.23
63	127.0	17.0	34.0	37.0	17.0	-61.0	-41.0	39.0	103.14
64	-65.0	13.0	-34.0	58.0	-4.0	78.0	39.0	-64.0	105.48
65	-125.0	-8.0	-42.0	-13.0	-42.0	95.0	97.0	30.0	107.91
66	33.0	-128.0	1.0	112.0	-23.0	-63.0	-82.0	-42.0	108.24
67	127.0	42.0	48.0	34.0	-24.0	-16.0	14.0	-31.0	109.63
68	46.0	109.0	-97.0	48.0	-15.0	-11.0	-59.0	-70.0	110.71
69	-21.0	121.0	70.0	-20.0	-50.0	-84.0	-128.0	64.0	109.63
70	73.0	-128.0	13.0	44.0	-25.0	-25.0	-55.0	1.0	109.43
71	-12.0	29.0	-89.0	-71.0	9.0	37.0	-29.0	-45.0	105.48
72	68.0	-128.0	41.0	69.0	-34.0	-28.0	-91.0	-3.0	105.3
73	-14.0	30.0	-10.0	-38.0	14.0	-14.0	-80.0	8.0	103.14
74	15.0	118.0	-84.0	-100.0	-108.0	13.0	62.0	51.0	101.76
75	-128.0	94.0	125.0	-12.0	16.0	39.0	-55.0	0.0	95.86
76	51.0	-40.0	-68.0	98.0	-66.0	-22.0	43.0	67.0	89.43
77	119.0	-49.0	2.0	-56.0	-29.0	-102.0	-44.0	18.0	100.2
78	127.0	127.0	-37.0	38.0	8.0	67.0	-125.0	41.0	103.4
79	74.0	-37.0	-42.0	-2.0	64.0	-65.0	104.0	81.0	104.49
80	-14.0	121.0	-103.0	-47.0	-14.0	58.0	-78.0	-104.0	107.14
81	84.0	-29.0	35.0	43.0	59.0	5.0	-118.0	43.0	106.9
82	15.0	124.0	22.0	74.0	26.0	122.0	85.0	32.0	104.49
83	-128.0	-128.0	21.0	-57.0	5.0	-95.0	-87.0	-5.0	107.91
84	127.0	-106.0	5.0	38.0	-45.0	35.0	16.0	-31.0	109.85
85	-36.0	119.0	-40.0	-48.0	1.0	-30.0	96.0	3.0	111.31
86	-123.0	99.0	-12.0	-25.0	-15.0	-48.0	0.0	-20.0	110.83
