0	91.0	40.0	-9.0	-12.0	50.0	-30.0	10.0	-15.0	52.88
1	127.0	-113.0	6.0	-93.0	-3.0	-10.0	-26.0	-5.0	53.19
2	-63.0	-9.0	7.0	30.0	5.0	4.0	117.0	2.0	54.93
3	-117.0	77.0	5.0	-58.0	29.0	-47.0	-7.0	-25.0	52.96
4	-126.0	21.0	10.0	70.0	-16.0	10.0	-40.0	-11.0	52.49
5	-6.0	-32.0	101.0	-49.0	-9.0	7.0	-36.0	-19.0	53.58
6	-48.0	-16.0	108.0	-128.0	-21.0	45.0	-5.0	-26.0	52.49
7	-75.0	118.0	43.0	-9.0	-23.0	-22.0	-27.0	11.0	60.05
8	-128.0	-17.0	-9.0	-122.0	33.0	35.0	-51.0	-4.0	54.93
9	110.0	81.0	-128.0	72.0	15.0	44.0	54.0	-1.0	53.94
10	-22.0	8.0	16.0	82.0	-2.0	-12.0	-9.0	-8.0	59.74
11	127.0	-66.0	2.0	-31.0	26.0	0.0	-128.0	-103.0	52.56
12	50.0	127.0	-44.0	22.0	-20.0	18.0	1.0	15.0	52.96
13	-63.0	66.0	-25.0	23.0	-13.0	-5.0	-49.0	38.0	52.61
14	36.0	127.0	-111.0	30.0	-28.0	-15.0	-28.0	-19.0	54.25
15	127.0	127.0	-7.0	-13.0	2.0	21.0	4.0	-19.0	60.05
16	-25.0	59.0	52.0	29.0	-2.0	14.0	23.0	14.0	65.44
17	77.0	-45.0	43.0	16.0	-1.0	-11.0	3.0	-39.0	64.74
18	86.0	6.0	28.0	14.0	4.0	-26.0	-20.0	0.0	66.16
19	28.0	44.0	-83.0	2.0	-36.0	18.0	26.0	-22.0	66.73
20	58.0	-76.0	-68.0	-128.0	43.0	18.0	-6.0	-50.0	74.78
21	44.0	-110.0	15.0	-114.0	2.0	-46.0	74.0	-62.0	66.73
22	11.0	-47.0	-21.0	23.0	-8.0	29.0	-27.0	6.0	74.05
23	44.0	74.0	79.0	-48.0	-21.0	-27.0	-62.0	28.0	66.16
24	-89.0	-20.0	4.0	13.0	27.0	51.0	-5.0	-19.0	74.78
25	100.0	-16.0	13.0	-43.0	-17.0	-4.0	-20.0	42.0	77.11
26	-73.0	-77.0	-24.0	36.0	-26.0	-34.0	1.0	-31.0	80.83
27	-27.0	-43.0	-87.0	-47.0	-13.0	21.0	5.0	13.0	79.14
28	-32.0	-91.0	83.0	-31.0	6.0	-3.0	6.0	36.0	80.83
29	-10.0	-22.0	-29.0	55.0	-12.0	-6.0	36.0	3.0	80.47
30	127.0	113.0	41.0	26.0	-37.0	-8.0	-19.0	-2.0	90.92
31	-47.0	2.0	-53.0	48.0	0.0	2.0	-14.0	1.0	89.66
32	5.0	127.0	15.0	-128.0	32.0	16.0	-11.0	12.0	90.92
33	-52.0	-128.0	-18.0	-97.0	-3.0	29.0	33.0	19.0	97.66
34	-14.0	91.0	-8.0	-2.0	62.0	-52.0	-40.0	-48.0	93.54
35	31.0	94.0	-5.0	78.0	-38.0	-38.0	-42.0	17.0	93.79
36	-103.0	-61.0	32.0	2.0	10.0	-5.0	2.0	-22.0	110.02
37	79.0	-21.0	-128.0	-117.0	-27.0	-4.0	4.0	22.0	106.67
38	74.0	37.0	-22.0	-61.0	-14.0	2.0	124.0	-65.0	106.33
39	-76.0	-102.0	-27.0	-5.0	3.0	29.0	-52.0	-43.0	106.67
40	127.0	25.0	20.0	-54.0	12.0	-5.0	32.0	33.0	107.76
41	62.0	-63.0	-87.0	119.0	-8.0	-7.0	-19.0	3.0	108.31
42	119.0	-95.0	0.0	33.0	-22.0	-19.0	25.0	6.0	109.15
43	-28.0	74.0	47.0	-47.0	-16.0	8.0	-21.0	14.0	110.82
44	-68.0	30.0	33.0	-111.0	-30.0	34.0	102.0	8.0	109.44
45	10.0	127.0	-51.0	11.0	5.0	21.0	1.0	26.0	109.15
46	75.0	105.0	-101.0	2.0	28.0	-3.0	-12.0	21.0	110.52
47	-76.0	4.0	12.0	57.0	-11.0	7.0	-9.0	-44.0	110.02
48	65.0	43.0	60.0	-17.0	-19.0	-9.0	-42.0	-4.0	105.37
49	38.0	79.0	-22.0	-19.0	-7.0	-45.0	-35.0	-33.0	107.72
50	-36.0	43.0	51.0	-18.0	28.0	-16.0	-8.0	43.0	108.88
51	-80.0	71.0	-53.0	52.0	1.0	8.0	-44.0	-2.0	108.31
52	57.0	45.0	-39.0	47.0	33.0	16.0	-2.0	2.0	107.76
53	-51.0	43.0	-21.0	28.0	-19.0	48.0	5.0	-37.0	103.34
54	71.0	127.0	0.0	-19.0	20.0	-1.0	-82.0	20.0	98.08
55	-86.0	93.0	20.0	-67.0	35.0	23.0	-17.0	23.0	102.79
56	123.0	109.0	29.0	127.0	-53.0	6.0	-69.0	19.0	106.33
57	94.0	65.0	2.0	45.0	24.0	48.0	91.0	21.0	105.33
58	48.0	-49.0	29.0	15.0	27.0	-23.0	8.0	26.0	103.34
59	-69.0	-90.0	-53.0	55.0	5.0	4.0	-10.0	-10.0	99.95
60	-94.0	-5.0	27.0	-21.0	-1.0	2.0	-50.0	-58.0	102.79
61	22.0	61.0	-29.0	34.0	35.0	-4.0	-7.0	17.0	98.76
62	8.0	-52.0	95.0	9.0	-15.0	16.0	-15.0	5.0	107.17
63	-7.0	-99.0	16.0	-107.0	-6.0	-10.0	19.0	48.0	104.12
64	103.0	-74.0	42.0	-20.0	-23.0	22.0	17.0	18.0	98.76
65	-18.0	-78.0	-32.0	-49.0	-10.0	-36.0	-29.0	-37.0	101.2
66	-128.0	-75.0	-74.0	-30.0	-2.0	23.0	-4.0	6.0	98.08
67	-36.0	7.0	-9.0	80.0	13.0	3.0	6.0	-101.0	92.84
68	15.0	67.0	33.0	-46.0	59.0	-27.0	-19.0	-72.0	105.33
69	50.0	-26.0	-49.0	-48.0	8.0	-5.0	127.0	17.0	92.32
70	-100.0	127.0	-52.0	127.0	-36.0	14.0	-18.0	-8.0	98.26
71	67.0	-7.0	6.0	-37.0	6.0	-9.0	-118.0	-21.0	100.93
72	30.0	117.0	-48.0	-42.0	11.0	-4.0	-100.0	54.0	91.87
73	72.0	68.0	0.0	-37.0	-28.0	15.0	-14.0	-65.0	92.84
74	-37.0	79.0	-29.0	7.0	30.0	47.0	-66.0	-12.0	89.66
75	127.0	-5.0	67.0	118.0	-36.0	-15.0	-10.0	26.0	91.87
76	96.0	-19.0	92.0	-75.0	23.0	-4.0	44.0	-4.0	92.28
77	77.0	-45.0	22.0	-46.0	5.0	-4.0	-122.0	16.0	91.62
78	28.0	-100.0	85.0	48.0	1.0	-6.0	-4.0	-39.0	70.78
79	-65.0	61.0	18.0	-11.0	-17.0	27.0	41.0	-91.0	90.87
80	-27.0	-70.0	-5.0	65.0	-12.0	1.0	-14.0	41.0	79.14
81	111.0	-33.0	69.0	37.0	29.0	-29.0	28.0	-22.0	66.7
82	65.0	-110.0	14.0	-65.0	-6.0	37.0	62.0	-40.0	63.16
83	-65.0	76.0	-54.0	-18.0	51.0	0.0	17.0	14.0	63.16
84	55.0	-92.0	-47.0	78.0	-15.0	-24.0	8.0	-33.0	61.93
85	-66.0	61.0	-28.0	83.0	-16.0	30.0	66.0	4.0	53.19
