0	-61.0	127.0	-107.0	107.0	18.0	10.0	-8.0	-23.0	61.01
1	127.0	58.0	-1.0	-18.0	15.0	-21.0	-15.0	30.0	47.52
2	-35.0	-78.0	4.0	-32.0	-47.0	34.0	30.0	13.0	52.53
3	-103.0	22.0	-32.0	60.0	16.0	43.0	8.0	31.0	46.77
4	-52.0	-36.0	-28.0	57.0	-15.0	-63.0	-22.0	4.0	43.76
5	-40.0	-97.0	-9.0	2.0	26.0	16.0	9.0	6.0	46.47
6	116.0	107.0	5.0	-42.0	39.0	25.0	-15.0	9.0	46.47
7	80.0	4.0	-12.0	-18.0	-3.0	-17.0	-16.0	-38.0	46.58
8	79.0	78.0	27.0	36.0	-31.0	-11.0	25.0	-17.0	43.63
9	127.0	-37.0	65.0	-53.0	18.0	17.0	-46.0	6.0	45.77
10	-52.0	42.0	-34.0	-22.0	-24.0	-3.0	-14.0	-21.0	43.63
11	52.0	70.0	-57.0	42.0	0.0	51.0	5.0	6.0	45.5
12	50.0	71.0	-123.0	-57.0	-28.0	10.0	-2.0	-5.0	47.63
13	-101.0	-128.0	14.0	41.0	-35.0	-23.0	68.0	24.0	62.11
14	26.0	97.0	64.0	26.0	-15.0	-16.0	29.0	21.0	64.91
15	16.0	110.0	33.0	-67.0	-17.0	29.0	-18.0	-10.0	70.97
16	-18.0	118.0	8.0	-29.0	-6.0	-21.0	-16.0	-44.0	56.56
17	127.0	35.0	-53.0	12.0	-3.0	-2.0	-7.0	24.0	52.53
18	-10.0	-117.0	29.0	-92.0	-3.0	-1.0	-10.0	26.0	48.71
19	-122.0	-11.0	-81.0	-17.0	20.0	81.0	-21.0	-5.0	57.36
20	46.0	84.0	127.0	90.0	-8.0	7.0	-39.0	26.0	54.55
21	114.0	-35.0	70.0	7.0	25.0	-3.0	25.0	38.0	60.72
22	55.0	118.0	14.0	33.0	1.0	-7.0	-21.0	-33.0	59.75
23	-112.0	-83.0	-112.0	68.0	15.0	-7.0	-2.0	8.0	60.72
24	-33.0	-56.0	67.0	-6.0	-1.0	-21.0	43.0	6.0	59.75
25	-4.0	63.0	-12.0	22.0	1.0	10.0	11.0	-21.0	47.9
26	64.0	24.0	-56.0	25.0	-14.0	-3.0	45.0	6.0	46.58
27	-51.0	53.0	26.0	-39.0	-16.0	-13.0	1.0	31.0	46.77
28	64.0	-80.0	127.0	-30.0	-11.0	12.0	0.0	-17.0	47.9
29	-17.0	110.0	-86.0	-55.0	41.0	-34.0	0.0	-26.0	67.73
30	89.0	-22.0	-94.0	1.0	-16.0	-3.0	13.0	-15.0	67.42
31	93.0	63.0	7.0	-20.0	26.0	-9.0	3.0	-22.0	73.47
32	-84.0	-128.0	7.0	63.0	26.0	5.0	56.0	3.0	75.5
33	68.0	33.0	23.0	-64.0	14.0	34.0	7.0	17.0	79.72
34	-19.0	32.0	52.0	65.0	-46.0	15.0	2.0	-17.0	75.5
35	96.0	-89.0	-20.0	-69.0	-10.0	-3.0	-6.0	49.0	78.81
36	-50.0	114.0	12.0	7.0	-38.0	-7.0	-1.0	18.0	79.8
37	79.0	-22.0	-7.0	-70.0	-18.0	-13.0	-5.0	3.0	71.96
38	45.0	87.0	14.0	-42.0	15.0	-6.0	-20.0	24.0	73.47
39	-123.0	127.0	11.0	-4.0	17.0	0.0	-51.0	-14.0	61.01
40	-41.0	-25.0	-29.0	18.0	31.0	31.0	-14.0	-10.0	79.72
41	78.0	-56.0	-39.0	1.0	16.0	-1.0	27.0	15.0	79.8
42	41.0	105.0	70.0	-23.0	8.0	-36.0	19.0	2.0	80.86
43	-11.0	85.0	-14.0	99.0	22.0	-6.0	-8.0	58.0	76.95
44	101.0	54.0	-10.0	19.0	-7.0	-6.0	60.0	25.0	76.95
45	-99.0	-34.0	43.0	7.0	17.0	-16.0	73.0	82.0	79.1
46	28.0	-24.0	-13.0	13.0	6.0	-46.0	18.0	11.0	80.76
47	127.0	-114.0	39.0	-91.0	-6.0	15.0	-5.0	-30.0	85.64
48	-87.0	127.0	-51.0	-27.0	13.0	-13.0	-42.0	-49.0	82.45
49	96.0	-105.0	29.0	3.0	-18.0	-12.0	-33.0	10.0	82.27
50	45.0	-112.0	5.0	-20.0	-1.0	41.0	12.0	-3.0	83.8
51	-50.0	127.0	21.0	41.0	-2.0	21.0	-30.0	5.0	85.64
52	91.0	126.0	-70.0	19.0	15.0	25.0	41.0	102.0	93.63
53	-128.0	-18.0	58.0	-3.0	-10.0	-20.0	-12.0	-5.0	97.16
54	-116.0	127.0	-25.0	-16.0	-16.0	7.0	-20.0	27.0	95.62
55	127.0	-76.0	77.0	91.0	-11.0	26.0	15.0	37.0	105.91
56	-4.0	-98.0	-27.0	3.0	-13.0	13.0	-12.0	-6.0	113.17
57	62.0	120.0	16.0	-29.0	-74.0	-2.0	-27.0	-23.0	114.47
58	58.0	-100.0	-16.0	19.0	-16.0	15.0	-49.0	14.0	114.57
59	125.0	-47.0	-80.0	44.0	-4.0	-26.0	12.0	29.0	114.47
60	12.0	-28.0	-78.0	-26.0	37.0	-10.0	17.0	10.0	114.94
61	-20.0	12.0	2.0	-52.0	24.0	-49.0	48.0	8.0	113.61
62	109.0	38.0	-7.0	-24.0	38.0	5.0	25.0	29.0	113.31
63	-128.0	48.0	7.0	97.0	-5.0	-11.0	-24.0	-23.0	105.91
64	127.0	-104.0	17.0	-16.0	21.0	33.0	-9.0	-27.0	112.07
65	68.0	-43.0	16.0	64.0	-16.0	12.0	-15.0	0.0	99.4
66	-53.0	105.0	-38.0	13.0	-3.0	16.0	-7.0	14.0	112.29
67	12.0	31.0	57.0	63.0	9.0	7.0	-38.0	-54.0	113.61
68	39.0	45.0	-28.0	-36.0	-1.0	-1.0	-10.0	24.0	114.57
69	-17.0	-59.0	-11.0	60.0	-3.0	-8.0	18.0	-33.0	102.03
70	85.0	-98.0	127.0	23.0	-8.0	20.0	-15.0	-8.0	110.41
71	-93.0	92.0	-82.0	102.0	-6.0	-3.0	-14.0	37.0	97.16
72	10.0	-38.0	52.0	-128.0	12.0	-6.0	-88.0	-3.0	99.4
73	-109.0	-100.0	10.0	10.0	17.0	-5.0	26.0	1.0	92.57
74	-93.0	106.0	-53.0	-35.0	-9.0	2.0	14.0	41.0	92.57
75	-21.0	-50.0	-49.0	-104.0	-17.0	-5.0	105.0	-56.0	90.56
76	43.0	-58.0	19.0	-47.0	-8.0	13.0	-11.0	3.0	88.9
77	-116.0	97.0	-92.0	46.0	-2.0	-5.0	-26.0	-10.0	86.98
78	85.0	-73.0	88.0	-81.0	-6.0	-18.0	-67.0	38.0	82.45
79	54.0	-100.0	-22.0	19.0	-10.0	9.0	20.0	9.0	84.53
80	-35.0	100.0	1.0	-44.0	-7.0	-8.0	-9.0	-15.0	82.27
81	54.0	127.0	-8.0	27.0	10.0	9.0	7.0	69.0	77.86
82	-53.0	-96.0	-36.0	43.0	-5.0	13.0	89.0	-17.0	75.5
83	-71.0	-9.0	28.0	-47.0	40.0	12.0	-25.0	-3.0	64.91
84	127.0	42.0	78.0	-1.0	2.0	-10.0	-28.0	-16.0	62.39
85	16.0	-126.0	-15.0	-67.0	3.0	-20.0	-39.0	-47.0	67.73
