0	-22.0	63.0	94.0	-29.0	13.0	-30.0	-81.0	12.0	99.16
1	-3.0	90.0	-53.0	80.0	-10.0	-34.0	-87.0	91.0	99.58
2	9.0	-14.0	1.0	-26.0	-23.0	16.0	87.0	36.0	100.62
3	-16.0	-56.0	-39.0	-11.0	-14.0	-89.0	25.0	-6.0	101.77
4	-16.0	32.0	-77.0	-101.0	-3.0	32.0	37.0	90.0	103.64
5	-100.0	90.0	86.0	-60.0	-36.0	-50.0	-65.0	-47.0	104.0
6	39.0	-74.0	-40.0	-12.0	28.0	-28.0	48.0	9.0	104.95
7	127.0	-100.0	9.0	44.0	-84.0	81.0	9.0	-12.0	104.95
8	49.0	10.0	127.0	-93.0	67.0	11.0	18.0	101.0	104.59
9	-88.0	127.0	-55.0	41.0	-58.0	-96.0	-36.0	-89.0	104.92
10	56.0	63.0	55.0	127.0	-19.0	28.0	19.0	-16.0	102.96
11	-86.0	127.0	-87.0	18.0	3.0	72.0	-58.0	-86.0	104.52
12	64.0	-13.0	-33.0	-87.0	-4.0	69.0	11.0	2.0	104.95
13	-30.0	127.0	-108.0	69.0	11.0	39.0	61.0	107.0	104.52
14	-58.0	51.0	-128.0	-5.0	3.0	-35.0	-24.0	-9.0	101.85
15	-128.0	111.0	-38.0	-66.0	-6.0	-6.0	125.0	-14.0	104.0
16	61.0	-128.0	-69.0	-37.0	9.0	67.0	-1.0	56.0	100.62
17	25.0	-128.0	-125.0	-81.0	-24.0	-6.0	-20.0	-96.0	101.85
18	-75.0	115.0	30.0	-50.0	93.0	30.0	5.0	-8.0	98.0
19	-128.0	15.0	48.0	-128.0	-23.0	56.0	72.0	23.0	91.91
20	3.0	84.0	-93.0	3.0	-14.0	19.0	-52.0	-40.0	93.62
21	-22.0	127.0	76.0	39.0	37.0	-58.0	68.0	-54.0	86.23
22	67.0	-94.0	24.0	88.0	-2.0	85.0	11.0	110.0	64.66
23	72.0	127.0	9.0	-112.0	56.0	-19.0	-49.0	-26.0	54.24
24	-104.0	-73.0	-3.0	60.0	-38.0	-19.0	-77.0	28.0	83.43
25	-55.0	-70.0	-29.0	81.0	-15.0	-49.0	25.0	1.0	64.66
26	59.0	101.0	4.0	15.0	-29.0	-70.0	-34.0	-83.0	55.41
27	-99.0	114.0	-32.0	7.0	-88.0	-3.0	-37.0	-25.0	72.87
28	-57.0	-84.0	127.0	-97.0	45.0	-86.0	27.0	-23.0	64.08
29	34.0	-18.0	22.0	-26.0	-29.0	9.0	-42.0	64.0	62.3
30	-47.0	127.0	-69.0	70.0	-40.0	86.0	-10.0	3.0	73.93
31	-39.0	9.0	6.0	-57.0	-44.0	-54.0	42.0	-90.0	74.24
32	-75.0	60.0	-50.0	-2.0	-31.0	93.0	9.0	73.0	72.3
33	85.0	-2.0	7.0	2.0	9.0	-64.0	-52.0	-83.0	54.51
34	44.0	-128.0	8.0	-22.0	46.0	-66.0	117.0	17.0	62.87
35	51.0	83.0	-128.0	13.0	31.0	-6.0	1.0	38.0	50.75
36	127.0	64.0	35.0	-17.0	-10.0	41.0	-53.0	-60.0	51.9
37	32.0	-42.0	-99.0	29.0	39.0	-44.0	-49.0	-56.0	51.09
38	102.0	-45.0	3.0	-65.0	50.0	31.0	4.0	-87.0	52.29
39	127.0	-84.0	94.0	41.0	-59.0	62.0	-67.0	94.0	48.82
40	18.0	-18.0	-24.0	26.0	-28.0	9.0	32.0	-90.0	43.64
41	-65.0	-80.0	35.0	-62.0	-39.0	87.0	-4.0	125.0	43.61
42	-91.0	90.0	-89.0	127.0	31.0	-27.0	-18.0	-3.0	44.23
43	-78.0	-125.0	-106.0	40.0	-30.0	-37.0	-49.0	37.0	47.15
44	113.0	84.0	15.0	-23.0	-19.0	-12.0	-78.0	24.0	45.85
45	-128.0	127.0	127.0	-50.0	52.0	-57.0	40.0	-92.0	50.3
46	-69.0	-128.0	-128.0	127.0	10.0	-62.0	-22.0	70.0	50.75
47	127.0	-32.0	27.0	-108.0	98.0	60.0	72.0	-36.0	53.01
48	-20.0	-128.0	90.0	-91.0	67.0	62.0	76.0	-16.0	53.07
49	-30.0	127.0	92.0	-102.0	31.0	-45.0	-61.0	39.0	44.98
50	-39.0	53.0	-104.0	-22.0	-49.0	26.0	-5.0	34.0	49.62
51	-33.0	11.0	29.0	0.0	12.0	122.0	-87.0	-99.0	44.07
52	-114.0	-87.0	-81.0	16.0	-31.0	4.0	34.0	-92.0	45.37
53	127.0	-74.0	-57.0	46.0	85.0	-6.0	-65.0	-41.0	51.09
54	-89.0	-111.0	-50.0	38.0	-17.0	1.0	-18.0	127.0	44.07
55	11.0	106.0	4.0	-128.0	11.0	-42.0	-56.0	8.0	44.23
56	23.0	-82.0	-26.0	-10.0	7.0	-53.0	49.0	-35.0	46.12
57	-58.0	48.0	-1.0	100.0	-17.0	2.0	-86.0	15.0	50.06
58	-116.0	57.0	97.0	-51.0	18.0	6.0	-36.0	100.0	48.82
59	-71.0	104.0	94.0	-5.0	-62.0	-16.0	-92.0	-65.0	45.85
60	29.0	91.0	120.0	65.0	95.0	0.0	35.0	-112.0	46.12
61	127.0	-73.0	-102.0	-19.0	-19.0	-120.0	-30.0	81.0	44.79
62	-80.0	-33.0	-13.0	127.0	-43.0	2.0	5.0	-2.0	52.29
63	-36.0	127.0	4.0	-2.0	80.0	66.0	10.0	-46.0	59.53
64	-85.0	127.0	-78.0	-6.0	48.0	-83.0	37.0	-56.0	63.52
65	-34.0	-120.0	61.0	122.0	9.0	77.0	-16.0	42.0	62.46
66	-80.0	-9.0	44.0	-32.0	-4.0	-46.0	-57.0	-19.0	53.07
67	86.0	92.0	66.0	-75.0	21.0	-30.0	37.0	-128.0	62.46
68	111.0	-120.0	94.0	31.0	-31.0	-42.0	-109.0	-65.0	54.51
69	-70.0	35.0	-85.0	-35.0	-26.0	74.0	-63.0	-11.0	73.49
70	-17.0	-71.0	-10.0	114.0	-3.0	33.0	125.0	-51.0	73.49
71	127.0	43.0	-47.0	-121.0	-2.0	11.0	-78.0	38.0	82.05
72	10.0	112.0	-79.0	101.0	-13.0	43.0	30.0	-57.0	74.24
73	-114.0	-17.0	78.0	20.0	-27.0	-34.0	-30.0	54.0	59.53
74	26.0	21.0	127.0	-60.0	48.0	-39.0	56.0	-17.0	93.62
75	115.0	86.0	76.0	55.0	13.0	3.0	15.0	42.0	81.71
76	8.0	103.0	127.0	-110.0	-14.0	-32.0	-26.0	-17.0	89.49
77	-12.0	-83.0	-55.0	97.0	43.0	-35.0	6.0	-29.0	97.57
78	-7.0	81.0	-12.0	-95.0	-27.0	-8.0	-21.0	27.0	97.57
79	50.0	89.0	45.0	127.0	2.0	-12.0	20.0	27.0	81.71
80	120.0	-90.0	34.0	90.0	-25.0	-105.0	104.0	85.0	89.49
81	-111.0	-54.0	43.0	-97.0	-3.0	0.0	39.0	-28.0	87.85
82	-60.0	30.0	-15.0	112.0	43.0	-21.0	-3.0	-47.0	84.62
83	25.0	26.0	-12.0	-100.0	16.0	45.0	21.0	68.0	83.43
84	29.0	-21.0	-12.0	12.0	-24.0	-23.0	44.0	-33.0	95.45
