0	84.0	113.0	-17.0	18.0	3.0	-18.0	60.0	-63.0	119.89
1	-119.0	-46.0	-22.0	0.0	-3.0	-45.0	34.0	25.0	110.95
2	127.0	127.0	-4.0	-36.0	-10.0	15.0	-2.0	-62.0	118.96
3	-3.0	-49.0	80.0	127.0	-22.0	-5.0	-55.0	53.0	111.26
4	50.0	8.0	94.0	28.0	-10.0	2.0	-48.0	43.0	102.58
5	-94.0	-44.0	40.0	78.0	11.0	-35.0	-90.0	-17.0	110.95
6	-64.0	47.0	-128.0	57.0	-11.0	0.0	-61.0	77.0	92.83
7	-56.0	59.0	-7.0	38.0	-3.0	-17.0	35.0	-9.0	93.86
8	5.0	-89.0	-128.0	-36.0	-4.0	-11.0	55.0	-104.0	88.73
9	2.0	-51.0	15.0	-8.0	-17.0	-3.0	-98.0	-85.0	82.62
10	-37.0	-123.0	-22.0	-20.0	-4.0	-3.0	45.0	-37.0	92.76
11	79.0	45.0	-42.0	-128.0	17.0	30.0	-94.0	-8.0	93.99
12	127.0	13.0	2.0	22.0	7.0	-45.0	-55.0	9.0	105.56
13	127.0	30.0	1.0	-128.0	-34.0	-16.0	-51.0	11.0	99.61
14	127.0	-16.0	-4.0	3.0	-61.0	-5.0	-20.0	17.0	99.1
15	127.0	127.0	22.0	-45.0	2.0	12.0	127.0	-31.0	93.99
16	56.0	13.0	69.0	-3.0	-1.0	10.0	36.0	-2.0	92.76
17	-38.0	4.0	47.0	-54.0	41.0	-54.0	8.0	11.0	80.29
18	97.0	78.0	15.0	15.0	62.0	11.0	-14.0	8.0	71.0
19	64.0	73.0	-16.0	-3.0	-8.0	-8.0	-28.0	-13.0	86.76
20	40.0	101.0	15.0	75.0	8.0	-6.0	0.0	32.0	91.04
21	-57.0	-21.0	-84.0	87.0	15.0	-15.0	-124.0	-8.0	77.14
22	-56.0	23.0	96.0	19.0	-9.0	19.0	92.0	26.0	71.32
23	47.0	-15.0	-128.0	-42.0	3.0	21.0	40.0	-6.0	74.58
24	-90.0	-61.0	127.0	107.0	-5.0	-32.0	4.0	-37.0	68.72
25	-87.0	127.0	-13.0	-128.0	9.0	-9.0	7.0	-30.0	64.45
26	19.0	-27.0	-10.0	-10.0	26.0	35.0	-74.0	-1.0	68.23
27	-13.0	-45.0	50.0	-16.0	-23.0	-14.0	-33.0	18.0	65.89
28	-61.0	-2.0	-34.0	-20.0	-7.0	-17.0	76.0	30.0	58.99
29	-23.0	14.0	46.0	95.0	5.0	-35.0	-23.0	14.0	47.12
30	39.0	-12.0	98.0	13.0	0.0	8.0	92.0	-60.0	46.03
31	103.0	-19.0	12.0	14.0	20.0	-10.0	-34.0	-36.0	45.06
32	35.0	-31.0	9.0	-15.0	-14.0	-8.0	-33.0	-21.0	47.93
33	114.0	-23.0	71.0	36.0	-12.0	-33.0	77.0	54.0	50.96
34	-20.0	4.0	-8.0	89.0	51.0	-9.0	38.0	-26.0	61.08
35	106.0	76.0	-87.0	-27.0	-31.0	8.0	-12.0	31.0	58.99
36	105.0	59.0	16.0	-2.0	13.0	-36.0	28.0	36.0	58.79
37	107.0	47.0	-30.0	36.0	-5.0	24.0	-84.0	-9.0	64.45
38	39.0	-34.0	33.0	-44.0	-14.0	-13.0	47.0	10.0	50.1
39	-52.0	41.0	21.0	49.0	9.0	-112.0	-26.0	-14.0	45.06
40	18.0	-27.0	15.0	-53.0	35.0	42.0	96.0	-47.0	43.87
41	-13.0	-5.0	29.0	5.0	41.0	-5.0	-99.0	4.0	42.58
42	30.0	49.0	-19.0	5.0	-25.0	-22.0	76.0	-3.0	43.91
43	-128.0	-128.0	0.0	11.0	-13.0	3.0	-105.0	18.0	42.58
44	-108.0	-49.0	31.0	37.0	-1.0	-61.0	-9.0	9.0	42.58
45	1.0	-5.0	9.0	-26.0	-3.0	7.0	-43.0	7.0	43.64
46	-40.0	3.0	-128.0	105.0	15.0	17.0	-17.0	39.0	42.82
47	63.0	28.0	71.0	-126.0	-13.0	-10.0	111.0	-4.0	42.86
48	-4.0	127.0	-120.0	11.0	-56.0	-70.0	89.0	8.0	43.91
49	81.0	63.0	91.0	-9.0	20.0	60.0	-53.0	-37.0	46.03
50	-36.0	-103.0	-82.0	-7.0	-1.0	15.0	-35.0	34.0	71.32
51	127.0	-21.0	-16.0	-26.0	9.0	-28.0	25.0	23.0	68.72
52	-16.0	-81.0	56.0	-10.0	-25.0	-17.0	95.0	-63.0	80.29
53	-58.0	-84.0	-13.0	-50.0	19.0	-12.0	-106.0	54.0	83.09
54	31.0	-126.0	44.0	-128.0	-20.0	-6.0	98.0	47.0	92.02
55	-112.0	-34.0	-106.0	14.0	8.0	63.0	77.0	-62.0	99.61
56	-85.0	-95.0	116.0	-32.0	19.0	22.0	-22.0	84.0	99.1
57	92.0	-109.0	6.0	127.0	14.0	18.0	109.0	-109.0	102.37
58	-123.0	95.0	-46.0	-128.0	1.0	5.0	-76.0	32.0	100.92
59	61.0	14.0	-4.0	5.0	-17.0	-30.0	-59.0	21.0	115.12
60	17.0	-64.0	-47.0	-128.0	-13.0	59.0	-8.0	-17.0	110.44
61	-3.0	-2.0	26.0	49.0	21.0	55.0	38.0	12.0	120.34
62	-47.0	95.0	-78.0	-27.0	-3.0	-32.0	-111.0	-38.0	124.7
63	50.0	94.0	127.0	-13.0	2.0	12.0	92.0	-19.0	124.7
64	8.0	-14.0	-128.0	-35.0	-25.0	15.0	71.0	-43.0	124.87
65	-44.0	81.0	83.0	4.0	-7.0	0.0	100.0	33.0	124.73
66	127.0	-11.0	26.0	65.0	-11.0	42.0	-73.0	71.0	119.89
67	-7.0	9.0	1.0	29.0	20.0	-15.0	127.0	35.0	108.07
68	35.0	59.0	10.0	-6.0	-41.0	1.0	16.0	-17.0	105.94
69	-21.0	27.0	46.0	20.0	1.0	-2.0	53.0	46.0	101.35
70	46.0	127.0	-28.0	18.0	-2.0	-97.0	-61.0	7.0	105.94
71	11.0	-15.0	-5.0	26.0	-30.0	21.0	74.0	-7.0	111.26
72	27.0	-82.0	16.0	-98.0	13.0	25.0	-35.0	11.0	123.08
73	-46.0	47.0	-12.0	5.0	-48.0	-5.0	38.0	51.0	115.03
74	43.0	-124.0	120.0	54.0	-11.0	60.0	127.0	15.0	116.52
75	-62.0	-73.0	-26.0	127.0	10.0	7.0	-55.0	9.0	124.25
76	-78.0	10.0	62.0	-111.0	-27.0	-93.0	105.0	12.0	123.95
77	-48.0	-56.0	-128.0	2.0	-2.0	-13.0	100.0	-37.0	121.73
78	-70.0	75.0	127.0	84.0	-9.0	-27.0	-74.0	60.0	121.73
79	9.0	23.0	21.0	-2.0	-9.0	-10.0	127.0	-128.0	113.65
