0	7.0	-18.0	-5.0	53.0	-6.0	-14.0	16.0	46.0	67.27
1	-128.0	-75.0	17.0	-65.0	-9.0	-18.0	9.0	24.0	61.46
2	127.0	-11.0	35.0	-42.0	-9.0	37.0	15.0	-15.0	72.83
3	-55.0	57.0	-71.0	6.0	1.0	-9.0	11.0	15.0	70.04
4	30.0	11.0	37.0	27.0	-5.0	-1.0	-15.0	16.0	79.35
5	30.0	40.0	-14.0	35.0	1.0	13.0	-43.0	-43.0	66.27
6	-18.0	-13.0	-35.0	46.0	-17.0	14.0	-23.0	43.0	66.27
7	-98.0	75.0	-118.0	34.0	-4.0	-4.0	9.0	0.0	61.59
8	-86.0	-128.0	23.0	24.0	28.0	11.0	-16.0	30.0	73.32
9	-42.0	127.0	-106.0	-9.0	-14.0	-3.0	5.0	-17.0	58.63
10	-92.0	-111.0	-29.0	-5.0	10.0	6.0	-34.0	16.0	48.15
11	3.0	33.0	19.0	46.0	-1.0	8.0	-25.0	18.0	53.16
12	87.0	-8.0	-14.0	20.0	0.0	-21.0	55.0	-56.0	46.78
13	-62.0	-58.0	13.0	23.0	-10.0	3.0	-119.0	-16.0	44.7
14	127.0	-18.0	12.0	38.0	-2.0	47.0	105.0	-19.0	44.42
15	4.0	55.0	46.0	-2.0	-3.0	2.0	17.0	31.0	44.49
16	-4.0	80.0	44.0	-26.0	-11.0	-10.0	47.0	-8.0	50.75
17	127.0	-39.0	-12.0	45.0	-1.0	-18.0	-6.0	20.0	54.22
18	-56.0	101.0	-14.0	8.0	-16.0	2.0	-7.0	22.0	48.42
19	-3.0	127.0	-7.0	-15.0	7.0	-51.0	52.0	5.0	56.52
20	-94.0	-31.0	-33.0	-56.0	6.0	5.0	-51.0	-27.0	50.75
21	21.0	-12.0	4.0	49.0	11.0	2.0	62.0	9.0	60.26
22	1.0	7.0	13.0	-26.0	18.0	-10.0	-4.0	-7.0	44.27
23	8.0	-79.0	-22.0	-13.0	-10.0	14.0	-34.0	-42.0	45.27
24	-55.0	8.0	52.0	-62.0	-13.0	-63.0	-40.0	-36.0	43.28
25	79.0	-13.0	67.0	-41.0	0.0	-6.0	38.0	-40.0	49.64
26	17.0	-11.0	1.0	1.0	5.0	-19.0	34.0	5.0	49.64
27	44.0	32.0	-37.0	-69.0	-31.0	6.0	-41.0	-21.0	46.78
28	-7.0	52.0	37.0	46.0	-17.0	-12.0	80.0	-49.0	43.11
29	-120.0	-128.0	5.0	14.0	3.0	-8.0	79.0	19.0	43.11
30	-25.0	-107.0	-58.0	-32.0	-10.0	-7.0	-128.0	-2.0	44.49
31	71.0	2.0	22.0	8.0	2.0	-6.0	-35.0	-18.0	61.46
32	-51.0	3.0	30.0	-22.0	2.0	33.0	-20.0	-37.0	76.17
33	-60.0	39.0	-15.0	-12.0	-17.0	9.0	62.0	-22.0	73.08
34	127.0	-12.0	33.0	-75.0	1.0	-15.0	-6.0	38.0	82.84
35	-4.0	-16.0	76.0	-21.0	-6.0	8.0	6.0	12.0	85.56
36	127.0	40.0	-19.0	12.0	-4.0	-16.0	103.0	-15.0	88.29
37	101.0	-44.0	127.0	-119.0	2.0	-7.0	-26.0	-11.0	98.78
38	-104.0	-68.0	8.0	127.0	-8.0	-16.0	-64.0	5.0	90.33
39	-51.0	-8.0	-51.0	-52.0	5.0	15.0	-61.0	-16.0	92.01
40	127.0	-18.0	-42.0	-24.0	-27.0	-6.0	24.0	-35.0	84.99
41	-14.0	66.0	13.0	46.0	4.0	13.0	-26.0	-19.0	95.56
42	-112.0	127.0	52.0	-3.0	-12.0	10.0	80.0	-14.0	94.11
43	116.0	-48.0	-109.0	127.0	0.0	-26.0	-89.0	-64.0	92.01
44	-37.0	-95.0	-75.0	-17.0	-16.0	-3.0	-52.0	20.0	92.95
45	127.0	18.0	60.0	-3.0	-7.0	11.0	97.0	8.0	102.18
46	-74.0	-77.0	15.0	17.0	8.0	17.0	-114.0	-9.0	112.84
47	-83.0	-94.0	-10.0	-114.0	-12.0	6.0	-38.0	9.0	103.92
48	22.0	-82.0	-43.0	17.0	-5.0	9.0	54.0	-36.0	103.92
49	-52.0	-107.0	12.0	9.0	4.0	-10.0	-40.0	8.0	97.7
50	-115.0	91.0	-17.0	-17.0	-20.0	-18.0	42.0	1.0	106.37
51	61.0	89.0	2.0	48.0	-10.0	-13.0	-33.0	-24.0	110.84
52	-43.0	-9.0	-15.0	31.0	-2.0	22.0	-12.0	15.0	113.06
53	31.0	-28.0	14.0	2.0	21.0	-13.0	-33.0	25.0	116.24
54	-1.0	-31.0	-65.0	-32.0	-24.0	-27.0	-79.0	25.0	118.65
55	-88.0	-28.0	14.0	20.0	10.0	15.0	-19.0	35.0	121.5
56	-85.0	127.0	-78.0	-15.0	-3.0	-9.0	-28.0	-19.0	121.57
57	-60.0	-106.0	13.0	-88.0	13.0	10.0	12.0	-11.0	121.93
58	-40.0	-16.0	10.0	48.0	2.0	14.0	-20.0	-42.0	122.15
59	-56.0	-18.0	-11.0	20.0	-1.0	14.0	-34.0	12.0	121.93
60	-65.0	98.0	30.0	-56.0	-11.0	7.0	66.0	43.0	121.85
61	-85.0	-55.0	-122.0	23.0	16.0	-2.0	-15.0	54.0	120.42
62	-127.0	-58.0	15.0	-29.0	7.0	22.0	13.0	-32.0	119.71
63	-26.0	72.0	6.0	32.0	4.0	-17.0	23.0	16.0	120.42
64	51.0	96.0	-39.0	65.0	19.0	-10.0	-13.0	30.0	117.12
65	-46.0	127.0	-5.0	-36.0	16.0	-11.0	-42.0	22.0	117.12
66	-6.0	27.0	127.0	14.0	2.0	14.0	124.0	-2.0	110.84
67	-58.0	1.0	-66.0	-99.0	17.0	-54.0	41.0	33.0	106.26
68	126.0	-107.0	5.0	-8.0	18.0	-15.0	-39.0	-28.0	97.7
69	68.0	-128.0	-26.0	-14.0	16.0	-5.0	6.0	-53.0	89.94
70	-13.0	15.0	1.0	60.0	-20.0	19.0	17.0	2.0	85.5
71	22.0	-16.0	31.0	-12.0	-14.0	-32.0	-51.0	-6.0	82.84
72	41.0	27.0	-19.0	23.0	22.0	15.0	33.0	-33.0	77.57
73	6.0	84.0	12.0	-81.0	-15.0	47.0	41.0	9.0	85.5
74	-49.0	-30.0	-114.0	-12.0	-2.0	-30.0	0.0	18.0	81.8
75	83.0	-128.0	46.0	12.0	11.0	-48.0	34.0	-1.0	77.57
76	-102.0	-102.0	-104.0	26.0	6.0	-29.0	0.0	24.0	76.17
77	-80.0	8.0	60.0	14.0	-17.0	20.0	-76.0	31.0	63.22
78	-2.0	115.0	8.0	-45.0	11.0	9.0	5.0	-11.0	61.59
