0	5.0	-4.0	-10.0	21.0	-10.0	-3.0	-27.0	-10.0	117.21
1	127.0	-17.0	-10.0	-41.0	-9.0	3.0	-7.0	-6.0	121.73
2	-26.0	20.0	8.0	-45.0	5.0	-18.0	-13.0	-6.0	107.64
3	22.0	-12.0	-60.0	-13.0	6.0	6.0	-18.0	-16.0	126.39
4	-80.0	-59.0	-43.0	-18.0	10.0	2.0	-13.0	29.0	130.45
5	-61.0	-98.0	23.0	-61.0	1.0	-19.0	4.0	3.0	132.79
6	-110.0	81.0	26.0	35.0	-2.0	4.0	6.0	-13.0	126.39
7	112.0	-45.0	15.0	10.0	-6.0	30.0	5.0	-9.0	131.55
8	66.0	32.0	-113.0	-16.0	11.0	-13.0	-29.0	57.0	125.28
9	88.0	-10.0	76.0	-40.0	-18.0	1.0	-27.0	-64.0	132.5
10	54.0	-19.0	-15.0	57.0	2.0	-28.0	-58.0	-44.0	133.19
11	51.0	-30.0	8.0	-17.0	3.0	22.0	-52.0	-6.0	132.89
12	29.0	-15.0	10.0	10.0	19.0	-5.0	-14.0	15.0	133.17
13	-63.0	33.0	20.0	40.0	1.0	18.0	27.0	-10.0	133.19
14	-71.0	-27.0	-128.0	-31.0	4.0	15.0	40.0	5.0	128.58
15	-56.0	127.0	103.0	32.0	-4.0	-4.0	-77.0	-7.0	115.42
16	8.0	-42.0	-97.0	4.0	-31.0	11.0	41.0	-17.0	102.46
17	39.0	32.0	-40.0	4.0	1.0	-13.0	33.0	-17.0	97.28
18	98.0	61.0	46.0	44.0	-2.0	11.0	58.0	12.0	96.17
19	-54.0	-38.0	18.0	-8.0	-10.0	-9.0	-10.0	12.0	105.13
20	4.0	24.0	-54.0	-37.0	-5.0	-9.0	-6.0	-35.0	104.76
21	75.0	52.0	29.0	-9.0	0.0	-14.0	-14.0	1.0	105.48
22	58.0	-7.0	-20.0	45.0	-1.0	-32.0	-9.0	8.0	97.28
23	-128.0	-25.0	-3.0	-45.0	3.0	14.0	-14.0	-17.0	98.92
24	-112.0	-85.0	-4.0	-6.0	-1.0	2.0	-52.0	15.0	94.16
25	-14.0	-29.0	109.0	-26.0	-8.0	5.0	-11.0	-81.0	91.64
26	-92.0	108.0	-3.0	5.0	-10.0	4.0	26.0	2.0	76.62
27	-58.0	-80.0	-25.0	-18.0	-1.0	32.0	13.0	-9.0	76.62
28	-71.0	43.0	-74.0	7.0	-7.0	13.0	16.0	27.0	61.33
29	125.0	14.0	9.0	-1.0	-19.0	-34.0	-17.0	-2.0	66.04
30	17.0	-13.0	-64.0	-7.0	5.0	-21.0	112.0	-6.0	49.91
31	-22.0	36.0	123.0	-2.0	-4.0	-5.0	-128.0	-10.0	61.33
32	124.0	45.0	-30.0	23.0	3.0	2.0	-77.0	-5.0	58.4
33	-22.0	-57.0	-128.0	-120.0	1.0	7.0	41.0	-4.0	51.45
34	-61.0	127.0	65.0	25.0	6.0	-16.0	41.0	-14.0	61.04
35	94.0	29.0	99.0	11.0	-6.0	0.0	34.0	-15.0	50.15
36	77.0	-12.0	-75.0	34.0	11.0	-2.0	3.0	-54.0	57.94
37	-73.0	70.0	17.0	-6.0	8.0	16.0	-4.0	-13.0	49.61
38	52.0	127.0	-62.0	24.0	-3.0	44.0	37.0	23.0	60.48
39	13.0	-107.0	-5.0	-35.0	1.0	-17.0	-70.0	18.0	56.93
40	-12.0	14.0	-19.0	-1.0	15.0	-30.0	15.0	-3.0	70.1
41	30.0	-18.0	15.0	-3.0	-3.0	12.0	78.0	-11.0	65.69
42	-42.0	-62.0	27.0	0.0	3.0	4.0	-16.0	18.0	49.91
43	-102.0	-15.0	-128.0	-63.0	3.0	14.0	1.0	-6.0	57.94
44	64.0	78.0	21.0	30.0	1.0	33.0	105.0	-30.0	68.07
45	106.0	91.0	-30.0	103.0	-15.0	-2.0	-67.0	47.0	68.07
46	-21.0	49.0	19.0	7.0	8.0	-6.0	12.0	32.0	72.36
47	-28.0	-33.0	-18.0	-91.0	18.0	-15.0	-125.0	-39.0	69.78
48	-2.0	77.0	31.0	-58.0	-6.0	14.0	-53.0	40.0	83.84
49	67.0	-19.0	17.0	-60.0	1.0	-11.0	-41.0	-3.0	89.21
50	40.0	-128.0	22.0	19.0	-4.0	6.0	-27.0	-91.0	85.13
51	2.0	1.0	-44.0	34.0	2.0	-1.0	12.0	75.0	86.71
52	-5.0	-10.0	-88.0	-24.0	-10.0	32.0	-104.0	-1.0	79.09
53	35.0	29.0	-11.0	28.0	-3.0	19.0	59.0	11.0	75.55
54	-79.0	-7.0	22.0	-62.0	-10.0	2.0	6.0	30.0	81.81
55	-10.0	127.0	61.0	-1.0	11.0	-15.0	-51.0	-18.0	72.36
56	127.0	19.0	48.0	-41.0	18.0	-1.0	0.0	8.0	83.84
57	14.0	49.0	-77.0	-4.0	2.0	-3.0	87.0	-12.0	89.38
58	-101.0	-62.0	-1.0	16.0	-5.0	-8.0	26.0	42.0	91.64
59	26.0	44.0	-100.0	95.0	0.0	6.0	-30.0	-23.0	91.75
60	50.0	84.0	-28.0	15.0	7.0	5.0	2.0	-9.0	97.38
61	-14.0	-99.0	29.0	12.0	54.0	-20.0	-37.0	2.0	104.88
62	127.0	46.0	-29.0	-127.0	6.0	9.0	10.0	69.0	115.66
63	-37.0	54.0	-18.0	-50.0	-5.0	9.0	-86.0	-8.0	125.28
64	-95.0	20.0	5.0	20.0	15.0	-3.0	-50.0	18.0	117.21
65	24.0	-109.0	21.0	91.0	15.0	3.0	2.0	11.0	117.78
66	-41.0	83.0	-37.0	-20.0	-17.0	20.0	27.0	-8.0	122.2
67	21.0	-48.0	33.0	29.0	-1.0	-12.0	6.0	29.0	125.16
68	96.0	80.0	-46.0	-128.0	-8.0	1.0	-110.0	33.0	132.5
69	39.0	80.0	56.0	52.0	17.0	32.0	-68.0	-21.0	131.72
70	48.0	-8.0	0.0	-15.0	-12.0	0.0	33.0	-40.0	107.71
71	33.0	-17.0	9.0	37.0	4.0	12.0	-19.0	9.0	110.33
72	12.0	70.0	6.0	-90.0	-5.0	-3.0	13.0	51.0	97.38
73	-78.0	-32.0	-14.0	2.0	-1.0	-45.0	43.0	-26.0	110.55
74	65.0	-61.0	-8.0	-10.0	8.0	-3.0	-36.0	-2.0	108.4
75	-2.0	22.0	17.0	37.0	12.0	21.0	-22.0	23.0	107.71
76	-40.0	92.0	10.0	16.0	-6.0	6.0	9.0	28.0	109.69
77	11.0	-43.0	57.0	0.0	-12.0	-2.0	94.0	-10.0	107.64
