0	126.0	-28.0	126.0	44.0	11.0	13.0	26.0	73.0	119.14
1	-73.0	-128.0	-50.0	-15.0	4.0	-16.0	1.0	17.0	120.07
2	-128.0	-53.0	-21.0	-76.0	0.0	23.0	20.0	33.0	119.14
3	95.0	92.0	-38.0	-103.0	-7.0	-2.0	-17.0	5.0	119.99
4	-44.0	-11.0	4.0	25.0	-3.0	5.0	-10.0	-21.0	119.55
5	112.0	38.0	-5.0	15.0	9.0	-12.0	46.0	-11.0	120.2
6	67.0	-52.0	8.0	27.0	-3.0	-32.0	-2.0	-15.0	119.62
7	59.0	59.0	23.0	-39.0	11.0	25.0	-62.0	-20.0	119.62
8	18.0	-78.0	20.0	-29.0	-9.0	-14.0	14.0	5.0	118.87
9	-111.0	59.0	-69.0	-32.0	6.0	6.0	-5.0	-26.0	110.42
10	62.0	33.0	1.0	127.0	1.0	13.0	6.0	-27.0	112.68
11	-64.0	-57.0	-35.0	34.0	-10.0	-11.0	1.0	-1.0	101.83
12	23.0	23.0	21.0	20.0	19.0	19.0	6.0	21.0	96.05
13	10.0	-83.0	6.0	-67.0	-5.0	-1.0	-21.0	-10.0	115.85
14	12.0	-25.0	26.0	-30.0	-1.0	-5.0	2.0	12.0	98.78
15	-128.0	46.0	12.0	-16.0	-8.0	47.0	-11.0	-38.0	100.3
16	-25.0	98.0	-27.0	3.0	3.0	-15.0	-20.0	-27.0	91.46
17	-85.0	-1.0	97.0	0.0	11.0	-7.0	1.0	-1.0	89.11
18	28.0	-75.0	32.0	11.0	-1.0	-46.0	63.0	-2.0	94.6
19	-2.0	95.0	-28.0	-23.0	-20.0	8.0	34.0	18.0	89.11
20	-109.0	-73.0	-49.0	5.0	8.0	-28.0	-25.0	-19.0	87.51
21	41.0	-11.0	33.0	-44.0	-1.0	-6.0	-13.0	-24.0	82.23
22	50.0	-63.0	33.0	-8.0	-4.0	-37.0	-16.0	-10.0	78.81
23	84.0	-90.0	28.0	-66.0	3.0	3.0	28.0	-21.0	72.95
24	-42.0	80.0	-37.0	-2.0	-7.0	-18.0	-8.0	-14.0	81.08
25	77.0	-44.0	-69.0	14.0	-3.0	5.0	-10.0	-16.0	78.81
26	-14.0	38.0	-89.0	2.0	14.0	27.0	-15.0	9.0	63.95
27	-128.0	10.0	12.0	-21.0	0.0	-33.0	-74.0	-34.0	51.62
28	27.0	-13.0	-2.0	17.0	-7.0	30.0	46.0	9.0	60.79
29	52.0	-29.0	23.0	-2.0	-11.0	13.0	23.0	10.0	71.74
30	-93.0	25.0	19.0	13.0	4.0	8.0	41.0	-5.0	50.57
31	-34.0	62.0	17.0	10.0	-9.0	-16.0	29.0	-1.0	43.99
32	-2.0	-128.0	12.0	1.0	7.0	53.0	-9.0	29.0	41.13
33	-89.0	-33.0	-29.0	23.0	-8.0	-13.0	-45.0	5.0	45.28
34	18.0	85.0	-89.0	-68.0	-3.0	29.0	3.0	-21.0	40.15
35	48.0	44.0	23.0	68.0	-16.0	-13.0	30.0	11.0	40.15
36	-99.0	-114.0	93.0	3.0	-9.0	12.0	-24.0	-4.0	39.37
37	67.0	17.0	36.0	-103.0	-12.0	9.0	-49.0	12.0	40.24
38	-28.0	68.0	99.0	69.0	40.0	-23.0	-10.0	-3.0	50.32
39	11.0	-41.0	-15.0	6.0	-12.0	56.0	-11.0	11.0	41.17
40	86.0	-105.0	-46.0	-54.0	-1.0	31.0	-44.0	0.0	43.99
41	-42.0	44.0	-6.0	-10.0	-5.0	-5.0	-26.0	-23.0	45.85
42	59.0	-62.0	-7.0	-9.0	-10.0	-15.0	-46.0	10.0	50.47
43	-47.0	-18.0	127.0	-12.0	-12.0	11.0	-51.0	-35.0	51.36
44	127.0	34.0	3.0	-14.0	-21.0	-31.0	72.0	-30.0	50.32
45	81.0	-99.0	-8.0	-6.0	5.0	17.0	16.0	-5.0	50.47
46	40.0	77.0	31.0	-20.0	5.0	-29.0	20.0	0.0	60.79
47	-35.0	35.0	-16.0	10.0	9.0	5.0	-19.0	-64.0	74.42
48	-94.0	-73.0	-8.0	-29.0	-9.0	1.0	-4.0	-21.0	59.1
49	0.0	-112.0	25.0	-37.0	23.0	-54.0	-57.0	24.0	54.23
50	23.0	127.0	-17.0	-6.0	-1.0	-18.0	1.0	27.0	77.67
51	-4.0	-38.0	13.0	-37.0	-9.0	-35.0	-10.0	-6.0	63.95
52	55.0	44.0	-42.0	-20.0	22.0	74.0	-29.0	3.0	63.15
53	-35.0	49.0	-45.0	23.0	0.0	-10.0	20.0	17.0	57.24
54	-102.0	52.0	3.0	28.0	-8.0	12.0	-13.0	12.0	55.01
55	23.0	-78.0	127.0	125.0	8.0	-6.0	-35.0	51.0	55.01
56	97.0	-115.0	-47.0	-110.0	7.0	-16.0	3.0	-2.0	67.06
57	-102.0	53.0	-3.0	26.0	-1.0	-32.0	-8.0	1.0	51.48
58	-73.0	-33.0	10.0	9.0	1.0	4.0	3.0	-14.0	72.95
59	19.0	94.0	-15.0	-84.0	-17.0	-40.0	-14.0	-12.0	60.29
60	30.0	-114.0	0.0	-39.0	-17.0	11.0	-3.0	0.0	57.3
61	40.0	19.0	12.0	25.0	-23.0	-5.0	22.0	25.0	68.14
62	-26.0	34.0	-66.0	-39.0	22.0	-6.0	27.0	13.0	84.37
63	71.0	-24.0	5.0	-7.0	-16.0	12.0	-15.0	16.0	88.76
64	28.0	42.0	-57.0	-2.0	-5.0	12.0	-30.0	18.0	88.76
65	127.0	23.0	17.0	5.0	-5.0	-13.0	12.0	27.0	92.23
66	99.0	-52.0	-14.0	1.0	-3.0	-23.0	14.0	6.0	101.83
67	-7.0	22.0	34.0	-27.0	7.0	1.0	-44.0	3.0	106.74
68	42.0	38.0	-16.0	-9.0	-28.0	-32.0	-35.0	-58.0	114.93
69	19.0	95.0	-65.0	83.0	-11.0	6.0	-38.0	-48.0	117.53
70	36.0	-8.0	-30.0	6.0	1.0	-7.0	50.0	-5.0	97.88
71	52.0	120.0	38.0	127.0	6.0	4.0	-32.0	19.0	112.68
72	-2.0	86.0	28.0	8.0	-6.0	28.0	-9.0	-23.0	114.94
73	127.0	-51.0	-51.0	-26.0	18.0	-6.0	-33.0	31.0	96.57
74	-124.0	-30.0	-54.0	-110.0	-12.0	-7.0	-19.0	-11.0	116.94
75	-79.0	127.0	-8.0	26.0	11.0	-26.0	-17.0	-27.0	102.52
76	43.0	-33.0	-9.0	-5.0	-9.0	-3.0	-3.0	-48.0	102.52
