0	50.0	-27.0	-9.0	17.0	22.0	5.0	-110.0	127.0	110.19
1	57.0	127.0	-3.0	1.0	127.0	117.0	127.0	36.0	111.97
2	14.0	49.0	-17.0	54.0	13.0	28.0	0.0	0.0	116.27
3	-49.0	46.0	-8.0	-26.0	52.0	64.0	-50.0	37.0	108.47
4	16.0	31.0	-14.0	21.0	-38.0	127.0	67.0	18.0	108.13
5	-80.0	12.0	55.0	-114.0	74.0	-89.0	-19.0	-37.0	116.64
6	3.0	-9.0	-3.0	-19.0	-126.0	-2.0	-6.0	-2.0	121.81
7	-35.0	-8.0	2.0	-60.0	-67.0	127.0	-2.0	-128.0	116.31
8	-69.0	8.0	7.0	3.0	105.0	-128.0	-8.0	-14.0	133.91
9	71.0	31.0	-13.0	-10.0	127.0	5.0	2.0	52.0	134.78
10	-19.0	-25.0	-6.0	-37.0	33.0	127.0	14.0	78.0	143.92
11	127.0	-19.0	-12.0	4.0	-60.0	110.0	36.0	-16.0	145.99
12	-29.0	-2.0	127.0	1.0	120.0	27.0	111.0	-58.0	116.23
13	28.0	39.0	-2.0	127.0	-75.0	-53.0	101.0	22.0	116.23
14	35.0	-1.0	-17.0	-71.0	60.0	105.0	74.0	6.0	116.92
15	7.0	-2.0	4.0	-7.0	71.0	109.0	35.0	58.0	137.11
16	-45.0	-32.0	-13.0	-41.0	-108.0	42.0	10.0	34.0	141.1
17	56.0	9.0	-26.0	-99.0	-119.0	53.0	1.0	127.0	144.97
18	45.0	-37.0	18.0	7.0	12.0	-21.0	-102.0	-9.0	146.95
19	-4.0	22.0	2.0	18.0	8.0	-118.0	-4.0	0.0	149.27
20	28.0	-48.0	-3.0	1.0	65.0	-128.0	3.0	-16.0	146.68
21	-18.0	12.0	7.0	18.0	-11.0	-42.0	49.0	-125.0	133.91
22	17.0	34.0	-9.0	127.0	-64.0	34.0	51.0	46.0	137.11
23	127.0	21.0	37.0	11.0	-20.0	79.0	67.0	103.0	140.61
24	68.0	2.0	5.0	63.0	127.0	127.0	-4.0	63.0	142.75
25	127.0	-10.0	6.0	12.0	40.0	-23.0	-60.0	-33.0	145.76
26	-35.0	-58.0	29.0	-33.0	-39.0	23.0	127.0	-128.0	150.99
27	3.0	8.0	2.0	12.0	26.0	127.0	-111.0	63.0	146.95
28	-25.0	-11.0	42.0	4.0	27.0	13.0	-61.0	-3.0	151.33
29	4.0	8.0	-14.0	9.0	46.0	-81.0	96.0	79.0	152.71
30	44.0	17.0	27.0	-7.0	-57.0	-81.0	78.0	-20.0	153.41
31	29.0	33.0	-4.0	45.0	127.0	13.0	-99.0	127.0	156.09
32	3.0	8.0	-16.0	-103.0	-128.0	127.0	58.0	-128.0	158.79
33	18.0	-27.0	27.0	15.0	40.0	110.0	-12.0	2.0	160.06
34	-128.0	-25.0	7.0	-25.0	3.0	127.0	66.0	90.0	162.4
35	-19.0	-48.0	33.0	127.0	-11.0	-89.0	-35.0	1.0	166.87
36	-80.0	-5.0	127.0	53.0	40.0	34.0	-60.0	48.0	166.89
37	-36.0	-107.0	-28.0	11.0	127.0	40.0	0.0	-36.0	165.1
38	-8.0	-21.0	-3.0	-37.0	-51.0	119.0	123.0	-16.0	166.91
39	33.0	-20.0	12.0	-15.0	-13.0	91.0	127.0	-128.0	167.98
40	125.0	-71.0	-9.0	18.0	71.0	64.0	-39.0	6.0	167.75
41	-49.0	11.0	42.0	28.0	-20.0	-94.0	-4.0	11.0	166.45
42	16.0	-22.0	4.0	20.0	105.0	-21.0	-110.0	90.0	167.67
43	-12.0	-26.0	29.0	-103.0	96.0	127.0	3.0	93.0	167.98
44	36.0	67.0	-16.0	-6.0	91.0	67.0	47.0	-3.0	167.51
45	27.0	28.0	8.0	44.0	127.0	127.0	127.0	-14.0	167.02
46	-128.0	28.0	-3.0	3.0	69.0	-7.0	127.0	1.0	166.89
47	-89.0	8.0	5.0	-41.0	-26.0	59.0	-47.0	-106.0	167.07
48	18.0	21.0	5.0	12.0	-119.0	-54.0	-40.0	24.0	167.51
49	-2.0	127.0	76.0	-69.0	-42.0	23.0	-26.0	-73.0	166.94
50	-56.0	34.0	10.0	-46.0	-74.0	-23.0	-4.0	5.0	165.42
51	42.0	42.0	-6.0	15.0	69.0	70.0	50.0	-85.0	161.9
52	118.0	13.0	117.0	21.0	46.0	40.0	-66.0	-17.0	163.87
53	27.0	88.0	2.0	-5.0	23.0	34.0	123.0	-2.0	167.02
54	50.0	-36.0	-3.0	48.0	127.0	-72.0	-61.0	99.0	166.45
55	22.0	16.0	4.0	111.0	62.0	62.0	76.0	-111.0	163.2
56	12.0	-3.0	-11.0	97.0	117.0	81.0	-45.0	31.0	161.39
57	-15.0	22.0	8.0	122.0	0.0	-6.0	39.0	-63.0	166.34
58	68.0	16.0	-27.0	35.0	-106.0	59.0	55.0	127.0	163.87
59	-95.0	127.0	-4.0	35.0	11.0	127.0	16.0	50.0	160.98
60	-9.0	49.0	-10.0	64.0	26.0	-65.0	-85.0	43.0	159.44
61	-2.0	-20.0	11.0	-100.0	127.0	80.0	76.0	50.0	160.98
62	18.0	-24.0	-6.0	9.0	-106.0	-128.0	-84.0	-89.0	160.67
63	11.0	-11.0	15.0	67.0	10.0	-128.0	-4.0	10.0	160.67
64	-35.0	1.0	-50.0	-6.0	-64.0	52.0	57.0	52.0	165.1
65	7.0	1.0	-20.0	23.0	-26.0	127.0	111.0	7.0	158.79
66	16.0	17.0	-28.0	-8.0	79.0	11.0	127.0	-16.0	157.43
67	61.0	0.0	12.0	26.0	88.0	-9.0	32.0	-18.0	156.09
68	92.0	-27.0	-12.0	94.0	-128.0	127.0	-4.0	-111.0	153.41
69	31.0	6.0	-11.0	-2.0	-76.0	-84.0	-93.0	70.0	144.46
70	-28.0	-23.0	1.0	-13.0	-38.0	91.0	36.0	-107.0	144.46
71	12.0	0.0	28.0	43.0	-128.0	-21.0	-50.0	59.0	148.25
72	-76.0	-25.0	-78.0	-116.0	127.0	-36.0	12.0	127.0	145.3
73	48.0	36.0	-2.0	15.0	127.0	-23.0	-10.0	82.0	145.99
74	14.0	5.0	-41.0	111.0	127.0	-20.0	127.0	-14.0	151.33
75	17.0	36.0	16.0	15.0	-11.0	-10.0	68.0	-59.0	155.35
76	30.0	127.0	-11.0	127.0	57.0	-89.0	22.0	79.0	153.76
77	16.0	-36.0	6.0	15.0	79.0	127.0	66.0	-106.0	149.27
78	28.0	21.0	-15.0	-32.0	-34.0	105.0	-35.0	-128.0	146.68
79	11.0	36.0	13.0	-15.0	-128.0	127.0	-82.0	42.0	118.0
80	61.0	26.0	17.0	-100.0	33.0	42.0	-4.0	22.0	116.64
81	33.0	28.0	124.0	-70.0	-59.0	-6.0	127.0	50.0	110.22
82	50.0	-7.0	8.0	28.0	-36.0	-128.0	9.0	-3.0	108.13
83	58.0	-25.0	-2.0	-5.0	72.0	69.0	9.0	72.0	110.22
84	-16.0	15.0	33.0	53.0	6.0	19.0	3.0	6.0	108.47
