0	-4.0	42.0	30.0	-30.0	-26.0	83.0	11.0	-58.0	155.45
1	121.0	-28.0	-3.0	5.0	7.0	114.0	-52.0	9.0	159.31
2	-12.0	50.0	-28.0	-24.0	127.0	107.0	-65.0	69.0	158.2
3	89.0	-2.0	-32.0	14.0	40.0	111.0	64.0	125.0	155.45
4	0.0	-39.0	30.0	2.0	-102.0	33.0	-98.0	-15.0	156.63
5	48.0	56.0	-14.0	-41.0	127.0	54.0	23.0	-36.0	147.29
6	-2.0	-11.0	-13.0	-83.0	44.0	-128.0	75.0	-110.0	152.73
7	-92.0	2.0	127.0	1.0	-46.0	26.0	-33.0	-55.0	159.79
8	-4.0	42.0	-24.0	-45.0	19.0	-68.0	66.0	-77.0	161.97
9	62.0	127.0	-13.0	-71.0	79.0	-64.0	-33.0	-11.0	165.01
10	-29.0	-34.0	24.0	6.0	-89.0	61.0	-15.0	-5.0	163.89
11	58.0	-39.0	-33.0	66.0	-128.0	36.0	-110.0	-35.0	165.18
12	42.0	-20.0	10.0	4.0	28.0	107.0	-110.0	-10.0	166.37
13	76.0	-8.0	38.0	19.0	-1.0	41.0	-68.0	77.0	160.0
14	-7.0	-90.0	12.0	6.0	127.0	125.0	75.0	108.0	164.04
15	-10.0	127.0	22.0	2.0	47.0	-15.0	0.0	127.0	162.69
16	-81.0	31.0	25.0	13.0	-116.0	-51.0	28.0	-128.0	165.38
17	-18.0	27.0	-7.0	16.0	-22.0	-38.0	62.0	125.0	167.81
18	-66.0	12.0	43.0	-5.0	-35.0	-33.0	67.0	127.0	165.38
19	-32.0	56.0	34.0	-25.0	-116.0	65.0	49.0	-51.0	163.14
20	6.0	-30.0	-8.0	127.0	70.0	111.0	22.0	51.0	166.33
21	-5.0	-68.0	0.0	-59.0	-98.0	25.0	-43.0	6.0	164.6
22	5.0	5.0	23.0	45.0	64.0	-83.0	-52.0	42.0	165.01
23	78.0	-17.0	107.0	72.0	127.0	-112.0	49.0	-52.0	164.04
24	39.0	-10.0	-24.0	61.0	23.0	122.0	0.0	17.0	165.57
25	127.0	-36.0	-17.0	-17.0	-64.0	-14.0	127.0	9.0	165.45
26	127.0	-10.0	31.0	-9.0	-115.0	-46.0	-13.0	-52.0	167.41
27	-31.0	-2.0	-13.0	37.0	70.0	127.0	15.0	96.0	167.07
28	43.0	27.0	-13.0	-28.0	-89.0	1.0	-11.0	-114.0	167.47
29	-18.0	-38.0	-22.0	1.0	29.0	-6.0	68.0	35.0	167.81
30	-91.0	-22.0	13.0	-9.0	-21.0	66.0	-1.0	-49.0	167.98
31	31.0	20.0	-38.0	17.0	86.0	-82.0	-27.0	-39.0	166.33
32	23.0	54.0	30.0	56.0	-98.0	13.0	-36.0	5.0	165.99
33	-106.0	77.0	-61.0	7.0	22.0	127.0	42.0	-54.0	163.14
34	0.0	127.0	-52.0	-28.0	5.0	122.0	-41.0	-37.0	167.41
35	15.0	12.0	-13.0	-11.0	115.0	-6.0	-3.0	58.0	167.27
36	71.0	39.0	-19.0	-11.0	46.0	127.0	49.0	65.0	167.07
37	-49.0	-28.0	-15.0	113.0	7.0	43.0	-19.0	65.0	164.6
38	33.0	68.0	12.0	-45.0	-28.0	-16.0	-89.0	127.0	161.97
39	-57.0	26.0	12.0	41.0	-35.0	127.0	83.0	56.0	150.81
40	19.0	-21.0	30.0	94.0	127.0	-91.0	-54.0	-22.0	150.81
41	48.0	52.0	-24.0	3.0	0.0	-91.0	109.0	-25.0	145.47
42	-109.0	52.0	16.0	23.0	97.0	-82.0	98.0	11.0	142.61
43	-7.0	17.0	-8.0	-74.0	-128.0	43.0	88.0	56.0	134.4
44	7.0	24.0	4.0	71.0	58.0	115.0	64.0	-11.0	134.98
45	110.0	-17.0	-31.0	0.0	31.0	18.0	-36.0	-1.0	130.18
46	-31.0	36.0	32.0	121.0	-1.0	-54.0	127.0	71.0	134.52
47	8.0	20.0	10.0	-17.0	-52.0	41.0	-1.0	-6.0	129.12
48	89.0	49.0	-39.0	42.0	120.0	-128.0	-14.0	-6.0	119.1
49	-106.0	-20.0	-56.0	-5.0	127.0	-118.0	-15.0	-16.0	110.96
50	6.0	-38.0	-30.0	14.0	-42.0	107.0	-33.0	-11.0	114.7
51	-54.0	-6.0	-19.0	48.0	31.0	90.0	67.0	100.0	114.7
52	-54.0	-7.0	-12.0	-90.0	90.0	60.0	-9.0	6.0	130.89
53	-14.0	5.0	47.0	19.0	-102.0	-123.0	21.0	55.0	128.75
54	-72.0	-8.0	-12.0	-73.0	46.0	84.0	44.0	-34.0	122.71
55	-4.0	1.0	26.0	18.0	-128.0	91.0	-43.0	-52.0	130.98
56	6.0	115.0	34.0	-121.0	-97.0	111.0	-27.0	-25.0	130.98
57	62.0	-15.0	92.0	127.0	42.0	-123.0	-34.0	0.0	128.75
58	-50.0	127.0	-22.0	57.0	-15.0	17.0	127.0	9.0	130.18
59	-10.0	3.0	38.0	65.0	127.0	127.0	-1.0	-5.0	135.08
60	3.0	-26.0	-24.0	-19.0	-76.0	84.0	-78.0	93.0	129.01
61	31.0	-10.0	17.0	-39.0	127.0	-4.0	127.0	46.0	122.71
62	-30.0	-43.0	-24.0	24.0	-29.0	-56.0	23.0	-54.0	118.91
63	5.0	72.0	127.0	-30.0	32.0	7.0	95.0	22.0	119.1
64	11.0	-74.0	-12.0	25.0	16.0	15.0	127.0	100.0	114.48
65	-109.0	12.0	-38.0	24.0	22.0	-112.0	95.0	127.0	102.63
66	-12.0	-10.0	127.0	-23.0	62.0	-3.0	20.0	43.0	110.96
67	127.0	-55.0	-8.0	-11.0	-64.0	-46.0	-52.0	71.0	102.89
68	38.0	-51.0	127.0	37.0	83.0	127.0	-13.0	-128.0	112.41
69	-57.0	-8.0	4.0	61.0	-56.0	127.0	-33.0	-39.0	118.91
70	-32.0	38.0	20.0	48.0	127.0	-68.0	38.0	-16.0	134.4
71	-4.0	-1.0	31.0	127.0	43.0	53.0	24.0	-11.0	125.49
72	71.0	-17.0	-24.0	-86.0	30.0	-42.0	127.0	-65.0	121.14
73	15.0	-15.0	47.0	-30.0	86.0	53.0	-39.0	-2.0	132.61
74	127.0	-22.0	-6.0	11.0	-4.0	-106.0	-51.0	98.0	134.52
75	127.0	-12.0	-7.0	-51.0	-97.0	127.0	-3.0	-124.0	135.08
76	-14.0	36.0	17.0	-17.0	-22.0	18.0	22.0	34.0	150.33
77	13.0	-4.0	12.0	-14.0	58.0	59.0	-52.0	-127.0	151.58
78	-12.0	27.0	44.0	-17.0	-115.0	67.0	-2.0	-128.0	135.15
79	-28.0	-19.0	14.0	23.0	89.0	-52.0	90.0	42.0	134.11
80	-31.0	-9.0	14.0	57.0	123.0	54.0	41.0	58.0	143.44
81	-26.0	-3.0	12.0	30.0	92.0	126.0	19.0	-128.0	142.61
82	56.0	1.0	-39.0	-12.0	28.0	61.0	38.0	-23.0	143.44
83	11.0	-16.0	17.0	13.0	-116.0	-128.0	-52.0	-104.0	138.52
84	-10.0	51.0	32.0	-67.0	65.0	27.0	62.0	18.0	158.2
85	-31.0	-11.0	10.0	-59.0	8.0	-128.0	24.0	-38.0	151.58
86	-2.0	-42.0	-14.0	46.0	97.0	-56.0	13.0	46.0	159.67
87	75.0	50.0	-21.0	15.0	-4.0	20.0	54.0	127.0	159.79
