0	35.0	-14.0	-85.0	-81.0	-128.0	-29.0	56.0	4.0	136.46
1	-17.0	104.0	-2.0	-5.0	98.0	-58.0	-58.0	49.0	132.18
2	-18.0	-27.0	-31.0	0.0	127.0	122.0	65.0	-29.0	131.66
3	-22.0	27.0	-40.0	-31.0	-18.0	80.0	-12.0	40.0	142.78
4	-5.0	-15.0	-26.0	-6.0	60.0	48.0	82.0	1.0	127.28
5	61.0	-24.0	8.0	19.0	-66.0	56.0	-34.0	63.0	120.52
6	-127.0	71.0	-22.0	-58.0	65.0	-128.0	38.0	35.0	110.98
7	5.0	-3.0	-6.0	15.0	13.0	127.0	68.0	-64.0	116.46
8	-22.0	18.0	94.0	-7.0	-18.0	58.0	20.0	-72.0	110.98
9	-34.0	32.0	-9.0	-81.0	-22.0	4.0	-49.0	-19.0	124.41
10	-22.0	12.0	54.0	-88.0	-75.0	5.0	23.0	99.0	124.45
11	12.0	-68.0	0.0	-41.0	40.0	96.0	8.0	-75.0	132.18
12	-29.0	111.0	8.0	68.0	-78.0	66.0	-20.0	127.0	124.45
13	-61.0	-11.0	-12.0	0.0	6.0	108.0	-49.0	127.0	124.41
14	-28.0	-17.0	2.0	24.0	-128.0	72.0	-128.0	-4.0	128.2
15	12.0	4.0	1.0	-24.0	82.0	-81.0	23.0	-41.0	118.97
16	64.0	41.0	-10.0	15.0	-24.0	-81.0	53.0	11.0	106.29
17	-12.0	64.0	3.0	-7.0	9.0	49.0	67.0	-39.0	103.16
18	122.0	-28.0	26.0	-10.0	-113.0	-30.0	25.0	127.0	102.89
19	58.0	-60.0	-37.0	-19.0	13.0	-76.0	-100.0	-85.0	102.47
20	8.0	-5.0	23.0	-18.0	-128.0	-2.0	-34.0	-41.0	102.42
21	39.0	-35.0	11.0	23.0	-57.0	127.0	-42.0	-24.0	102.42
22	18.0	-4.0	-11.0	-14.0	58.0	-8.0	-124.0	58.0	102.5
23	111.0	49.0	4.0	9.0	13.0	-106.0	49.0	-43.0	102.89
24	73.0	5.0	70.0	5.0	22.0	13.0	30.0	6.0	103.16
25	-78.0	23.0	-13.0	-52.0	96.0	-19.0	19.0	-37.0	103.85
26	-24.0	-110.0	17.0	-81.0	12.0	-58.0	-30.0	-18.0	107.9
27	-68.0	-12.0	-24.0	86.0	-53.0	-128.0	-1.0	20.0	107.9
28	39.0	-20.0	-25.0	3.0	-53.0	-57.0	-15.0	119.0	106.15
29	-19.0	10.0	2.0	-11.0	-112.0	-128.0	-8.0	-16.0	106.29
30	-21.0	-45.0	15.0	-16.0	93.0	-128.0	-69.0	-126.0	110.08
31	111.0	-22.0	40.0	-14.0	46.0	97.0	-47.0	98.0	113.82
32	21.0	-30.0	35.0	58.0	-29.0	38.0	127.0	15.0	113.7
33	26.0	47.0	-34.0	17.0	2.0	89.0	6.0	49.0	118.97
34	-13.0	-5.0	-32.0	10.0	116.0	-40.0	-38.0	127.0	116.46
35	64.0	-32.0	95.0	-20.0	127.0	-103.0	-18.0	20.0	121.69
36	-58.0	13.0	-28.0	-6.0	12.0	-61.0	41.0	-87.0	129.87
37	-83.0	-93.0	-1.0	-18.0	17.0	127.0	20.0	119.0	131.66
38	-18.0	35.0	-7.0	-60.0	-99.0	-128.0	18.0	-54.0	140.67
39	-5.0	18.0	24.0	126.0	-7.0	51.0	127.0	83.0	134.65
40	20.0	15.0	0.0	18.0	-90.0	127.0	24.0	-62.0	145.67
41	98.0	11.0	-25.0	7.0	-71.0	82.0	-4.0	-36.0	144.18
42	15.0	8.0	42.0	-49.0	-54.0	102.0	110.0	30.0	144.18
43	11.0	-13.0	18.0	127.0	73.0	98.0	64.0	-75.0	148.83
44	64.0	37.0	7.0	-39.0	-28.0	127.0	-50.0	-86.0	154.36
45	-7.0	22.0	-42.0	-3.0	-107.0	78.0	-102.0	-2.0	151.02
46	63.0	-39.0	-24.0	95.0	121.0	34.0	13.0	15.0	158.05
47	-22.0	27.0	-26.0	-21.0	-63.0	94.0	29.0	-39.0	160.14
48	6.0	20.0	16.0	38.0	2.0	81.0	-83.0	49.0	156.31
49	71.0	-10.0	85.0	-19.0	-10.0	-70.0	-25.0	-54.0	159.24
50	-35.0	43.0	19.0	-30.0	43.0	-54.0	58.0	-19.0	158.0
51	-59.0	14.0	-25.0	-79.0	-122.0	-56.0	19.0	35.0	151.13
52	103.0	74.0	-16.0	33.0	-63.0	-103.0	106.0	29.0	152.5
53	-74.0	8.0	-13.0	-24.0	-4.0	-44.0	127.0	43.0	152.5
54	80.0	20.0	23.0	95.0	33.0	11.0	126.0	-11.0	160.14
55	69.0	14.0	-3.0	10.0	9.0	48.0	127.0	-22.0	160.77
56	10.0	60.0	-30.0	1.0	-2.0	-119.0	92.0	-58.0	163.12
57	26.0	-51.0	27.0	-3.0	19.0	96.0	-56.0	-116.0	163.12
58	-56.0	-21.0	4.0	2.0	-50.0	-114.0	-58.0	-10.0	168.97
59	12.0	-125.0	85.0	27.0	5.0	4.0	72.0	52.0	168.12
60	-39.0	-11.0	31.0	-33.0	17.0	-106.0	-4.0	-82.0	166.2
61	-83.0	-28.0	-26.0	2.0	-41.0	58.0	-53.0	-45.0	168.97
62	3.0	104.0	-7.0	-1.0	-3.0	-65.0	52.0	42.0	169.85
63	1.0	-15.0	-15.0	26.0	30.0	10.0	11.0	41.0	169.85
64	-35.0	-10.0	94.0	-6.0	-50.0	112.0	25.0	73.0	169.98
65	-77.0	43.0	1.0	-22.0	20.0	-58.0	-20.0	10.0	170.78
66	-1.0	-16.0	-15.0	-8.0	103.0	12.0	-60.0	-37.0	170.72
67	96.0	51.0	-6.0	40.0	54.0	-38.0	58.0	13.0	170.92
68	3.0	16.0	0.0	-39.0	18.0	111.0	18.0	19.0	170.96
69	-12.0	29.0	-8.0	-12.0	39.0	73.0	-8.0	9.0	170.92
70	-42.0	18.0	44.0	3.0	116.0	-82.0	-126.0	27.0	170.69
71	25.0	86.0	16.0	-42.0	-20.0	23.0	77.0	-31.0	170.39
72	31.0	-75.0	-10.0	2.0	-128.0	-47.0	5.0	19.0	170.68
73	-15.0	-34.0	-19.0	31.0	13.0	12.0	-54.0	-66.0	169.98
74	-13.0	46.0	-5.0	10.0	-31.0	-84.0	-6.0	127.0	170.69
75	30.0	34.0	-21.0	36.0	13.0	38.0	82.0	-31.0	170.68
76	-5.0	47.0	59.0	100.0	-122.0	19.0	70.0	-61.0	169.33
77	-101.0	11.0	4.0	-4.0	-11.0	50.0	-1.0	31.0	167.56
78	12.0	2.0	-8.0	31.0	80.0	54.0	-128.0	-38.0	165.05
79	19.0	55.0	-22.0	11.0	-43.0	3.0	1.0	52.0	160.77
80	-18.0	-13.0	8.0	-16.0	14.0	-22.0	21.0	-37.0	148.83
81	-128.0	17.0	62.0	126.0	43.0	90.0	-16.0	-15.0	151.02
82	17.0	-6.0	-9.0	61.0	-22.0	44.0	-15.0	2.0	148.33
83	22.0	50.0	15.0	-19.0	7.0	-41.0	8.0	-4.0	150.02
84	30.0	-4.0	42.0	41.0	9.0	120.0	95.0	-41.0	154.36
85	-3.0	-22.0	38.0	0.0	10.0	36.0	-37.0	13.0	145.67
86	-12.0	-22.0	-23.0	42.0	71.0	-73.0	69.0	-83.0	145.8
87	89.0	82.0	48.0	18.0	-23.0	-128.0	47.0	127.0	148.33
