0	-1.0	123.0	-4.0	58.0	115.0	-56.0	-44.0	-62.0	165.33
1	-1.0	-14.0	-11.0	29.0	-59.0	-60.0	-8.0	20.0	165.03
2	26.0	15.0	-6.0	127.0	-119.0	-57.0	34.0	35.0	160.89
3	35.0	-5.0	-23.0	-47.0	99.0	116.0	-3.0	68.0	164.84
4	-71.0	19.0	-14.0	-47.0	-81.0	-16.0	127.0	52.0	165.4
5	46.0	18.0	-13.0	10.0	-124.0	-51.0	-11.0	69.0	165.84
6	24.0	37.0	-22.0	81.0	107.0	-71.0	-12.0	4.0	166.09
7	7.0	-16.0	7.0	4.0	10.0	96.0	62.0	79.0	166.03
8	-56.0	-27.0	27.0	28.0	127.0	36.0	-50.0	45.0	165.92
9	-104.0	13.0	4.0	-25.0	-124.0	0.0	127.0	73.0	165.25
10	-9.0	-16.0	17.0	-25.0	118.0	32.0	113.0	98.0	164.38
11	-37.0	-4.0	-2.0	41.0	75.0	-116.0	-12.0	17.0	165.53
12	17.0	-6.0	10.0	-61.0	105.0	-30.0	-25.0	45.0	166.03
13	-86.0	-43.0	-6.0	-48.0	68.0	77.0	109.0	1.0	166.0
14	74.0	-3.0	-6.0	48.0	-92.0	106.0	105.0	62.0	166.42
15	6.0	-12.0	7.0	23.0	-62.0	22.0	63.0	-29.0	165.66
16	14.0	-42.0	-21.0	54.0	-4.0	-37.0	-105.0	54.0	165.66
17	24.0	-11.0	-26.0	127.0	-96.0	-128.0	100.0	6.0	165.25
18	10.0	-25.0	22.0	127.0	13.0	127.0	-65.0	0.0	165.33
19	39.0	-13.0	1.0	127.0	-30.0	103.0	84.0	13.0	165.52
20	48.0	-50.0	6.0	6.0	80.0	-71.0	0.0	-63.0	165.84
21	117.0	12.0	-15.0	61.0	127.0	127.0	84.0	33.0	165.92
22	46.0	-50.0	-33.0	-105.0	127.0	39.0	127.0	117.0	165.71
23	-21.0	13.0	127.0	30.0	24.0	127.0	-110.0	-84.0	164.82
24	19.0	-10.0	-10.0	31.0	9.0	54.0	36.0	120.0	164.82
25	-9.0	80.0	-4.0	4.0	14.0	-69.0	101.0	-30.0	161.6
26	127.0	13.0	-11.0	104.0	-5.0	70.0	117.0	57.0	161.6
27	70.0	-14.0	-29.0	67.0	-19.0	-117.0	63.0	48.0	156.34
28	68.0	127.0	-29.0	52.0	115.0	127.0	-57.0	1.0	154.6
29	-49.0	4.0	8.0	107.0	0.0	60.0	110.0	-29.0	156.0
30	68.0	-6.0	19.0	5.0	60.0	127.0	-113.0	-103.0	163.52
31	-5.0	-24.0	15.0	44.0	24.0	127.0	92.0	-89.0	159.92
32	107.0	95.0	-25.0	-76.0	-5.0	31.0	54.0	-123.0	158.37
33	40.0	-15.0	-6.0	-87.0	-63.0	69.0	74.0	73.0	149.54
34	-5.0	-2.0	-1.0	40.0	-120.0	-14.0	-76.0	2.0	150.5
35	6.0	27.0	121.0	55.0	42.0	-128.0	82.0	-111.0	152.49
36	-1.0	118.0	-16.0	-3.0	-13.0	89.0	-46.0	-9.0	145.15
37	50.0	12.0	2.0	-1.0	95.0	-116.0	-128.0	127.0	143.56
38	32.0	-20.0	117.0	34.0	22.0	88.0	127.0	-13.0	141.95
39	7.0	0.0	-10.0	127.0	107.0	-61.0	-16.0	116.0	142.99
40	-63.0	-7.0	6.0	19.0	-11.0	1.0	77.0	22.0	134.1
41	56.0	30.0	37.0	-128.0	-112.0	127.0	0.0	9.0	122.23
42	28.0	18.0	6.0	31.0	10.0	35.0	29.0	-21.0	124.12
43	62.0	23.0	-24.0	-1.0	24.0	120.0	-8.0	113.0	141.15
44	17.0	-10.0	-21.0	-84.0	22.0	51.0	49.0	-38.0	119.81
45	-31.0	2.0	-45.0	30.0	-128.0	-23.0	-128.0	-6.0	118.16
46	2.0	-14.0	24.0	101.0	125.0	77.0	69.0	-103.0	110.29
47	15.0	-5.0	3.0	-6.0	127.0	110.0	24.0	-54.0	117.94
48	-5.0	3.0	4.0	-21.0	8.0	127.0	127.0	-35.0	117.94
49	127.0	18.0	-22.0	127.0	0.0	-119.0	127.0	50.0	122.23
50	-43.0	-79.0	85.0	74.0	100.0	30.0	120.0	85.0	120.54
51	37.0	37.0	-21.0	22.0	127.0	97.0	-60.0	11.0	123.29
52	-60.0	33.0	-3.0	54.0	-106.0	-23.0	23.0	-18.0	120.54
53	21.0	12.0	3.0	-29.0	47.0	127.0	-32.0	13.0	125.05
54	11.0	-3.0	50.0	119.0	81.0	127.0	69.0	-7.0	136.63
55	-18.0	58.0	22.0	-123.0	-42.0	-7.0	-36.0	61.0	134.1
56	-51.0	-103.0	-10.0	4.0	127.0	-128.0	24.0	53.0	142.23
57	4.0	10.0	-1.0	6.0	83.0	92.0	77.0	47.0	140.74
58	21.0	127.0	23.0	-66.0	-110.0	-67.0	-18.0	-6.0	124.12
59	38.0	30.0	-3.0	4.0	49.0	-110.0	-63.0	-89.0	136.63
60	2.0	-10.0	107.0	40.0	58.0	-116.0	-8.0	-43.0	130.39
61	127.0	-12.0	124.0	6.0	85.0	-69.0	-10.0	14.0	141.15
62	-8.0	-10.0	13.0	58.0	102.0	51.0	25.0	11.0	135.0
63	-26.0	28.0	-4.0	3.0	90.0	15.0	30.0	18.0	128.37
64	35.0	12.0	-25.0	8.0	-124.0	39.0	-128.0	-1.0	141.95
65	-88.0	12.0	12.0	-7.0	-18.0	-6.0	44.0	-109.0	149.54
66	50.0	-30.0	12.0	71.0	16.0	84.0	-3.0	33.0	152.82
67	127.0	5.0	127.0	-88.0	74.0	-76.0	-18.0	-63.0	150.5
68	17.0	58.0	119.0	24.0	-10.0	31.0	41.0	-31.0	143.84
69	0.0	-26.0	12.0	120.0	92.0	127.0	72.0	53.0	159.92
70	39.0	127.0	127.0	99.0	42.0	-89.0	-37.0	-59.0	143.56
71	36.0	-27.0	3.0	5.0	89.0	89.0	-98.0	-30.0	142.37
72	-37.0	-9.0	6.0	-123.0	127.0	38.0	94.0	0.0	144.05
73	90.0	120.0	-3.0	41.0	9.0	52.0	63.0	103.0	162.81
74	16.0	-7.0	-5.0	45.0	127.0	42.0	-39.0	-57.0	156.0
75	40.0	31.0	-6.0	-11.0	127.0	-60.0	-46.0	60.0	163.86
76	12.0	11.0	3.0	-2.0	-103.0	72.0	-19.0	83.0	164.72
77	12.0	-39.0	3.0	-35.0	89.0	-30.0	26.0	83.0	164.76
78	-9.0	17.0	-7.0	127.0	-106.0	127.0	0.0	50.0	164.29
79	3.0	-10.0	26.0	16.0	-99.0	87.0	-39.0	18.0	154.6
80	28.0	3.0	-53.0	41.0	98.0	77.0	-18.0	127.0	163.86
81	-83.0	-29.0	-10.0	-66.0	13.0	71.0	97.0	-88.0	165.26
82	-26.0	52.0	3.0	-83.0	42.0	-21.0	115.0	119.0	165.26
83	47.0	123.0	3.0	48.0	-119.0	-128.0	100.0	-2.0	165.27
