0	127.0	127.0	75.0	93.0	5.0	31.0	21.0	-83.0	70.76
1	-57.0	85.0	14.0	-27.0	6.0	-59.0	82.0	31.0	64.82
2	104.0	-85.0	52.0	18.0	-84.0	71.0	9.0	-18.0	68.47
3	110.0	61.0	-5.0	-30.0	-11.0	-61.0	27.0	-26.0	80.54
4	-108.0	-124.0	-22.0	-37.0	-56.0	-13.0	10.0	8.0	92.55
5	50.0	-64.0	-27.0	-90.0	78.0	61.0	89.0	36.0	85.47
6	10.0	86.0	-14.0	-7.0	26.0	34.0	83.0	78.0	95.07
7	-116.0	113.0	59.0	-72.0	-96.0	-1.0	4.0	61.0	96.54
8	-121.0	-91.0	-26.0	-43.0	25.0	-51.0	-20.0	-57.0	99.53
9	74.0	45.0	62.0	-24.0	-3.0	-2.0	-105.0	-63.0	100.77
10	124.0	-35.0	29.0	67.0	-15.0	4.0	-73.0	-44.0	99.53
11	-67.0	46.0	61.0	55.0	32.0	55.0	81.0	25.0	96.76
12	-54.0	23.0	-27.0	32.0	-37.0	-70.0	-58.0	23.0	99.49
13	-68.0	-15.0	6.0	-38.0	44.0	53.0	47.0	63.0	99.78
14	68.0	15.0	60.0	-48.0	90.0	-45.0	-128.0	-34.0	100.28
15	18.0	27.0	-32.0	-64.0	-71.0	-70.0	114.0	67.0	102.61
16	12.0	-36.0	-11.0	-113.0	-26.0	3.0	56.0	-100.0	106.07
17	12.0	25.0	-28.0	-48.0	50.0	-9.0	-10.0	55.0	102.61
18	74.0	38.0	-84.0	24.0	-32.0	94.0	127.0	17.0	107.44
19	-41.0	-99.0	-28.0	17.0	-11.0	98.0	77.0	30.0	107.44
20	66.0	-9.0	0.0	-12.0	10.0	40.0	-80.0	11.0	109.13
21	35.0	-62.0	7.0	66.0	-56.0	85.0	-69.0	-27.0	109.13
22	-32.0	-128.0	-93.0	3.0	13.0	-11.0	47.0	-93.0	108.14
23	-39.0	49.0	63.0	35.0	-29.0	-8.0	0.0	-52.0	107.17
24	106.0	66.0	8.0	68.0	-17.0	-65.0	46.0	-81.0	104.65
25	127.0	127.0	-79.0	-83.0	68.0	-13.0	-68.0	11.0	107.94
26	76.0	57.0	-23.0	-101.0	20.0	53.0	-128.0	-7.0	106.07
27	106.0	110.0	73.0	78.0	-38.0	98.0	-22.0	35.0	106.89
28	31.0	7.0	8.0	-16.0	-3.0	-5.0	-99.0	22.0	104.76
29	-50.0	-74.0	31.0	1.0	14.0	-11.0	-128.0	90.0	106.89
30	127.0	-123.0	24.0	3.0	19.0	-103.0	14.0	96.0	110.23
31	16.0	33.0	-66.0	-128.0	-38.0	-62.0	50.0	3.0	111.7
32	-101.0	77.0	75.0	26.0	23.0	45.0	-6.0	-44.0	112.35
33	-78.0	62.0	-7.0	82.0	-19.0	79.0	-37.0	9.0	112.5
34	-52.0	-105.0	-8.0	-123.0	32.0	73.0	-33.0	-79.0	112.64
35	-5.0	-128.0	33.0	3.0	93.0	-84.0	-76.0	13.0	113.4
36	45.0	124.0	62.0	56.0	79.0	62.0	-84.0	57.0	113.4
37	-75.0	-74.0	-56.0	118.0	47.0	-15.0	-3.0	-4.0	111.99
38	27.0	21.0	-79.0	29.0	20.0	84.0	22.0	40.0	112.49
39	127.0	-51.0	39.0	-62.0	-32.0	29.0	-128.0	51.0	112.61
40	-63.0	-12.0	94.0	-58.0	-58.0	78.0	-33.0	21.0	112.5
41	8.0	-72.0	-87.0	-27.0	83.0	23.0	126.0	43.0	112.35
42	12.0	93.0	34.0	-3.0	3.0	-30.0	118.0	26.0	111.34
43	127.0	-75.0	97.0	47.0	62.0	17.0	-13.0	-52.0	111.7
44	-125.0	-69.0	34.0	-46.0	2.0	-18.0	-30.0	17.0	111.34
45	24.0	-99.0	27.0	39.0	-33.0	101.0	-31.0	44.0	110.62
46	-110.0	79.0	-30.0	-107.0	14.0	37.0	-79.0	47.0	108.91
47	78.0	-128.0	7.0	69.0	92.0	-6.0	127.0	-18.0	108.91
48	-4.0	-74.0	-39.0	-47.0	46.0	16.0	21.0	33.0	105.6
49	32.0	57.0	-2.0	-127.0	-7.0	57.0	-79.0	48.0	105.6
50	-128.0	-107.0	32.0	41.0	0.0	119.0	-27.0	-98.0	96.76
51	119.0	121.0	-36.0	-26.0	8.0	49.0	-14.0	108.0	95.95
52	127.0	-1.0	-37.0	24.0	13.0	75.0	-92.0	-67.0	95.07
53	-76.0	127.0	37.0	-106.0	3.0	-4.0	87.0	0.0	65.38
54	-70.0	-57.0	-43.0	52.0	0.0	-103.0	81.0	-18.0	79.86
55	-70.0	-102.0	61.0	55.0	6.0	64.0	-34.0	-21.0	89.64
56	53.0	11.0	-94.0	3.0	-31.0	2.0	65.0	-55.0	72.15
57	-18.0	115.0	9.0	22.0	-19.0	70.0	21.0	22.0	62.49
58	-67.0	58.0	61.0	-81.0	14.0	48.0	-2.0	34.0	62.01
59	-8.0	-81.0	42.0	51.0	2.0	-22.0	39.0	31.0	59.83
60	-92.0	31.0	103.0	-16.0	-16.0	14.0	25.0	-128.0	60.62
61	127.0	-8.0	-24.0	-91.0	-15.0	-83.0	-48.0	1.0	56.84
62	-21.0	74.0	-65.0	43.0	94.0	-33.0	26.0	72.0	55.31
63	-87.0	88.0	-2.0	125.0	-46.0	-3.0	-20.0	40.0	56.49
64	-78.0	15.0	127.0	21.0	-15.0	-37.0	-25.0	1.0	57.68
65	-27.0	127.0	70.0	51.0	-25.0	52.0	73.0	-78.0	53.14
66	59.0	25.0	-29.0	-7.0	-46.0	41.0	58.0	-32.0	56.84
67	-46.0	-128.0	22.0	59.0	-29.0	-77.0	-94.0	-58.0	55.31
68	67.0	34.0	-17.0	11.0	-32.0	-70.0	-128.0	-48.0	54.86
69	30.0	21.0	-6.0	-25.0	19.0	94.0	-81.0	8.0	53.07
70	114.0	20.0	-6.0	-35.0	45.0	-1.0	19.0	19.0	52.57
71	-31.0	-68.0	-62.0	-6.0	35.0	-91.0	125.0	83.0	52.62
72	44.0	-80.0	15.0	-11.0	6.0	52.0	17.0	14.0	52.57
73	127.0	56.0	-63.0	7.0	-48.0	-68.0	38.0	-29.0	53.07
74	-37.0	-43.0	49.0	-45.0	-3.0	97.0	125.0	-79.0	59.83
75	45.0	102.0	-26.0	29.0	25.0	75.0	-70.0	38.0	64.78
76	63.0	84.0	112.0	-33.0	31.0	-71.0	36.0	-13.0	62.49
77	-106.0	-102.0	47.0	-19.0	12.0	31.0	-41.0	-24.0	62.01
78	69.0	-94.0	60.0	26.0	-9.0	68.0	-128.0	45.0	64.82
79	-112.0	-35.0	-7.0	39.0	53.0	-16.0	127.0	-11.0	68.47
80	111.0	62.0	-63.0	-55.0	42.0	-26.0	-105.0	-64.0	90.94
81	96.0	109.0	15.0	-34.0	31.0	-47.0	-116.0	-49.0	82.79
82	110.0	121.0	-102.0	10.0	44.0	-4.0	50.0	-49.0	90.94
83	-15.0	12.0	-27.0	51.0	23.0	8.0	81.0	17.0	91.75
84	39.0	127.0	-14.0	29.0	28.0	62.0	18.0	83.0	72.15
85	-18.0	63.0	-20.0	-44.0	12.0	-84.0	10.0	-45.0	88.32
86	-32.0	-124.0	64.0	-53.0	-34.0	-12.0	4.0	115.0	82.79
87	106.0	-66.0	47.0	14.0	-10.0	20.0	-128.0	-24.0	88.32
