0	9.0	-123.0	-2.0	-9.0	0.0	7.0	26.0	2.0	96.37
1	-68.0	14.0	2.0	-4.0	2.0	1.0	8.0	-3.0	112.53
2	92.0	-37.0	30.0	64.0	9.0	3.0	3.0	-16.0	112.41
3	-86.0	82.0	-6.0	16.0	-15.0	-8.0	-2.0	10.0	113.68
4	50.0	106.0	12.0	18.0	-22.0	16.0	6.0	-18.0	116.46
5	66.0	65.0	73.0	15.0	-1.0	13.0	-7.0	21.0	117.4
6	-109.0	58.0	15.0	-9.0	-26.0	-21.0	36.0	10.0	118.52
7	127.0	-128.0	64.0	-8.0	-13.0	19.0	49.0	45.0	118.52
8	-98.0	-85.0	-68.0	-15.0	-20.0	12.0	-26.0	-17.0	118.09
9	-43.0	7.0	-46.0	-61.0	-31.0	4.0	-17.0	-8.0	117.39
10	127.0	-11.0	0.0	9.0	-17.0	-47.0	-2.0	-11.0	116.19
11	101.0	-62.0	-5.0	-4.0	-7.0	-17.0	-10.0	-2.0	116.46
12	16.0	-1.0	12.0	-28.0	-24.0	0.0	10.0	-20.0	112.41
13	73.0	109.0	-43.0	0.0	-21.0	-17.0	19.0	7.0	112.84
14	-39.0	-128.0	-14.0	43.0	-16.0	8.0	-5.0	-25.0	112.84
15	-128.0	56.0	-2.0	11.0	8.0	-14.0	-22.0	14.0	98.95
16	127.0	-23.0	-13.0	30.0	-4.0	6.0	9.0	-58.0	94.2
17	26.0	0.0	-51.0	-13.0	12.0	-9.0	23.0	-9.0	97.96
18	-70.0	2.0	-125.0	-14.0	-21.0	-22.0	-13.0	7.0	96.84
19	42.0	81.0	11.0	51.0	-7.0	1.0	0.0	20.0	96.37
20	73.0	-84.0	-58.0	14.0	-23.0	-1.0	49.0	10.0	112.53
21	109.0	-46.0	17.0	-26.0	21.0	10.0	12.0	59.0	98.95
22	57.0	63.0	26.0	15.0	-4.0	-2.0	-18.0	-31.0	91.42
23	-40.0	19.0	27.0	-76.0	-4.0	-9.0	0.0	8.0	94.33
24	15.0	127.0	7.0	23.0	-2.0	3.0	-10.0	12.0	86.33
25	-66.0	93.0	-53.0	-33.0	-13.0	-40.0	-15.0	-9.0	88.9
26	-17.0	108.0	29.0	-28.0	-23.0	10.0	-8.0	0.0	84.84
27	24.0	77.0	-15.0	57.0	-11.0	-12.0	57.0	34.0	87.69
28	127.0	-95.0	81.0	10.0	18.0	-4.0	-6.0	-16.0	90.8
29	127.0	37.0	-56.0	25.0	-5.0	8.0	-3.0	0.0	91.42
30	-18.0	-75.0	66.0	1.0	6.0	14.0	5.0	-10.0	94.2
31	36.0	77.0	12.0	-21.0	1.0	21.0	-26.0	-73.0	95.2
32	-128.0	96.0	-128.0	-16.0	-19.0	-2.0	-4.0	-4.0	89.17
33	-105.0	93.0	-22.0	-28.0	-10.0	-21.0	-3.0	-5.0	90.8
34	-18.0	127.0	16.0	-25.0	-12.0	34.0	-2.0	24.0	87.69
35	126.0	-70.0	47.0	-20.0	46.0	-34.0	12.0	6.0	82.32
36	127.0	80.0	38.0	-17.0	3.0	4.0	-15.0	-4.0	82.61
37	34.0	75.0	23.0	-116.0	-20.0	7.0	-9.0	10.0	84.67
38	68.0	17.0	39.0	-105.0	-31.0	-2.0	1.0	-6.0	78.44
39	73.0	22.0	99.0	9.0	-19.0	-7.0	-12.0	-22.0	75.51
40	-128.0	-81.0	99.0	-3.0	-7.0	8.0	-20.0	23.0	74.09
41	92.0	56.0	6.0	-36.0	-9.0	-19.0	16.0	-33.0	68.48
42	23.0	29.0	-21.0	-105.0	-12.0	1.0	-11.0	8.0	59.04
43	-59.0	-80.0	-77.0	101.0	-11.0	-22.0	-9.0	-19.0	52.07
44	-128.0	43.0	-22.0	3.0	25.0	12.0	40.0	-2.0	51.48
45	73.0	41.0	-36.0	0.0	-4.0	-24.0	4.0	-20.0	46.81
46	100.0	-84.0	-10.0	9.0	6.0	0.0	-26.0	24.0	49.3
47	10.0	-5.0	66.0	-75.0	66.0	-12.0	-8.0	15.0	57.03
48	-78.0	54.0	6.0	-100.0	-6.0	-4.0	-11.0	-33.0	60.96
49	64.0	127.0	13.0	-56.0	12.0	-4.0	-4.0	14.0	58.16
50	68.0	37.0	69.0	-63.0	-3.0	-3.0	-7.0	-6.0	58.11
51	57.0	117.0	-17.0	-100.0	-13.0	-4.0	-10.0	0.0	51.48
52	127.0	-31.0	39.0	-88.0	-20.0	-14.0	-6.0	4.0	48.52
53	38.0	-111.0	67.0	23.0	6.0	-11.0	-10.0	2.0	46.65
54	62.0	-17.0	-84.0	-128.0	-3.0	-8.0	-1.0	17.0	46.81
55	-64.0	8.0	17.0	1.0	-5.0	-2.0	0.0	-22.0	49.37
56	33.0	106.0	17.0	-21.0	-3.0	-12.0	-4.0	-33.0	49.48
57	115.0	-24.0	9.0	-50.0	-25.0	3.0	-12.0	9.0	49.37
58	49.0	91.0	-80.0	-21.0	13.0	-8.0	38.0	-20.0	57.03
59	73.0	-86.0	-17.0	-48.0	-6.0	3.0	-5.0	-2.0	49.3
60	-56.0	-18.0	33.0	-15.0	24.0	19.0	13.0	-7.0	50.39
61	27.0	102.0	28.0	-10.0	14.0	-1.0	-1.0	8.0	58.17
62	40.0	127.0	-103.0	-12.0	-20.0	-37.0	19.0	-46.0	62.34
63	-104.0	-37.0	-14.0	110.0	12.0	12.0	18.0	1.0	62.78
64	49.0	52.0	6.0	-40.0	-44.0	-14.0	-18.0	-13.0	64.61
65	-113.0	119.0	13.0	-87.0	-19.0	-9.0	-1.0	-8.0	58.16
66	-23.0	-39.0	-9.0	-33.0	36.0	-6.0	-9.0	13.0	60.96
67	73.0	68.0	99.0	-21.0	11.0	11.0	-3.0	-10.0	65.04
68	-12.0	-94.0	127.0	-24.0	-37.0	4.0	0.0	-19.0	65.04
69	-128.0	-4.0	22.0	-3.0	5.0	-24.0	12.0	-10.0	70.65
70	-39.0	-104.0	31.0	-2.0	14.0	-15.0	-13.0	11.0	70.65
71	47.0	127.0	-38.0	-86.0	0.0	-3.0	100.0	-8.0	79.13
72	-77.0	53.0	-26.0	-59.0	-37.0	-17.0	16.0	2.0	77.27
73	-63.0	93.0	-31.0	-42.0	0.0	8.0	27.0	-7.0	81.15
74	80.0	42.0	-106.0	33.0	0.0	14.0	-74.0	-5.0	78.44
75	90.0	-91.0	32.0	22.0	-4.0	-4.0	17.0	19.0	76.58
76	101.0	-62.0	-4.0	-17.0	7.0	6.0	8.0	-2.0	68.76
77	75.0	46.0	15.0	-128.0	-26.0	-16.0	6.0	-23.0	70.13
78	-91.0	-96.0	-36.0	28.0	14.0	-34.0	-1.0	-8.0	68.76
79	66.0	82.0	0.0	0.0	-11.0	5.0	-1.0	-6.0	74.12
80	-116.0	127.0	12.0	-11.0	2.0	14.0	12.0	15.0	75.51
81	111.0	-113.0	-31.0	56.0	-51.0	8.0	-21.0	-4.0	76.58
82	-31.0	118.0	-36.0	7.0	-4.0	-7.0	-38.0	-9.0	82.32
83	-9.0	90.0	112.0	30.0	-10.0	11.0	16.0	11.0	84.67
84	25.0	94.0	18.0	-21.0	1.0	-6.0	-1.0	-4.0	93.11
