0	-114.0	-4.0	25.0	4.0	-15.0	35.0	-40.0	-32.0	59.3
1	110.0	-1.0	-45.0	28.0	21.0	-3.0	-19.0	-6.0	61.65
2	120.0	-79.0	-2.0	63.0	18.0	24.0	72.0	4.0	61.65
3	96.0	121.0	87.0	80.0	-20.0	-23.0	-29.0	63.0	70.37
4	-18.0	-113.0	-21.0	-47.0	2.0	69.0	-7.0	-25.0	76.56
5	-71.0	-17.0	58.0	-10.0	-3.0	-3.0	-14.0	-51.0	79.42
6	127.0	114.0	-51.0	5.0	-1.0	-10.0	64.0	-44.0	89.71
7	-128.0	127.0	-128.0	20.0	13.0	66.0	32.0	-26.0	85.25
8	69.0	-80.0	-3.0	-26.0	-37.0	-54.0	-36.0	-46.0	84.27
9	-104.0	-37.0	19.0	-9.0	11.0	-8.0	17.0	49.0	73.72
10	96.0	127.0	-22.0	-17.0	41.0	18.0	81.0	112.0	63.49
11	-1.0	-128.0	-23.0	96.0	7.0	-52.0	-101.0	-13.0	73.67
12	-104.0	127.0	-126.0	-111.0	29.0	-14.0	28.0	-34.0	79.42
13	-51.0	-105.0	-70.0	-17.0	6.0	36.0	127.0	-67.0	76.56
14	127.0	-3.0	-28.0	36.0	10.0	-31.0	47.0	11.0	74.48
15	119.0	-86.0	16.0	-22.0	2.0	40.0	-97.0	-21.0	84.27
16	18.0	-94.0	20.0	-39.0	-18.0	-74.0	-78.0	-67.0	85.25
17	-40.0	127.0	-61.0	-5.0	-8.0	-53.0	89.0	85.0	105.36
18	-99.0	26.0	13.0	88.0	-12.0	-15.0	-69.0	67.0	91.58
19	26.0	21.0	2.0	-50.0	-22.0	17.0	-25.0	3.0	104.94
20	37.0	-48.0	-2.0	15.0	23.0	-62.0	116.0	-80.0	110.0
21	12.0	-128.0	-8.0	-107.0	24.0	16.0	-72.0	-5.0	109.35
22	-86.0	113.0	-10.0	-34.0	47.0	-43.0	16.0	127.0	105.89
23	127.0	-70.0	-11.0	-71.0	22.0	36.0	-106.0	-63.0	101.28
24	81.0	-74.0	-41.0	12.0	23.0	-44.0	-27.0	-87.0	114.14
25	-27.0	59.0	-14.0	-24.0	18.0	-27.0	76.0	19.0	112.83
26	-88.0	126.0	-80.0	-69.0	-7.0	1.0	-55.0	-46.0	104.49
27	93.0	-57.0	-81.0	-11.0	-42.0	20.0	38.0	101.0	109.66
28	6.0	127.0	127.0	15.0	11.0	-26.0	-38.0	12.0	104.49
29	-102.0	127.0	-46.0	-1.0	3.0	-36.0	28.0	12.0	97.52
30	55.0	127.0	2.0	-40.0	-2.0	35.0	-73.0	-25.0	109.63
31	-31.0	-92.0	-124.0	43.0	-6.0	-7.0	96.0	-54.0	105.36
32	107.0	-128.0	42.0	127.0	0.0	25.0	-2.0	-57.0	110.62
33	31.0	-59.0	127.0	13.0	13.0	5.0	10.0	9.0	111.64
34	-67.0	127.0	-57.0	-67.0	14.0	21.0	-102.0	91.0	110.62
35	127.0	-28.0	32.0	8.0	15.0	-7.0	8.0	-48.0	115.67
36	127.0	-109.0	82.0	72.0	-12.0	-50.0	38.0	106.0	118.14
37	-128.0	-85.0	-1.0	-24.0	-2.0	-16.0	-10.0	28.0	115.67
38	95.0	81.0	47.0	-73.0	23.0	-25.0	27.0	12.0	117.43
39	-30.0	127.0	-9.0	-19.0	16.0	27.0	0.0	-70.0	118.92
40	40.0	22.0	35.0	89.0	29.0	63.0	36.0	76.0	118.92
41	-27.0	49.0	-19.0	94.0	-4.0	-22.0	-6.0	27.0	120.0
42	-44.0	16.0	5.0	-6.0	-14.0	2.0	-4.0	47.0	120.31
43	119.0	-63.0	-72.0	-50.0	-36.0	-32.0	10.0	-8.0	120.78
44	-24.0	-109.0	5.0	11.0	10.0	-18.0	-11.0	7.0	120.7
45	-26.0	-114.0	-7.0	-57.0	19.0	24.0	112.0	-6.0	120.7
46	-43.0	51.0	-85.0	-8.0	23.0	51.0	-46.0	-115.0	118.14
47	94.0	-60.0	38.0	-1.0	-13.0	21.0	6.0	81.0	114.19
48	12.0	-67.0	-5.0	51.0	0.0	-11.0	-17.0	-53.0	107.48
49	38.0	-11.0	-58.0	-81.0	9.0	-11.0	-59.0	74.0	105.89
50	-112.0	-84.0	-29.0	-31.0	-2.0	67.0	-10.0	-13.0	97.52
51	1.0	-26.0	13.0	19.0	0.0	-7.0	-28.0	-6.0	87.15
52	-22.0	-64.0	-22.0	9.0	-31.0	15.0	-27.0	12.0	76.64
53	-30.0	-111.0	10.0	-29.0	6.0	-14.0	-8.0	-35.0	76.9
54	-34.0	77.0	-58.0	101.0	-26.0	11.0	-4.0	-39.0	81.98
55	-94.0	-75.0	-46.0	26.0	18.0	9.0	-29.0	-20.0	73.72
56	-36.0	81.0	-2.0	7.0	-3.0	1.0	-63.0	-7.0	64.15
57	82.0	-64.0	21.0	-41.0	-1.0	8.0	3.0	-20.0	74.48
58	-26.0	-54.0	0.0	-34.0	5.0	-11.0	127.0	2.0	64.15
59	-35.0	118.0	-11.0	-2.0	-13.0	-128.0	7.0	-41.0	61.25
60	-128.0	-110.0	39.0	11.0	-19.0	52.0	-63.0	86.0	58.04
61	-124.0	117.0	7.0	-9.0	7.0	-75.0	-101.0	-7.0	58.04
62	-97.0	79.0	127.0	-78.0	-15.0	4.0	-50.0	-110.0	53.64
63	120.0	75.0	-90.0	18.0	10.0	27.0	9.0	22.0	53.46
64	-5.0	-126.0	-128.0	116.0	-30.0	28.0	77.0	-3.0	56.55
65	62.0	-121.0	23.0	17.0	-75.0	94.0	8.0	50.0	53.46
66	127.0	68.0	-98.0	14.0	18.0	28.0	63.0	81.0	46.38
67	-18.0	6.0	59.0	-16.0	10.0	33.0	-45.0	0.0	48.41
68	-75.0	35.0	-38.0	-54.0	-8.0	-30.0	-72.0	31.0	46.09
69	-76.0	127.0	-118.0	25.0	-21.0	-26.0	-33.0	-43.0	46.38
70	-79.0	-46.0	51.0	-10.0	-6.0	-37.0	-8.0	-36.0	41.65
71	-28.0	110.0	127.0	14.0	59.0	-20.0	6.0	23.0	41.56
72	1.0	88.0	21.0	-51.0	-59.0	50.0	-14.0	-61.0	41.65
73	-27.0	-125.0	92.0	6.0	-5.0	42.0	45.0	40.0	40.75
74	2.0	-128.0	63.0	54.0	-5.0	28.0	71.0	114.0	40.75
75	31.0	-33.0	-9.0	127.0	-3.0	-65.0	-19.0	-25.0	40.82
76	-100.0	69.0	8.0	-5.0	-25.0	-47.0	-110.0	-13.0	41.05
77	84.0	10.0	-34.0	1.0	22.0	-8.0	54.0	-27.0	41.56
78	65.0	58.0	-35.0	26.0	1.0	38.0	-1.0	-2.0	46.54
79	83.0	-6.0	-14.0	-4.0	18.0	69.0	5.0	-28.0	52.44
80	-73.0	-34.0	-14.0	3.0	21.0	16.0	-56.0	-54.0	56.55
81	-89.0	17.0	3.0	5.0	3.0	-35.0	5.0	7.0	56.55
82	-67.0	-128.0	-34.0	9.0	20.0	-4.0	127.0	-20.0	59.18
83	-89.0	125.0	54.0	-23.0	24.0	39.0	3.0	45.0	59.86
