0	-12.0	111.0	116.0	-48.0	-1.0	-36.0	98.0	9.0	58.24
1	-107.0	-42.0	3.0	111.0	5.0	13.0	56.0	75.0	59.18
2	59.0	-128.0	0.0	-114.0	-15.0	31.0	-65.0	5.0	46.39
3	60.0	-108.0	73.0	-19.0	-12.0	6.0	28.0	74.0	53.64
4	28.0	85.0	-9.0	-24.0	31.0	0.0	-117.0	-82.0	58.42
5	-18.0	-34.0	2.0	-20.0	15.0	5.0	25.0	29.0	63.46
6	-66.0	43.0	-76.0	-7.0	16.0	-4.0	-32.0	40.0	58.71
7	66.0	95.0	53.0	-38.0	-21.0	-4.0	59.0	-56.0	64.58
8	-103.0	17.0	79.0	3.0	-19.0	-27.0	-2.0	-18.0	67.69
9	67.0	71.0	42.0	-114.0	8.0	4.0	84.0	-85.0	65.29
10	-14.0	127.0	5.0	4.0	28.0	-4.0	-14.0	20.0	64.12
11	1.0	-68.0	27.0	-35.0	-15.0	8.0	9.0	-1.0	35.86
12	41.0	-128.0	-51.0	-78.0	33.0	14.0	-41.0	109.0	60.38
13	46.0	100.0	-18.0	-56.0	-10.0	11.0	-19.0	-4.0	56.21
14	53.0	-48.0	-104.0	75.0	-42.0	-8.0	-5.0	-11.0	35.97
15	44.0	68.0	127.0	73.0	-6.0	4.0	-51.0	-33.0	64.12
16	31.0	70.0	-113.0	103.0	-29.0	3.0	-14.0	-35.0	40.28
17	90.0	127.0	-36.0	-128.0	-37.0	19.0	-35.0	-13.0	49.16
18	-49.0	127.0	8.0	-12.0	-57.0	11.0	33.0	-23.0	41.64
19	41.0	-34.0	-44.0	-4.0	5.0	4.0	5.0	-22.0	46.83
20	-46.0	127.0	-9.0	61.0	3.0	-27.0	49.0	-34.0	53.64
21	-48.0	37.0	7.0	31.0	-6.0	-36.0	31.0	54.0	52.77
22	-8.0	56.0	-21.0	106.0	13.0	-15.0	-13.0	38.0	60.38
23	-87.0	-2.0	108.0	-44.0	11.0	4.0	-32.0	-114.0	40.28
24	40.0	21.0	-48.0	68.0	-25.0	-31.0	-48.0	84.0	62.46
25	47.0	34.0	-10.0	127.0	6.0	9.0	39.0	-39.0	65.29
26	127.0	86.0	17.0	25.0	-16.0	-40.0	33.0	9.0	72.89
27	11.0	23.0	7.0	-84.0	29.0	5.0	-53.0	-59.0	76.93
28	-45.0	48.0	-71.0	31.0	-12.0	11.0	62.0	-30.0	91.28
29	-16.0	16.0	-35.0	18.0	-16.0	-8.0	69.0	73.0	72.89
30	0.0	-62.0	11.0	50.0	-1.0	16.0	-10.0	-25.0	94.19
31	-128.0	36.0	-14.0	-53.0	48.0	10.0	61.0	15.0	87.59
32	50.0	-39.0	116.0	-65.0	14.0	-33.0	-20.0	61.0	97.55
33	44.0	-28.0	40.0	-128.0	-16.0	10.0	4.0	-11.0	86.67
34	61.0	74.0	-29.0	-1.0	-1.0	20.0	-45.0	-71.0	102.3
35	-59.0	81.0	0.0	-43.0	10.0	6.0	-8.0	-2.0	94.19
36	49.0	-59.0	-20.0	47.0	-26.0	90.0	-17.0	8.0	99.29
37	8.0	127.0	-74.0	71.0	21.0	-13.0	-40.0	23.0	101.71
38	58.0	127.0	111.0	-128.0	3.0	-6.0	-33.0	-10.0	107.03
39	-128.0	-116.0	-69.0	73.0	31.0	-11.0	26.0	5.0	104.23
40	92.0	58.0	-84.0	-110.0	-12.0	7.0	-120.0	-4.0	106.14
41	-85.0	-107.0	4.0	13.0	18.0	-24.0	-19.0	16.0	106.76
42	47.0	-83.0	-19.0	-22.0	-118.0	10.0	127.0	-7.0	106.43
43	0.0	-2.0	21.0	-6.0	4.0	-6.0	-22.0	27.0	107.03
44	54.0	89.0	11.0	16.0	32.0	-23.0	-10.0	-90.0	104.23
45	-67.0	-65.0	52.0	-11.0	-12.0	-23.0	70.0	26.0	103.89
46	12.0	-121.0	-2.0	-34.0	7.0	-18.0	-45.0	-39.0	106.58
47	127.0	53.0	26.0	-11.0	-4.0	-3.0	37.0	-30.0	106.76
48	-24.0	91.0	85.0	22.0	-29.0	1.0	56.0	21.0	105.52
49	-24.0	82.0	25.0	77.0	6.0	18.0	-9.0	70.0	95.79
50	64.0	-115.0	-9.0	-80.0	-43.0	-19.0	95.0	-47.0	95.79
51	-49.0	101.0	107.0	-13.0	9.0	11.0	3.0	1.0	96.49
52	-20.0	-112.0	-15.0	-59.0	-23.0	-2.0	82.0	51.0	100.7
53	-17.0	-42.0	26.0	63.0	17.0	-2.0	1.0	-24.0	104.52
54	-90.0	-81.0	-60.0	-88.0	19.0	-21.0	-18.0	37.0	105.52
55	3.0	-25.0	11.0	-128.0	-13.0	10.0	5.0	-121.0	97.55
56	34.0	-48.0	71.0	-9.0	-37.0	-7.0	69.0	-3.0	92.65
57	-44.0	17.0	35.0	6.0	-7.0	6.0	-87.0	18.0	89.92
58	-66.0	-80.0	40.0	-54.0	126.0	35.0	36.0	-79.0	70.11
59	67.0	120.0	5.0	66.0	-7.0	11.0	-13.0	-9.0	71.58
60	98.0	-4.0	84.0	-102.0	51.0	-4.0	8.0	6.0	74.88
61	120.0	116.0	16.0	8.0	4.0	12.0	46.0	6.0	77.49
62	40.0	-39.0	-7.0	93.0	-22.0	3.0	-34.0	-2.0	66.27
63	36.0	-81.0	-18.0	86.0	-10.0	-14.0	-65.0	-24.0	85.7
64	127.0	-45.0	-45.0	-57.0	28.0	49.0	-44.0	-91.0	77.49
65	-106.0	39.0	16.0	-64.0	-56.0	0.0	9.0	-16.0	78.81
66	-3.0	-77.0	-99.0	-20.0	-84.0	2.0	-6.0	-6.0	67.69
67	-90.0	33.0	-3.0	10.0	52.0	48.0	92.0	-20.0	89.92
68	35.0	28.0	6.0	-3.0	14.0	-21.0	9.0	-22.0	102.3
69	-61.0	-27.0	36.0	51.0	22.0	7.0	19.0	37.0	76.93
70	30.0	84.0	107.0	-29.0	9.0	-22.0	-24.0	79.0	85.1
71	-60.0	-53.0	65.0	-11.0	-20.0	-14.0	-79.0	102.0	85.1
72	-87.0	-114.0	-128.0	-21.0	-3.0	4.0	28.0	-33.0	85.7
73	72.0	97.0	-50.0	47.0	-1.0	18.0	-47.0	96.0	64.58
74	-128.0	93.0	-7.0	8.0	19.0	16.0	-16.0	-30.0	57.31
75	4.0	5.0	36.0	19.0	66.0	-12.0	92.0	-28.0	62.77
76	-6.0	87.0	11.0	18.0	-22.0	10.0	-100.0	9.0	65.6
77	-37.0	-59.0	54.0	27.0	-15.0	-23.0	-2.0	-100.0	46.83
78	1.0	43.0	20.0	32.0	9.0	-19.0	20.0	-45.0	59.0
79	-52.0	-50.0	43.0	7.0	-27.0	-29.0	10.0	56.0	50.53
80	-7.0	-128.0	-11.0	-36.0	14.0	15.0	-59.0	-41.0	39.27
81	127.0	16.0	30.0	-82.0	24.0	20.0	4.0	-56.0	52.77
82	81.0	9.0	-54.0	26.0	-16.0	21.0	-12.0	36.0	63.46
83	-87.0	68.0	1.0	-50.0	-5.0	-5.0	-51.0	12.0	60.42
84	-100.0	-34.0	-30.0	-13.0	-1.0	0.0	39.0	0.0	35.86
85	-90.0	59.0	-15.0	107.0	47.0	-9.0	-43.0	-72.0	58.42
86	30.0	-37.0	-128.0	-19.0	-36.0	-5.0	7.0	12.0	59.18
