0	101.0	41.0	-14.0	14.0	-46.0	-16.0	-4.0	18.0	68.47
1	-78.0	-17.0	9.0	21.0	-5.0	-5.0	17.0	-63.0	66.16
2	79.0	-104.0	39.0	-99.0	-7.0	-12.0	-27.0	-2.0	59.39
3	-3.0	-85.0	-76.0	-7.0	25.0	0.0	5.0	67.0	65.27
4	-21.0	-76.0	-116.0	-117.0	-38.0	18.0	-29.0	6.0	58.28
5	127.0	127.0	-14.0	48.0	-4.0	12.0	-12.0	-16.0	50.72
6	-107.0	-112.0	74.0	-1.0	-12.0	6.0	-33.0	19.0	51.25
7	-12.0	103.0	-81.0	-41.0	20.0	-18.0	-21.0	39.0	57.09
8	54.0	-107.0	74.0	-61.0	31.0	-62.0	19.0	-10.0	67.66
9	127.0	90.0	96.0	-11.0	-16.0	-28.0	-27.0	-8.0	81.21
10	-128.0	-55.0	66.0	65.0	5.0	8.0	41.0	-19.0	75.05
11	-40.0	76.0	-42.0	1.0	-11.0	0.0	7.0	26.0	76.31
12	-4.0	11.0	-73.0	-9.0	-12.0	-6.0	28.0	-53.0	90.55
13	127.0	-125.0	-30.0	-23.0	-2.0	-6.0	-8.0	-9.0	108.01
14	47.0	105.0	-2.0	27.0	21.0	-12.0	-31.0	4.0	89.67
15	-84.0	-38.0	-47.0	-80.0	34.0	-16.0	-30.0	-10.0	106.39
16	3.0	15.0	59.0	25.0	-23.0	-22.0	11.0	34.0	101.4
17	-118.0	65.0	30.0	12.0	-15.0	11.0	53.0	53.0	101.4
18	-21.0	127.0	-128.0	112.0	-12.0	12.0	50.0	-3.0	107.67
19	42.0	-128.0	-41.0	-3.0	3.0	-18.0	-37.0	60.0	109.26
20	8.0	113.0	93.0	30.0	-5.0	-20.0	-34.0	18.0	111.82
21	-51.0	65.0	-48.0	-17.0	18.0	-3.0	-3.0	-75.0	111.66
22	107.0	56.0	67.0	89.0	2.0	4.0	12.0	18.0	106.39
23	-95.0	105.0	-106.0	-15.0	3.0	8.0	20.0	38.0	111.82
24	-76.0	63.0	15.0	44.0	-19.0	14.0	-1.0	10.0	109.33
25	75.0	100.0	91.0	-25.0	2.0	-28.0	9.0	19.0	111.6
26	112.0	127.0	6.0	10.0	-22.0	-5.0	-20.0	6.0	111.5
27	-24.0	127.0	-128.0	-59.0	-4.0	-2.0	25.0	8.0	111.21
28	12.0	111.0	9.0	56.0	-14.0	15.0	42.0	30.0	111.5
29	116.0	-128.0	50.0	23.0	-9.0	-23.0	26.0	-24.0	109.26
30	55.0	-92.0	34.0	33.0	-5.0	-2.0	-70.0	-43.0	108.68
31	-118.0	23.0	27.0	-74.0	-2.0	4.0	-44.0	-3.0	108.68
32	-9.0	111.0	-12.0	-10.0	22.0	-7.0	127.0	-62.0	107.19
33	80.0	-115.0	22.0	-6.0	1.0	2.0	35.0	17.0	102.13
34	44.0	94.0	-68.0	-38.0	-7.0	5.0	-126.0	13.0	94.37
35	-12.0	55.0	-108.0	30.0	-4.0	29.0	12.0	18.0	84.89
36	78.0	43.0	73.0	127.0	20.0	-3.0	40.0	-8.0	77.02
37	-60.0	112.0	17.0	23.0	-16.0	18.0	49.0	9.0	89.67
38	48.0	-122.0	-40.0	-32.0	-12.0	3.0	20.0	27.0	78.15
39	-63.0	32.0	-11.0	-128.0	13.0	22.0	8.0	38.0	80.07
40	-14.0	123.0	-62.0	41.0	3.0	1.0	1.0	33.0	77.02
41	-76.0	38.0	68.0	102.0	-7.0	-25.0	48.0	-42.0	94.37
42	83.0	-128.0	26.0	-30.0	-17.0	3.0	15.0	36.0	90.59
43	71.0	127.0	-57.0	-48.0	0.0	29.0	23.0	8.0	90.59
44	-22.0	8.0	-90.0	67.0	-13.0	-17.0	10.0	-7.0	96.99
45	127.0	117.0	38.0	-102.0	8.0	28.0	-24.0	18.0	104.07
46	-17.0	-98.0	57.0	-5.0	-16.0	7.0	-54.0	-25.0	92.98
47	90.0	46.0	-32.0	-89.0	6.0	6.0	-65.0	5.0	83.41
48	-82.0	-76.0	-31.0	-33.0	-28.0	-15.0	15.0	32.0	78.15
49	127.0	36.0	9.0	-113.0	-7.0	10.0	92.0	12.0	82.87
50	-6.0	5.0	127.0	19.0	-12.0	18.0	-4.0	0.0	92.98
51	69.0	-42.0	26.0	-17.0	18.0	-28.0	0.0	-26.0	72.16
52	127.0	-95.0	-23.0	-8.0	33.0	2.0	-8.0	-61.0	69.75
53	-64.0	-5.0	-5.0	-67.0	-18.0	37.0	44.0	-35.0	74.25
54	-95.0	90.0	32.0	11.0	8.0	14.0	77.0	15.0	67.66
55	88.0	-95.0	85.0	36.0	-4.0	26.0	53.0	-9.0	58.35
56	87.0	127.0	51.0	95.0	45.0	-31.0	17.0	-12.0	58.59
57	43.0	18.0	31.0	122.0	-4.0	6.0	-4.0	-7.0	60.58
58	26.0	1.0	-18.0	-97.0	-3.0	-4.0	10.0	42.0	59.73
59	62.0	7.0	87.0	34.0	-5.0	4.0	-16.0	-6.0	53.4
60	44.0	1.0	34.0	-84.0	-17.0	-35.0	-93.0	22.0	51.92
61	4.0	4.0	25.0	123.0	-5.0	-4.0	-68.0	-16.0	54.6
62	-53.0	-28.0	17.0	-109.0	4.0	32.0	59.0	-56.0	57.09
63	6.0	-66.0	48.0	-7.0	-3.0	34.0	0.0	-14.0	53.64
64	-52.0	127.0	52.0	-74.0	-53.0	-13.0	-7.0	-1.0	53.4
65	107.0	-59.0	-35.0	-62.0	7.0	-6.0	18.0	1.0	55.6
66	-28.0	3.0	5.0	57.0	-37.0	-45.0	-73.0	24.0	50.25
67	50.0	86.0	0.0	-21.0	11.0	-8.0	-2.0	-22.0	49.94
68	-14.0	-79.0	-7.0	51.0	-35.0	-51.0	19.0	31.0	51.25
69	-67.0	-114.0	16.0	-31.0	9.0	54.0	-15.0	10.0	50.72
70	-23.0	-51.0	23.0	63.0	-10.0	35.0	13.0	15.0	55.6
71	91.0	-48.0	-35.0	-62.0	-1.0	-19.0	21.0	-4.0	53.64
72	40.0	-29.0	17.0	-15.0	-10.0	-5.0	-50.0	31.0	55.74
73	-29.0	-124.0	9.0	-18.0	-20.0	25.0	47.0	33.0	56.7
74	58.0	58.0	-20.0	-37.0	19.0	-26.0	13.0	10.0	52.34
75	-46.0	121.0	-37.0	59.0	9.0	9.0	18.0	-21.0	50.77
76	-67.0	-19.0	4.0	-13.0	16.0	-72.0	-18.0	10.0	50.77
77	36.0	-20.0	54.0	45.0	-16.0	32.0	11.0	40.0	60.4
78	-120.0	-64.0	-52.0	-59.0	22.0	-14.0	3.0	-45.0	56.7
79	-9.0	-78.0	58.0	95.0	7.0	17.0	-8.0	-30.0	62.49
80	-128.0	35.0	114.0	10.0	-19.0	-22.0	-40.0	63.0	60.4
81	-96.0	72.0	7.0	8.0	-16.0	17.0	-19.0	68.0	60.58
82	59.0	127.0	-94.0	-16.0	3.0	7.0	-9.0	-6.0	59.73
83	46.0	-32.0	-8.0	10.0	6.0	-9.0	-11.0	27.0	65.37
84	88.0	-25.0	-92.0	15.0	1.0	5.0	4.0	5.0	68.47
85	-5.0	12.0	-16.0	-21.0	0.0	-4.0	-14.0	-2.0	72.16
86	-63.0	-11.0	-40.0	38.0	-31.0	28.0	-37.0	-5.0	74.25
