0	127.0	74.0	18.0	3.0	15.0	-19.0	16.0	14.0	53.74
1	127.0	104.0	15.0	24.0	25.0	4.0	-23.0	-43.0	57.39
2	-37.0	8.0	-4.0	102.0	-6.0	23.0	-18.0	-6.0	47.6
3	40.0	57.0	-26.0	-26.0	9.0	10.0	9.0	-30.0	56.03
4	-128.0	-80.0	-23.0	-4.0	-13.0	9.0	-23.0	48.0	48.75
5	78.0	-4.0	-31.0	-59.0	7.0	9.0	0.0	-75.0	48.72
6	-128.0	87.0	-18.0	-4.0	9.0	-20.0	3.0	42.0	58.2
7	93.0	81.0	23.0	-1.0	30.0	18.0	7.0	-19.0	65.06
8	12.0	84.0	117.0	-56.0	18.0	1.0	3.0	2.0	63.74
9	-37.0	-111.0	59.0	16.0	-25.0	17.0	-7.0	7.0	74.42
10	-75.0	51.0	-91.0	37.0	-36.0	26.0	-18.0	9.0	72.8
11	127.0	61.0	58.0	-8.0	-5.0	8.0	-26.0	-27.0	81.83
12	37.0	127.0	23.0	84.0	28.0	-19.0	-9.0	0.0	83.42
13	-66.0	-78.0	82.0	20.0	2.0	-9.0	-3.0	-88.0	73.93
14	-43.0	-15.0	-76.0	-120.0	-19.0	1.0	35.0	-5.0	81.75
15	118.0	-128.0	47.0	-13.0	8.0	3.0	12.0	22.0	75.85
16	-33.0	66.0	77.0	101.0	-9.0	26.0	2.0	4.0	86.18
17	7.0	-73.0	-29.0	43.0	19.0	-3.0	11.0	2.0	87.53
18	-49.0	127.0	-15.0	47.0	8.0	0.0	-5.0	41.0	87.8
19	51.0	-81.0	-50.0	37.0	37.0	-30.0	4.0	14.0	100.3
20	-32.0	101.0	113.0	80.0	-12.0	14.0	-26.0	25.0	88.66
21	-128.0	127.0	103.0	-22.0	-4.0	-11.0	5.0	0.0	88.28
22	-84.0	75.0	-45.0	57.0	-31.0	13.0	-7.0	7.0	87.89
23	20.0	-104.0	-45.0	-128.0	-17.0	-9.0	23.0	5.0	86.17
24	35.0	90.0	94.0	-27.0	-12.0	-38.0	4.0	6.0	84.47
25	-5.0	-61.0	-41.0	-23.0	23.0	-16.0	12.0	3.0	85.48
26	127.0	-71.0	119.0	12.0	33.0	18.0	-35.0	-18.0	85.48
27	-81.0	-59.0	61.0	-86.0	2.0	-27.0	8.0	-5.0	86.14
28	67.0	-103.0	-21.0	127.0	-10.0	-12.0	-30.0	-17.0	84.64
29	-25.0	-45.0	-3.0	77.0	4.0	5.0	2.0	-19.0	88.28
30	122.0	127.0	60.0	11.0	-5.0	6.0	-25.0	64.0	88.56
31	15.0	-82.0	0.0	127.0	6.0	5.0	26.0	22.0	88.17
32	13.0	127.0	-99.0	-59.0	50.0	13.0	-6.0	15.0	86.74
33	62.0	-27.0	-45.0	109.0	33.0	-4.0	-12.0	-40.0	88.66
34	-41.0	51.0	-18.0	-75.0	5.0	9.0	14.0	-7.0	86.18
35	29.0	34.0	112.0	-106.0	-28.0	19.0	-17.0	-6.0	87.53
36	-38.0	-4.0	15.0	-36.0	-8.0	-8.0	6.0	20.0	87.8
37	-1.0	23.0	-11.0	-72.0	-89.0	-47.0	64.0	-15.0	81.83
38	121.0	71.0	48.0	-43.0	-2.0	17.0	50.0	-32.0	83.78
39	-2.0	-122.0	-115.0	98.0	-28.0	42.0	11.0	-10.0	81.75
40	-22.0	-110.0	3.0	-33.0	-17.0	-17.0	-12.0	29.0	75.85
41	-102.0	-61.0	18.0	-26.0	-34.0	17.0	11.0	-31.0	78.58
42	97.0	-15.0	-30.0	36.0	-15.0	12.0	-7.0	14.0	78.58
43	44.0	94.0	3.0	54.0	15.0	2.0	13.0	5.0	78.16
44	98.0	60.0	124.0	59.0	37.0	-5.0	5.0	-52.0	81.17
45	-104.0	73.0	-30.0	80.0	-9.0	-28.0	4.0	4.0	80.98
46	-92.0	-75.0	68.0	5.0	-25.0	2.0	27.0	-9.0	73.93
47	32.0	77.0	-127.0	80.0	-22.0	-3.0	9.0	7.0	62.54
48	95.0	-31.0	-68.0	-7.0	24.0	30.0	42.0	-6.0	68.08
49	-9.0	-45.0	-43.0	-23.0	9.0	-13.0	11.0	22.0	81.14
50	93.0	-94.0	109.0	16.0	23.0	-7.0	-60.0	32.0	83.42
51	76.0	127.0	9.0	20.0	-9.0	-3.0	15.0	12.0	84.64
52	-49.0	37.0	27.0	-78.0	41.0	-6.0	15.0	-11.0	84.12
53	-30.0	42.0	-15.0	115.0	20.0	12.0	-8.0	-3.0	83.18
54	-60.0	-64.0	-128.0	54.0	98.0	-23.0	-16.0	-14.0	76.15
55	52.0	118.0	-72.0	10.0	-6.0	-1.0	5.0	-3.0	74.42
56	26.0	-99.0	-19.0	6.0	-14.0	11.0	-16.0	-15.0	79.96
57	51.0	13.0	38.0	-84.0	-13.0	9.0	-10.0	10.0	62.62
58	84.0	-128.0	-74.0	-47.0	-21.0	15.0	-46.0	-26.0	62.76
59	31.0	19.0	31.0	55.0	-27.0	-7.0	-9.0	15.0	63.25
60	-67.0	-39.0	-49.0	32.0	64.0	41.0	-37.0	24.0	65.06
61	-54.0	54.0	-7.0	28.0	-11.0	23.0	12.0	2.0	76.15
62	-128.0	127.0	127.0	-111.0	29.0	3.0	34.0	12.0	63.25
63	26.0	66.0	-83.0	52.0	74.0	-1.0	-60.0	10.0	67.42
64	-83.0	22.0	118.0	12.0	15.0	4.0	35.0	-33.0	62.76
65	56.0	127.0	91.0	127.0	8.0	17.0	-59.0	28.0	58.2
66	-4.0	-79.0	-45.0	16.0	75.0	30.0	27.0	-51.0	58.11
67	-84.0	81.0	-104.0	77.0	-1.0	-10.0	-20.0	9.0	57.03
68	16.0	-29.0	4.0	3.0	15.0	8.0	24.0	8.0	59.9
69	25.0	7.0	-50.0	-16.0	24.0	-5.0	1.0	-3.0	57.03
70	127.0	52.0	-43.0	-22.0	1.0	-10.0	29.0	1.0	62.54
71	5.0	30.0	32.0	-33.0	-22.0	-61.0	12.0	-3.0	55.57
72	-116.0	35.0	-128.0	29.0	-89.0	10.0	8.0	35.0	55.57
73	-88.0	22.0	117.0	-4.0	44.0	-6.0	9.0	28.0	55.78
74	16.0	76.0	80.0	-75.0	-1.0	3.0	-4.0	-3.0	51.09
75	-128.0	-1.0	-27.0	-40.0	10.0	9.0	4.0	5.0	48.6
76	79.0	33.0	-107.0	-128.0	-15.0	18.0	-30.0	2.0	48.75
77	87.0	123.0	4.0	31.0	69.0	-22.0	1.0	43.0	62.05
78	-14.0	86.0	35.0	17.0	2.0	15.0	-1.0	-13.0	51.23
79	-7.0	-104.0	42.0	74.0	-14.0	8.0	-5.0	23.0	48.39
80	-84.0	-92.0	-125.0	-106.0	-28.0	16.0	9.0	-19.0	48.04
81	-32.0	-90.0	9.0	-98.0	-8.0	-19.0	12.0	-39.0	48.51
82	13.0	81.0	27.0	-64.0	16.0	-3.0	12.0	-29.0	48.72
83	114.0	43.0	24.0	-1.0	10.0	-10.0	18.0	26.0	51.09
84	-103.0	-23.0	-117.0	111.0	6.0	-9.0	-28.0	18.0	51.38
85	2.0	127.0	91.0	-72.0	-47.0	-17.0	-27.0	0.0	57.39
86	-128.0	16.0	9.0	-46.0	21.0	2.0	-18.0	56.0	48.51
87	63.0	35.0	10.0	-8.0	-31.0	-12.0	20.0	-15.0	48.04
