0	91.0	4.0	14.0	4.0	5.0	-5.0	27.0	-5.0	129.74
1	-11.0	-1.0	-24.0	-66.0	3.0	-12.0	5.0	-16.0	129.99
2	81.0	31.0	82.0	-2.0	10.0	29.0	5.0	2.0	130.19
3	-103.0	27.0	21.0	-13.0	-1.0	-22.0	11.0	7.0	129.74
4	102.0	65.0	-29.0	-19.0	6.0	57.0	-26.0	-27.0	125.47
5	-33.0	-59.0	30.0	-29.0	6.0	30.0	-93.0	10.0	118.11
6	51.0	86.0	1.0	18.0	-2.0	-11.0	44.0	43.0	114.33
7	-9.0	-13.0	-33.0	4.0	-1.0	-25.0	-30.0	-5.0	111.79
8	35.0	38.0	6.0	105.0	0.0	-24.0	40.0	3.0	111.79
9	-88.0	-63.0	7.0	8.0	0.0	7.0	-16.0	-46.0	105.41
10	32.0	23.0	-78.0	7.0	3.0	-22.0	-15.0	-19.0	101.46
11	62.0	-100.0	49.0	-50.0	6.0	6.0	-18.0	-12.0	96.54
12	-9.0	127.0	-23.0	-35.0	0.0	-20.0	-10.0	1.0	83.11
13	-20.0	22.0	-15.0	86.0	10.0	-11.0	-53.0	-9.0	76.4
14	29.0	11.0	-46.0	-18.0	-7.0	5.0	-25.0	-7.0	86.96
15	42.0	-3.0	26.0	62.0	4.0	-50.0	19.0	-10.0	79.87
16	-89.0	-88.0	-14.0	-16.0	-8.0	-12.0	47.0	-16.0	78.94
17	-34.0	6.0	-53.0	2.0	0.0	2.0	-61.0	-10.0	89.92
18	-98.0	2.0	-1.0	-6.0	-2.0	-5.0	-28.0	15.0	81.74
19	40.0	45.0	3.0	11.0	9.0	-2.0	-8.0	-2.0	93.45
20	45.0	53.0	-18.0	46.0	13.0	1.0	14.0	5.0	69.0
21	-114.0	-33.0	26.0	47.0	-7.0	-5.0	-4.0	20.0	72.93
22	25.0	-52.0	-72.0	-7.0	7.0	4.0	-8.0	-16.0	61.95
23	127.0	-108.0	13.0	2.0	13.0	-14.0	-9.0	-3.0	56.42
24	-36.0	-92.0	-13.0	1.0	-2.0	-19.0	-12.0	19.0	61.1
25	27.0	113.0	-39.0	-95.0	31.0	-6.0	3.0	25.0	68.25
26	79.0	-40.0	-3.0	35.0	-10.0	-28.0	-21.0	5.0	81.74
27	-91.0	-68.0	-78.0	3.0	3.0	-4.0	-40.0	-21.0	83.11
28	7.0	-53.0	-35.0	19.0	-5.0	-5.0	17.0	2.0	66.29
29	-14.0	-8.0	79.0	-1.0	5.0	-3.0	24.0	4.0	59.47
30	63.0	-79.0	-11.0	-46.0	1.0	3.0	10.0	19.0	57.16
31	49.0	-66.0	-15.0	0.0	3.0	-1.0	-3.0	-1.0	59.66
32	73.0	-29.0	-10.0	53.0	-11.0	23.0	-8.0	-6.0	58.68
33	76.0	-44.0	-69.0	7.0	0.0	0.0	59.0	25.0	57.16
34	-14.0	8.0	86.0	13.0	-8.0	-2.0	4.0	2.0	53.04
35	62.0	118.0	7.0	-77.0	-9.0	-5.0	-5.0	9.0	51.82
36	-97.0	-122.0	67.0	3.0	2.0	-16.0	-8.0	1.0	52.12
37	-97.0	-10.0	40.0	-23.0	-10.0	22.0	-24.0	-17.0	53.22
38	-45.0	41.0	-17.0	-25.0	-6.0	11.0	15.0	2.0	51.82
39	-128.0	-26.0	-13.0	58.0	-6.0	-7.0	-25.0	22.0	53.0
40	115.0	55.0	-48.0	-1.0	2.0	-3.0	45.0	-11.0	53.47
41	-44.0	-49.0	8.0	76.0	-5.0	16.0	-12.0	2.0	53.22
42	-127.0	-106.0	22.0	29.0	-3.0	18.0	1.0	-9.0	53.97
43	40.0	64.0	-5.0	66.0	-3.0	13.0	-7.0	43.0	53.36
44	44.0	-109.0	9.0	15.0	8.0	-25.0	-1.0	70.0	53.31
45	-8.0	-76.0	100.0	37.0	-10.0	6.0	15.0	31.0	54.68
46	-50.0	123.0	-99.0	14.0	-14.0	-4.0	-34.0	1.0	61.49
47	-109.0	49.0	45.0	3.0	-7.0	-22.0	36.0	-8.0	66.46
48	-104.0	-51.0	-38.0	-9.0	-4.0	-6.0	45.0	-10.0	59.66
49	120.0	70.0	38.0	63.0	1.0	1.0	-7.0	13.0	63.7
50	-18.0	-38.0	1.0	-38.0	-7.0	1.0	-40.0	22.0	63.7
51	-15.0	-44.0	-64.0	10.0	6.0	-4.0	4.0	31.0	61.49
52	-30.0	4.0	-85.0	14.0	12.0	-13.0	48.0	-3.0	76.2
53	40.0	-4.0	-8.0	18.0	-9.0	-14.0	-4.0	17.0	96.62
54	88.0	-115.0	20.0	-18.0	-13.0	-4.0	-9.0	-5.0	122.36
55	-46.0	94.0	-24.0	17.0	-11.0	8.0	18.0	-36.0	122.76
56	-112.0	32.0	-5.0	2.0	-10.0	-21.0	33.0	16.0	120.84
57	12.0	-9.0	-21.0	3.0	-12.0	12.0	15.0	2.0	118.78
58	22.0	68.0	-12.0	2.0	-10.0	-2.0	-3.0	-16.0	118.78
59	-26.0	42.0	-27.0	75.0	-16.0	-16.0	-3.0	16.0	102.42
60	-12.0	-46.0	22.0	-9.0	0.0	24.0	-45.0	5.0	96.62
61	-50.0	58.0	14.0	22.0	-1.0	2.0	54.0	14.0	92.9
62	99.0	-53.0	93.0	21.0	-1.0	10.0	-20.0	0.0	92.9
63	94.0	26.0	3.0	-22.0	2.0	45.0	46.0	32.0	99.26
64	58.0	28.0	16.0	37.0	-2.0	3.0	12.0	-13.0	105.2
65	63.0	0.0	15.0	6.0	2.0	20.0	-4.0	14.0	113.37
66	91.0	-46.0	-1.0	-14.0	2.0	-14.0	-5.0	7.0	122.76
67	23.0	-83.0	75.0	53.0	0.0	-2.0	-1.0	-36.0	128.81
68	-28.0	-4.0	-30.0	6.0	6.0	8.0	54.0	4.0	125.52
69	-43.0	-24.0	16.0	-41.0	28.0	-3.0	1.0	4.0	125.52
70	64.0	95.0	-25.0	1.0	-1.0	-7.0	-25.0	20.0	126.86
71	118.0	95.0	-36.0	0.0	-4.0	-14.0	2.0	2.0	130.15
72	-110.0	7.0	48.0	-56.0	-1.0	-17.0	-9.0	-12.0	130.52
73	97.0	-89.0	79.0	-6.0	-10.0	-22.0	1.0	2.0	130.52
74	34.0	29.0	-36.0	-4.0	4.0	-24.0	-7.0	5.0	130.5
75	5.0	86.0	106.0	-54.0	-1.0	-39.0	46.0	-11.0	129.78
