0	-5.0	49.0	-31.0	127.0	-14.0	-11.0	-64.0	27.0	86.45
1	24.0	68.0	12.0	52.0	-17.0	35.0	-50.0	26.0	74.75
2	-37.0	127.0	-17.0	-24.0	-3.0	18.0	31.0	-22.0	74.75
3	-84.0	-90.0	-7.0	-92.0	-11.0	-5.0	-32.0	-23.0	94.55
4	57.0	-14.0	-33.0	15.0	6.0	21.0	-80.0	17.0	103.64
5	-14.0	-79.0	98.0	2.0	10.0	13.0	-108.0	46.0	113.12
6	-128.0	-35.0	41.0	-128.0	0.0	15.0	53.0	-30.0	114.34
7	79.0	56.0	-20.0	17.0	-16.0	11.0	-50.0	-21.0	121.96
8	127.0	22.0	44.0	-32.0	-13.0	8.0	-58.0	-14.0	128.12
9	-9.0	82.0	69.0	104.0	-2.0	-21.0	-79.0	16.0	128.96
10	45.0	-74.0	16.0	-3.0	12.0	19.0	-60.0	6.0	128.7
11	5.0	-86.0	-76.0	13.0	6.0	-25.0	-42.0	-7.0	122.4
12	-128.0	-46.0	90.0	-128.0	6.0	-7.0	-107.0	0.0	120.36
13	-34.0	-63.0	-54.0	2.0	14.0	-13.0	-93.0	0.0	127.97
14	-68.0	94.0	4.0	99.0	6.0	6.0	9.0	74.0	128.7
15	0.0	-128.0	-2.0	-43.0	6.0	45.0	4.0	-26.0	117.38
16	-60.0	-24.0	39.0	-41.0	9.0	-9.0	1.0	2.0	101.72
17	-53.0	56.0	-128.0	10.0	-7.0	-10.0	-13.0	-65.0	115.03
18	84.0	-55.0	4.0	-128.0	6.0	-74.0	26.0	-39.0	117.38
19	114.0	-123.0	-95.0	116.0	-19.0	12.0	-40.0	13.0	103.64
20	-102.0	109.0	-66.0	-35.0	-9.0	-26.0	-24.0	-51.0	125.63
21	75.0	0.0	127.0	61.0	-2.0	11.0	-26.0	13.0	128.7
22	-64.0	-52.0	-58.0	4.0	-26.0	0.0	45.0	-21.0	125.63
23	34.0	4.0	-121.0	-14.0	-16.0	26.0	-128.0	69.0	117.59
24	-22.0	120.0	-43.0	-16.0	-13.0	12.0	-79.0	-61.0	111.41
25	-121.0	127.0	-6.0	-7.0	-16.0	35.0	2.0	65.0	97.8
26	63.0	-1.0	-8.0	-73.0	54.0	-3.0	-4.0	119.0	78.04
27	-101.0	-30.0	9.0	32.0	-19.0	84.0	83.0	40.0	63.72
28	-25.0	108.0	-80.0	1.0	6.0	17.0	-128.0	12.0	65.56
29	37.0	-128.0	12.0	-4.0	-16.0	1.0	22.0	-2.0	87.56
30	-38.0	-68.0	3.0	-17.0	10.0	3.0	-8.0	-12.0	86.55
31	-93.0	76.0	82.0	74.0	29.0	-8.0	-102.0	-21.0	60.38
32	105.0	5.0	63.0	-50.0	26.0	-22.0	51.0	20.0	65.59
33	-99.0	81.0	-1.0	22.0	-41.0	2.0	5.0	36.0	77.22
34	-108.0	75.0	53.0	97.0	20.0	-31.0	-103.0	-28.0	76.68
35	57.0	-54.0	1.0	-30.0	-5.0	0.0	65.0	-97.0	56.71
36	104.0	-16.0	-81.0	-22.0	6.0	16.0	-128.0	-41.0	67.37
37	76.0	-124.0	-57.0	-51.0	12.0	19.0	3.0	-31.0	82.81
38	-76.0	-32.0	30.0	44.0	1.0	-10.0	-72.0	65.0	88.7
39	23.0	-98.0	-3.0	-79.0	42.0	-28.0	30.0	-8.0	77.22
40	-61.0	57.0	-41.0	22.0	-7.0	0.0	-40.0	-16.0	86.45
41	-7.0	-24.0	23.0	-9.0	2.0	-27.0	127.0	26.0	64.66
42	89.0	-16.0	79.0	-92.0	-1.0	-5.0	13.0	18.0	55.43
43	107.0	-61.0	-6.0	-78.0	-12.0	-15.0	16.0	-26.0	53.3
44	-90.0	124.0	-118.0	-9.0	-52.0	-1.0	-48.0	0.0	51.18
45	79.0	-114.0	-128.0	88.0	7.0	2.0	18.0	-42.0	45.08
46	-128.0	-23.0	3.0	-30.0	3.0	23.0	34.0	29.0	47.33
47	0.0	63.0	0.0	21.0	8.0	-30.0	-128.0	12.0	43.8
48	71.0	110.0	-6.0	-11.0	-19.0	-13.0	-57.0	36.0	43.4
49	117.0	-91.0	36.0	95.0	2.0	18.0	-19.0	-51.0	43.64
50	28.0	-74.0	127.0	27.0	-2.0	-41.0	21.0	8.0	43.8
51	-93.0	3.0	2.0	23.0	19.0	-11.0	-4.0	27.0	45.04
52	-8.0	127.0	-87.0	35.0	-11.0	17.0	35.0	13.0	43.77
53	-9.0	-128.0	123.0	-97.0	7.0	-5.0	-94.0	27.0	43.32
54	-75.0	-42.0	-19.0	-36.0	-10.0	9.0	-23.0	0.0	43.32
55	55.0	94.0	29.0	-14.0	1.0	11.0	-25.0	-45.0	44.17
56	-80.0	-63.0	-6.0	14.0	35.0	-89.0	-66.0	4.0	48.73
57	48.0	-8.0	-123.0	9.0	4.0	25.0	-103.0	-35.0	49.12
58	-128.0	-106.0	74.0	-9.0	29.0	-55.0	68.0	4.0	47.33
59	127.0	104.0	-111.0	-26.0	13.0	-30.0	-59.0	25.0	44.72
60	-57.0	127.0	-90.0	-37.0	-8.0	0.0	-95.0	-92.0	46.99
61	15.0	-51.0	18.0	-47.0	-4.0	-35.0	-30.0	84.0	44.17
62	-17.0	29.0	-74.0	-55.0	-13.0	19.0	-37.0	-25.0	45.67
63	34.0	38.0	-36.0	14.0	-12.0	-51.0	58.0	-29.0	51.18
64	1.0	-100.0	9.0	50.0	0.0	-2.0	25.0	12.0	63.72
65	-125.0	-110.0	46.0	-128.0	26.0	30.0	21.0	-7.0	92.15
66	-70.0	0.0	-15.0	127.0	5.0	16.0	13.0	-93.0	97.14
67	-17.0	-73.0	-20.0	-6.0	18.0	30.0	-110.0	9.0	87.56
68	127.0	42.0	23.0	-17.0	-2.0	8.0	-21.0	15.0	94.92
69	1.0	-19.0	-89.0	64.0	6.0	21.0	-48.0	50.0	92.15
70	29.0	-109.0	82.0	-5.0	-4.0	-35.0	33.0	55.0	80.56
71	-64.0	-85.0	-3.0	127.0	-6.0	31.0	35.0	6.0	85.29
72	-7.0	39.0	2.0	12.0	5.0	28.0	-66.0	-27.0	73.71
73	-42.0	8.0	-25.0	59.0	-35.0	14.0	-6.0	-51.0	59.77
74	46.0	16.0	-27.0	5.0	-2.0	-4.0	68.0	-87.0	59.77
75	-127.0	-39.0	120.0	-26.0	-85.0	-15.0	-37.0	51.0	67.37
76	127.0	-128.0	-41.0	-51.0	3.0	98.0	35.0	-13.0	69.62
77	-27.0	44.0	-12.0	-25.0	4.0	2.0	-37.0	-10.0	82.46
78	55.0	-92.0	18.0	-109.0	-12.0	30.0	39.0	98.0	94.92
