0	-84.0	94.0	-76.0	-73.0	1.0	-13.0	9.0	20.0	86.45
1	23.0	68.0	120.0	23.0	-19.0	-15.0	33.0	29.0	82.46
2	76.0	-30.0	-87.0	-128.0	14.0	-27.0	-95.0	55.0	82.81
3	-99.0	-73.0	-90.0	15.0	12.0	12.0	16.0	0.0	80.56
4	89.0	-128.0	9.0	32.0	-7.0	31.0	-25.0	-93.0	78.04
5	-76.0	49.0	9.0	127.0	6.0	-89.0	-66.0	119.0	76.68
6	45.0	3.0	-20.0	-9.0	13.0	28.0	51.0	-28.0	65.56
7	-64.0	94.0	-3.0	-36.0	35.0	-10.0	-48.0	-7.0	63.72
8	1.0	8.0	79.0	99.0	26.0	25.0	127.0	26.0	55.43
9	-121.0	-24.0	74.0	-51.0	-19.0	19.0	-107.0	-16.0	53.3
10	-42.0	-109.0	23.0	-22.0	0.0	-2.0	-48.0	-29.0	45.08
11	-80.0	-19.0	-95.0	27.0	12.0	-35.0	18.0	-22.0	44.17
12	107.0	-16.0	-8.0	-128.0	-12.0	12.0	35.0	2.0	51.18
13	-38.0	-14.0	12.0	2.0	-2.0	-55.0	39.0	-39.0	51.18
14	-70.0	42.0	2.0	17.0	-2.0	11.0	-19.0	-42.0	44.17
15	-9.0	124.0	36.0	-14.0	-16.0	2.0	-60.0	13.0	43.64
16	34.0	-91.0	-6.0	-50.0	-10.0	-30.0	-8.0	98.0	43.32
17	-64.0	-8.0	-6.0	-51.0	-3.0	23.0	1.0	27.0	43.32
18	127.0	-90.0	-3.0	1.0	7.0	13.0	-128.0	-7.0	43.8
19	-101.0	-63.0	-15.0	-30.0	29.0	19.0	34.0	25.0	43.77
20	-5.0	-86.0	-25.0	22.0	-4.0	-25.0	26.0	-45.0	45.67
21	0.0	-39.0	-80.0	12.0	20.0	9.0	22.0	-41.0	49.12
22	-93.0	-55.0	0.0	-25.0	-12.0	-51.0	-26.0	-87.0	47.33
23	84.0	127.0	29.0	-17.0	6.0	-4.0	35.0	65.0	45.04
24	-53.0	-106.0	12.0	35.0	-2.0	-74.0	-66.0	4.0	47.33
25	57.0	-23.0	2.0	-6.0	6.0	-1.0	-40.0	50.0	43.8
26	-22.0	57.0	-27.0	-5.0	2.0	35.0	-50.0	26.0	43.4
27	63.0	-61.0	-57.0	-32.0	-17.0	11.0	58.0	-51.0	46.99
28	75.0	-114.0	-74.0	88.0	3.0	2.0	-13.0	9.0	56.71
29	-75.0	76.0	82.0	10.0	-6.0	6.0	-30.0	-21.0	59.77
30	-128.0	-51.0	-17.0	59.0	8.0	18.0	-94.0	27.0	44.72
31	29.0	5.0	123.0	-11.0	54.0	17.0	68.0	15.0	48.73
32	-25.0	-100.0	23.0	-16.0	6.0	-5.0	45.0	-35.0	59.77
33	-34.0	110.0	-118.0	-128.0	6.0	-5.0	-59.0	-12.0	60.38
34	-17.0	127.0	82.0	-37.0	-41.0	0.0	13.0	36.0	63.72
35	71.0	-128.0	-2.0	14.0	0.0	16.0	-110.0	8.0	74.75
36	-37.0	-54.0	-36.0	9.0	7.0	-26.0	25.0	-51.0	65.59
37	79.0	75.0	-33.0	-3.0	4.0	-28.0	-79.0	65.0	67.37
38	15.0	-74.0	-123.0	2.0	5.0	0.0	-23.0	17.0	67.37
39	55.0	-123.0	46.0	-97.0	26.0	21.0	-57.0	46.0	64.66
40	-128.0	56.0	53.0	-78.0	1.0	-7.0	-108.0	-26.0	77.22
41	57.0	82.0	-128.0	116.0	5.0	30.0	-42.0	-61.0	73.71
42	-125.0	108.0	98.0	-9.0	-11.0	-21.0	-6.0	51.0	69.62
43	-127.0	-52.0	-66.0	61.0	-16.0	11.0	-72.0	16.0	74.75
44	-8.0	-68.0	16.0	22.0	10.0	-22.0	68.0	4.0	77.22
45	127.0	44.0	-31.0	97.0	-52.0	14.0	-128.0	0.0	88.7
46	5.0	22.0	-19.0	14.0	3.0	-5.0	-40.0	-97.0	87.56
47	-7.0	16.0	-12.0	50.0	-19.0	-11.0	21.0	-92.0	103.64
48	-108.0	-35.0	-1.0	-35.0	-13.0	16.0	-103.0	13.0	94.55
49	-27.0	0.0	-20.0	5.0	-12.0	-15.0	-37.0	-31.0	120.36
50	-93.0	56.0	-111.0	13.0	6.0	-10.0	-4.0	69.0	127.97
51	0.0	-128.0	127.0	-9.0	-13.0	2.0	-24.0	-23.0	113.12
52	114.0	-42.0	90.0	-92.0	4.0	-41.0	2.0	-21.0	121.96
53	24.0	-32.0	4.0	-24.0	-85.0	0.0	-58.0	12.0	122.4
54	46.0	63.0	69.0	104.0	-5.0	-3.0	65.0	74.0	128.7
55	-128.0	-79.0	63.0	-26.0	-13.0	1.0	30.0	6.0	128.96
56	105.0	38.0	-43.0	-55.0	-2.0	8.0	35.0	18.0	128.7
57	55.0	-46.0	18.0	-109.0	10.0	26.0	4.0	-21.0	128.7
58	-9.0	120.0	-54.0	127.0	6.0	-30.0	-128.0	13.0	125.63
59	-14.0	-124.0	-7.0	-92.0	29.0	45.0	-102.0	6.0	114.34
60	-61.0	-24.0	-89.0	-47.0	9.0	8.0	-32.0	-14.0	97.8
61	-68.0	4.0	30.0	-26.0	19.0	98.0	13.0	0.0	94.92
62	28.0	-92.0	-41.0	-14.0	-7.0	0.0	-93.0	0.0	92.15
63	127.0	-16.0	-81.0	-43.0	6.0	-31.0	83.0	-8.0	97.14
64	48.0	104.0	3.0	52.0	-26.0	35.0	-4.0	12.0	94.92
65	34.0	81.0	-41.0	4.0	42.0	15.0	5.0	40.0	128.12
66	-57.0	109.0	-58.0	21.0	2.0	84.0	-64.0	-2.0	117.38
67	37.0	127.0	-128.0	-17.0	-11.0	3.0	53.0	84.0	117.38
68	-102.0	39.0	127.0	64.0	-16.0	30.0	21.0	-65.0	111.41
69	-17.0	-1.0	3.0	-79.0	-16.0	19.0	-37.0	-25.0	125.63
70	1.0	-98.0	-121.0	-4.0	-8.0	30.0	-79.0	-51.0	117.59
71	-90.0	-74.0	39.0	44.0	6.0	18.0	-21.0	27.0	92.15
72	104.0	127.0	-6.0	-41.0	-14.0	-13.0	-128.0	-30.0	115.03
73	127.0	-63.0	18.0	127.0	-4.0	17.0	3.0	-27.0	103.64
74	-128.0	0.0	41.0	-30.0	-2.0	-35.0	-103.0	-26.0	85.29
75	-60.0	-128.0	1.0	-7.0	-9.0	21.0	-37.0	36.0	87.56
76	117.0	29.0	44.0	95.0	-1.0	-11.0	31.0	12.0	101.72
77	-7.0	-110.0	4.0	-128.0	18.0	-9.0	-50.0	-10.0	86.45
78	79.0	-85.0	-6.0	74.0	-35.0	-8.0	-80.0	-13.0	86.55
