0	-72.0	67.0	5.0	4.0	0.0	-8.0	25.0	20.0	131.59
1	-10.0	3.0	8.0	-2.0	1.0	-4.0	6.0	58.0	129.98
2	-4.0	-5.0	-79.0	-7.0	-14.0	0.0	-3.0	-4.0	131.51
3	42.0	45.0	-2.0	-3.0	23.0	7.0	5.0	3.0	129.95
4	-19.0	22.0	118.0	-8.0	-2.0	-10.0	-3.0	-12.0	124.75
5	-64.0	37.0	-3.0	2.0	60.0	12.0	2.0	32.0	109.62
6	-21.0	-93.0	2.0	12.0	17.0	27.0	10.0	-16.0	123.29
7	47.0	64.0	22.0	-7.0	-3.0	5.0	-5.0	27.0	131.59
8	18.0	17.0	51.0	-6.0	-18.0	-2.0	5.0	-24.0	129.9
9	-5.0	22.0	-2.0	15.0	2.0	4.0	1.0	-10.0	116.29
10	11.0	10.0	-55.0	2.0	-3.0	7.0	-27.0	14.0	95.4
11	-53.0	-42.0	3.0	-13.0	3.0	1.0	5.0	0.0	93.02
12	-9.0	-40.0	-21.0	40.0	28.0	-2.0	9.0	-1.0	89.98
13	-18.0	1.0	15.0	-6.0	-3.0	11.0	-1.0	-2.0	86.94
14	-16.0	53.0	55.0	-8.0	2.0	-1.0	-2.0	11.0	67.36
15	-13.0	-11.0	-2.0	-2.0	10.0	0.0	-6.0	-39.0	58.06
16	-32.0	60.0	12.0	-7.0	7.0	8.0	9.0	-14.0	65.75
17	2.0	-48.0	41.0	1.0	-8.0	-7.0	-6.0	15.0	58.06
18	-65.0	-10.0	46.0	-11.0	-10.0	-2.0	10.0	13.0	82.49
19	-4.0	-28.0	-2.0	58.0	1.0	-19.0	7.0	3.0	69.73
20	-4.0	66.0	-5.0	35.0	-2.0	4.0	-1.0	-10.0	61.96
21	29.0	92.0	7.0	-33.0	4.0	-11.0	-4.0	-19.0	57.56
22	-4.0	30.0	-9.0	-4.0	3.0	-3.0	12.0	-18.0	50.76
23	-4.0	-15.0	31.0	2.0	9.0	-3.0	16.0	10.0	51.99
24	16.0	-28.0	16.0	9.0	21.0	0.0	0.0	10.0	56.13
25	-21.0	75.0	-17.0	-50.0	-5.0	-1.0	-2.0	5.0	51.12
26	-28.0	18.0	-57.0	-15.0	-2.0	-8.0	9.0	11.0	47.38
27	9.0	-87.0	55.0	58.0	67.0	9.0	-6.0	-8.0	57.28
28	-50.0	-78.0	-33.0	22.0	-12.0	6.0	-12.0	-1.0	54.14
29	72.0	-5.0	-2.0	24.0	0.0	5.0	5.0	-2.0	45.44
30	-7.0	-27.0	-18.0	13.0	17.0	-4.0	7.0	18.0	46.84
31	16.0	22.0	54.0	-12.0	2.0	11.0	-8.0	34.0	54.13
32	-68.0	44.0	-128.0	-9.0	-7.0	-10.0	2.0	-2.0	49.76
33	-7.0	0.0	18.0	37.0	0.0	-5.0	0.0	0.0	52.03
34	-14.0	-41.0	44.0	-3.0	-7.0	2.0	-1.0	-14.0	49.63
35	-23.0	108.0	-49.0	-11.0	-18.0	-6.0	2.0	28.0	55.63
36	-20.0	-56.0	22.0	-15.0	-3.0	-4.0	-12.0	-9.0	46.84
37	58.0	-41.0	17.0	113.0	-11.0	0.0	-3.0	-12.0	47.38
38	1.0	-15.0	-12.0	-67.0	70.0	10.0	-3.0	16.0	50.34
39	16.0	54.0	-9.0	-13.0	8.0	0.0	13.0	-10.0	48.07
40	-33.0	-21.0	6.0	-1.0	-35.0	3.0	3.0	27.0	52.13
41	-8.0	21.0	6.0	-5.0	-1.0	0.0	25.0	21.0	54.13
42	-58.0	-11.0	18.0	-3.0	-2.0	-2.0	4.0	5.0	70.6
43	1.0	-92.0	7.0	13.0	-1.0	-1.0	-1.0	34.0	76.04
44	-24.0	119.0	28.0	35.0	-8.0	10.0	-1.0	62.0	67.36
45	-11.0	9.0	-14.0	-1.0	5.0	2.0	1.0	28.0	94.12
46	34.0	0.0	-19.0	-3.0	14.0	-4.0	-2.0	-37.0	57.56
47	54.0	29.0	-11.0	56.0	7.0	5.0	8.0	-53.0	84.0
48	-10.0	17.0	79.0	-23.0	7.0	-16.0	-3.0	-26.0	77.26
49	53.0	-40.0	23.0	-4.0	-11.0	19.0	-9.0	-5.0	76.04
50	11.0	-56.0	-3.0	-7.0	-4.0	7.0	33.0	1.0	61.5
51	55.0	-45.0	20.0	5.0	15.0	3.0	-10.0	18.0	93.02
52	-45.0	-24.0	8.0	9.0	5.0	3.0	-9.0	-11.0	101.17
53	-58.0	-32.0	-97.0	9.0	11.0	-5.0	-3.0	-9.0	131.58
54	-24.0	19.0	0.0	7.0	-4.0	-5.0	3.0	6.0	133.22
55	14.0	-11.0	-2.0	110.0	-3.0	20.0	-7.0	10.0	128.64
56	25.0	16.0	75.0	1.0	-1.0	-1.0	24.0	-31.0	128.18
57	-21.0	68.0	1.0	-36.0	3.0	-3.0	11.0	-18.0	123.9
58	38.0	37.0	127.0	-18.0	1.0	6.0	-7.0	-2.0	125.55
59	-19.0	-118.0	0.0	-5.0	-7.0	-11.0	0.0	55.0	111.29
60	-42.0	-66.0	-25.0	13.0	-1.0	-4.0	-1.0	-3.0	128.18
61	-58.0	-20.0	14.0	22.0	10.0	-7.0	-2.0	15.0	138.7
62	17.0	-8.0	3.0	12.0	14.0	5.0	-17.0	20.0	133.22
63	-3.0	-101.0	-2.0	-13.0	4.0	14.0	-6.0	-16.0	104.59
64	-1.0	14.0	-4.0	-8.0	-3.0	8.0	-12.0	17.0	118.64
65	-70.0	21.0	-2.0	0.0	7.0	7.0	-1.0	59.0	110.41
66	-5.0	12.0	72.0	44.0	-2.0	5.0	15.0	-11.0	101.17
67	102.0	-16.0	8.0	-13.0	-8.0	-10.0	-6.0	0.0	95.4
68	1.0	10.0	-82.0	-13.0	-1.0	-6.0	7.0	15.0	97.08
69	-68.0	44.0	7.0	4.0	-27.0	1.0	3.0	8.0	114.5
70	-3.0	-16.0	20.0	0.0	0.0	9.0	10.0	17.0	129.98
71	-12.0	8.0	49.0	-69.0	7.0	-6.0	-7.0	-3.0	121.63
72	-7.0	63.0	-11.0	-2.0	30.0	-2.0	-12.0	-19.0	121.63
73	2.0	-79.0	42.0	23.0	-36.0	26.0	-6.0	3.0	104.92
74	-6.0	-107.0	16.0	-56.0	4.0	0.0	9.0	-9.0	131.05
75	-6.0	119.0	-7.0	17.0	17.0	0.0	15.0	9.0	118.64
