0	-2.0	23.0	0.0	-2.0	-1.0	4.0	2.0	1.0	99.42
1	18.0	-30.0	66.0	-14.0	7.0	23.0	-13.0	34.0	115.69
2	44.0	-49.0	14.0	-15.0	-2.0	-10.0	3.0	4.0	110.18
3	-109.0	45.0	3.0	-32.0	-8.0	-37.0	-18.0	-15.0	105.86
4	43.0	11.0	-21.0	92.0	-2.0	6.0	-8.0	-13.0	95.65
5	6.0	6.0	22.0	38.0	-5.0	4.0	-5.0	-12.0	91.23
6	0.0	-55.0	-8.0	2.0	-5.0	-13.0	7.0	-5.0	84.91
7	-14.0	-13.0	23.0	15.0	-9.0	4.0	13.0	7.0	81.94
8	7.0	-106.0	74.0	-10.0	0.0	29.0	-3.0	19.0	63.8
9	-87.0	29.0	-55.0	-105.0	4.0	-2.0	1.0	31.0	58.78
10	-25.0	21.0	45.0	-23.0	12.0	-10.0	-3.0	-6.0	58.33
11	42.0	21.0	-13.0	96.0	-8.0	-18.0	10.0	-6.0	71.88
12	19.0	-70.0	5.0	-7.0	5.0	-52.0	-5.0	-14.0	65.56
13	-17.0	6.0	-109.0	3.0	15.0	-33.0	36.0	-10.0	81.94
14	46.0	-10.0	-64.0	125.0	-3.0	-6.0	36.0	9.0	71.88
15	-63.0	22.0	63.0	22.0	6.0	26.0	-25.0	1.0	61.23
16	27.0	69.0	12.0	-17.0	-2.0	-21.0	-1.0	6.0	63.8
17	-105.0	-47.0	38.0	-8.0	-8.0	0.0	-2.0	-12.0	62.18
18	50.0	28.0	62.0	-81.0	0.0	1.0	-13.0	4.0	78.81
19	-86.0	41.0	-58.0	18.0	18.0	4.0	-1.0	-2.0	58.33
20	-128.0	-51.0	-56.0	-34.0	-14.0	-16.0	1.0	-22.0	55.38
21	40.0	80.0	56.0	2.0	-2.0	6.0	-12.0	-19.0	55.38
22	126.0	107.0	-25.0	-2.0	-16.0	18.0	-11.0	-14.0	55.06
23	-54.0	60.0	-14.0	-8.0	-11.0	-7.0	3.0	2.0	54.97
24	43.0	-98.0	83.0	10.0	-3.0	5.0	21.0	-8.0	53.47
25	2.0	-26.0	-59.0	11.0	6.0	24.0	1.0	-17.0	53.33
26	64.0	-128.0	18.0	87.0	3.0	17.0	-3.0	-16.0	52.8
27	101.0	41.0	3.0	39.0	-3.0	16.0	-21.0	1.0	53.33
28	84.0	-19.0	42.0	-1.0	1.0	7.0	-35.0	-7.0	54.17
29	127.0	73.0	-100.0	-71.0	18.0	8.0	-34.0	1.0	54.17
30	-20.0	69.0	11.0	-11.0	8.0	-12.0	-6.0	6.0	54.18
31	-48.0	-37.0	11.0	6.0	-5.0	-13.0	-10.0	-11.0	54.81
32	17.0	-25.0	-20.0	-18.0	2.0	5.0	2.0	6.0	52.57
33	-112.0	-53.0	48.0	14.0	2.0	-28.0	3.0	4.0	53.88
34	-57.0	-128.0	105.0	-66.0	10.0	3.0	-5.0	-12.0	54.11
35	-33.0	-17.0	4.0	9.0	-2.0	-6.0	21.0	7.0	53.47
36	-16.0	34.0	-108.0	4.0	2.0	12.0	-9.0	4.0	54.93
37	-59.0	-30.0	24.0	22.0	-9.0	-8.0	9.0	-3.0	55.06
38	-19.0	56.0	-41.0	-5.0	8.0	33.0	-24.0	5.0	55.23
39	90.0	-37.0	-44.0	5.0	-4.0	-11.0	2.0	-1.0	56.85
40	98.0	127.0	15.0	-5.0	2.0	7.0	-11.0	-1.0	66.93
41	126.0	1.0	24.0	-26.0	-4.0	9.0	19.0	-4.0	74.4
42	71.0	84.0	-24.0	4.0	6.0	9.0	3.0	4.0	79.32
43	64.0	-118.0	114.0	-99.0	11.0	6.0	17.0	3.0	69.0
44	104.0	-58.0	35.0	-13.0	-16.0	-4.0	14.0	29.0	78.81
45	-113.0	-33.0	16.0	10.0	-10.0	-5.0	13.0	7.0	75.38
46	-42.0	10.0	-12.0	-13.0	-3.0	-5.0	18.0	12.0	83.13
47	-31.0	-18.0	-32.0	13.0	-1.0	29.0	10.0	-15.0	87.16
48	28.0	-117.0	-2.0	-8.0	-4.0	-39.0	-28.0	20.0	89.66
49	46.0	-112.0	-80.0	41.0	8.0	-2.0	-9.0	3.0	99.42
50	-5.0	64.0	-12.0	22.0	5.0	4.0	-12.0	-6.0	91.23
51	20.0	-17.0	44.0	111.0	-8.0	-14.0	-6.0	-3.0	100.53
52	-20.0	91.0	27.0	-30.0	10.0	-6.0	9.0	5.0	93.71
53	-7.0	70.0	-13.0	-105.0	-10.0	-13.0	9.0	-11.0	112.83
54	10.0	122.0	48.0	-9.0	-20.0	-9.0	3.0	-5.0	111.4
55	-14.0	17.0	-21.0	-6.0	2.0	18.0	-62.0	2.0	96.27
56	-67.0	50.0	-25.0	-19.0	1.0	4.0	-1.0	-28.0	105.45
57	21.0	28.0	-8.0	28.0	5.0	3.0	-12.0	-15.0	91.73
58	21.0	-128.0	-24.0	-2.0	-8.0	-5.0	-1.0	1.0	110.18
59	113.0	-78.0	26.0	-4.0	0.0	-21.0	3.0	10.0	107.58
60	15.0	127.0	-15.0	39.0	3.0	-5.0	12.0	-2.0	111.4
61	-71.0	-106.0	-16.0	16.0	-1.0	-15.0	10.0	21.0	119.09
62	-43.0	-1.0	-32.0	-29.0	1.0	13.0	8.0	10.0	124.91
63	66.0	25.0	-16.0	-1.0	3.0	-8.0	1.0	-21.0	124.75
64	-42.0	-44.0	-12.0	31.0	1.0	-14.0	6.0	-15.0	124.88
65	42.0	53.0	114.0	-55.0	-12.0	-3.0	23.0	7.0	118.97
66	14.0	-87.0	43.0	9.0	0.0	16.0	-2.0	-19.0	124.88
67	-10.0	123.0	20.0	93.0	-8.0	7.0	-16.0	20.0	120.28
68	-26.0	-32.0	18.0	31.0	-8.0	24.0	-14.0	15.0	125.04
69	15.0	-65.0	-80.0	-95.0	2.0	2.0	-10.0	3.0	124.75
70	-59.0	87.0	2.0	4.0	7.0	24.0	-8.0	12.0	124.21
71	-111.0	122.0	90.0	-22.0	-4.0	4.0	-5.0	16.0	122.76
72	-42.0	87.0	38.0	-3.0	9.0	7.0	5.0	-7.0	121.62
73	-3.0	17.0	90.0	-1.0	11.0	-5.0	-18.0	-13.0	121.62
74	-52.0	-25.0	-19.0	-14.0	2.0	5.0	-13.0	-6.0	118.97
75	70.0	-23.0	-71.0	-67.0	5.0	-19.0	35.0	-5.0	116.06
76	99.0	-94.0	-1.0	13.0	5.0	-5.0	-6.0	-3.0	102.35
77	-18.0	-6.0	32.0	111.0	3.0	3.0	23.0	-5.0	87.05
78	127.0	17.0	4.0	-9.0	-9.0	-2.0	3.0	18.0	89.66
