0	37.0	88.0	11.0	-8.0	8.0	6.0	13.0	15.0	70.85
1	-10.0	3.0	71.0	5.0	2.0	-26.0	0.0	-34.0	80.47
2	49.0	127.0	-63.0	-29.0	0.0	26.0	-15.0	-2.0	91.78
3	127.0	-86.0	16.0	-28.0	-3.0	19.0	5.0	9.0	87.7
4	-88.0	-68.0	80.0	3.0	-1.0	0.0	5.0	-26.0	97.02
5	-112.0	-65.0	-39.0	-17.0	20.0	31.0	24.0	-15.0	93.2
6	-97.0	26.0	5.0	37.0	-5.0	8.0	23.0	-25.0	63.56
7	60.0	-37.0	-16.0	-3.0	-15.0	-5.0	-8.0	6.0	81.94
8	-128.0	-9.0	-13.0	-19.0	-4.0	-16.0	6.0	12.0	57.43
9	-17.0	-71.0	13.0	127.0	16.0	-2.0	1.0	-2.0	56.25
10	-93.0	30.0	127.0	1.0	0.0	7.0	16.0	-27.0	55.0
11	41.0	5.0	-128.0	-10.0	-13.0	55.0	82.0	7.0	51.61
12	87.0	-128.0	-39.0	-71.0	-8.0	-5.0	7.0	-4.0	51.61
13	-63.0	-52.0	-7.0	-14.0	-6.0	-8.0	26.0	4.0	50.55
14	-11.0	12.0	-33.0	-34.0	1.0	3.0	-12.0	21.0	50.36
15	36.0	-17.0	-38.0	68.0	-11.0	15.0	21.0	-7.0	53.27
16	74.0	18.0	74.0	-49.0	4.0	-8.0	-12.0	39.0	50.55
17	19.0	-12.0	-36.0	-74.0	7.0	-22.0	-4.0	36.0	52.92
18	-5.0	19.0	43.0	127.0	-10.0	16.0	-64.0	-6.0	50.22
19	-128.0	-70.0	127.0	-4.0	0.0	6.0	12.0	-30.0	50.76
20	125.0	120.0	-58.0	6.0	-5.0	12.0	43.0	-8.0	43.49
21	-13.0	-116.0	-17.0	-111.0	-2.0	38.0	1.0	-30.0	50.28
22	102.0	-72.0	20.0	-24.0	0.0	-28.0	-13.0	-14.0	55.0
23	73.0	127.0	8.0	65.0	-8.0	6.0	-11.0	6.0	56.25
24	43.0	52.0	-128.0	127.0	10.0	-5.0	11.0	9.0	55.43
25	33.0	70.0	93.0	-87.0	-1.0	18.0	32.0	19.0	63.51
26	68.0	102.0	-43.0	13.0	-6.0	24.0	6.0	1.0	55.43
27	-12.0	19.0	-35.0	2.0	13.0	3.0	-8.0	34.0	61.04
28	-24.0	19.0	95.0	-17.0	-12.0	6.0	0.0	-8.0	56.58
29	35.0	-40.0	49.0	-128.0	-8.0	15.0	-9.0	3.0	59.39
30	127.0	18.0	-61.0	65.0	-5.0	32.0	-33.0	20.0	57.82
31	22.0	-92.0	78.0	-79.0	-8.0	-9.0	9.0	8.0	78.42
32	89.0	-9.0	-32.0	-79.0	1.0	9.0	-21.0	-16.0	59.39
33	127.0	25.0	-53.0	31.0	-4.0	-11.0	-26.0	-8.0	59.68
34	-40.0	-21.0	-4.0	-59.0	-20.0	2.0	13.0	19.0	65.6
35	-16.0	80.0	-1.0	-67.0	-14.0	-24.0	45.0	-11.0	60.92
36	-28.0	-50.0	-1.0	10.0	16.0	19.0	-23.0	4.0	70.85
37	-76.0	-70.0	-128.0	119.0	-4.0	69.0	-14.0	49.0	61.56
38	4.0	-98.0	6.0	106.0	-15.0	9.0	-1.0	-11.0	61.56
39	127.0	127.0	-8.0	-12.0	-8.0	-45.0	-17.0	-34.0	63.56
40	-12.0	-1.0	7.0	-19.0	16.0	-4.0	-13.0	37.0	91.78
41	-128.0	-66.0	-43.0	-86.0	3.0	-17.0	-4.0	-7.0	80.47
42	114.0	5.0	29.0	4.0	18.0	8.0	57.0	24.0	78.42
43	4.0	0.0	95.0	26.0	-5.0	2.0	1.0	-21.0	97.13
44	-41.0	-67.0	3.0	-34.0	11.0	-40.0	4.0	2.0	100.02
45	127.0	76.0	-75.0	-69.0	-12.0	-16.0	-10.0	9.0	105.16
46	-40.0	-98.0	-43.0	39.0	8.0	7.0	-6.0	-21.0	110.2
47	-1.0	51.0	40.0	-32.0	17.0	-11.0	16.0	-22.0	112.13
48	-121.0	-93.0	7.0	-3.0	2.0	13.0	21.0	-11.0	114.44
49	-4.0	-40.0	-24.0	21.0	4.0	38.0	25.0	-9.0	117.19
50	22.0	-8.0	-19.0	-40.0	19.0	-15.0	-5.0	-1.0	118.65
51	45.0	46.0	80.0	-31.0	-22.0	1.0	32.0	10.0	117.86
52	-11.0	-30.0	-21.0	-7.0	9.0	-6.0	89.0	-1.0	117.12
53	-90.0	48.0	68.0	-16.0	-4.0	7.0	-14.0	-5.0	118.76
54	95.0	-67.0	-38.0	-23.0	3.0	-6.0	-3.0	-20.0	117.86
55	-90.0	-71.0	-120.0	127.0	-10.0	-3.0	3.0	-2.0	119.21
56	15.0	55.0	85.0	-19.0	-5.0	-14.0	-17.0	1.0	111.09
57	126.0	77.0	2.0	-17.0	-6.0	17.0	69.0	60.0	112.13
58	-73.0	19.0	43.0	14.0	23.0	-13.0	-5.0	-25.0	114.38
59	-25.0	29.0	-50.0	14.0	-3.0	55.0	-3.0	17.0	117.19
60	11.0	-11.0	-12.0	-118.0	-6.0	-8.0	-8.0	-28.0	105.16
61	127.0	61.0	-51.0	-25.0	-4.0	-16.0	11.0	-26.0	105.04
62	-82.0	75.0	2.0	52.0	-4.0	-25.0	-19.0	9.0	89.03
63	-104.0	-47.0	-103.0	-10.0	1.0	12.0	-17.0	19.0	93.2
64	-81.0	8.0	-2.0	-15.0	-10.0	-12.0	-22.0	-69.0	105.04
65	-81.0	-67.0	-23.0	18.0	17.0	-6.0	-12.0	17.0	100.02
66	72.0	127.0	32.0	-29.0	8.0	-24.0	-16.0	31.0	107.08
67	127.0	7.0	-68.0	-2.0	1.0	-16.0	6.0	24.0	102.54
68	-74.0	10.0	66.0	-3.0	-2.0	0.0	-9.0	10.0	85.42
69	-76.0	-3.0	3.0	-43.0	9.0	-5.0	11.0	42.0	94.6
70	-49.0	127.0	19.0	21.0	7.0	-21.0	3.0	0.0	99.38
71	-73.0	-3.0	18.0	-14.0	-1.0	11.0	4.0	-37.0	90.03
72	106.0	-21.0	-99.0	-26.0	-3.0	-9.0	-4.0	-1.0	85.3
73	-69.0	-83.0	-104.0	28.0	19.0	-17.0	-4.0	-10.0	74.93
74	-4.0	75.0	-50.0	-13.0	2.0	4.0	28.0	-21.0	72.44
75	-24.0	95.0	4.0	-4.0	31.0	-17.0	30.0	-2.0	76.82
76	43.0	-128.0	-15.0	58.0	-1.0	-8.0	26.0	19.0	74.15
77	-75.0	-47.0	-104.0	-16.0	8.0	-5.0	-3.0	-7.0	60.14
78	127.0	98.0	-38.0	-128.0	-5.0	-40.0	-2.0	-2.0	67.76
