0	6.0	-11.0	104.0	-29.0	-4.0	-1.0	10.0	-2.0	127.2
1	-1.0	-12.0	38.0	-15.0	-2.0	1.0	-7.0	23.0	128.82
2	-14.0	-21.0	-21.0	-4.0	-7.0	9.0	1.0	12.0	114.13
3	-10.0	10.0	-4.0	7.0	19.0	-7.0	-4.0	-2.0	116.64
4	-48.0	7.0	-76.0	86.0	6.0	-1.0	-1.0	-14.0	104.89
5	-15.0	32.0	99.0	-10.0	-2.0	-17.0	-1.0	-10.0	86.85
6	15.0	16.0	11.0	-30.0	2.0	3.0	14.0	14.0	102.21
7	39.0	-21.0	11.0	30.0	3.0	5.0	-13.0	4.0	113.21
8	6.0	-17.0	1.0	3.0	-14.0	9.0	-3.0	-2.0	131.46
9	1.0	7.0	-40.0	-14.0	4.0	-11.0	-2.0	-5.0	128.82
10	84.0	1.0	-28.0	32.0	-5.0	-26.0	0.0	-11.0	87.08
11	48.0	-17.0	4.0	-39.0	6.0	17.0	22.0	18.0	78.21
12	-14.0	-4.0	-14.0	-22.0	-2.0	1.0	3.0	25.0	104.89
13	-25.0	-10.0	-11.0	38.0	21.0	15.0	-4.0	-3.0	125.99
14	-54.0	8.0	3.0	-11.0	3.0	4.0	3.0	-5.0	134.68
15	-26.0	-28.0	-34.0	-4.0	7.0	-9.0	-4.0	3.0	132.91
16	-4.0	-2.0	63.0	-2.0	-1.0	-18.0	4.0	0.0	131.46
17	24.0	89.0	-2.0	-13.0	-6.0	-6.0	3.0	0.0	117.71
18	-6.0	-4.0	21.0	-31.0	-7.0	-13.0	2.0	-15.0	130.4
19	17.0	-24.0	-10.0	103.0	3.0	21.0	0.0	-11.0	131.45
20	-112.0	-17.0	-49.0	118.0	-15.0	-7.0	2.0	7.0	134.68
21	2.0	28.0	-26.0	-36.0	2.0	-24.0	-11.0	-10.0	131.44
22	-5.0	12.0	53.0	-8.0	-10.0	16.0	4.0	17.0	131.14
23	-40.0	-16.0	24.0	-69.0	0.0	23.0	12.0	11.0	114.13
24	-48.0	-25.0	70.0	-7.0	22.0	4.0	-11.0	-14.0	122.18
25	31.0	-52.0	-4.0	-9.0	1.0	14.0	10.0	0.0	105.48
26	26.0	10.0	-64.0	18.0	4.0	20.0	15.0	7.0	91.28
27	-32.0	-26.0	127.0	-13.0	12.0	-5.0	-12.0	-3.0	77.65
28	-25.0	-6.0	0.0	-61.0	2.0	-5.0	-28.0	10.0	77.96
29	-38.0	44.0	6.0	96.0	-2.0	-3.0	-10.0	-6.0	106.5
30	-12.0	50.0	0.0	-2.0	-3.0	3.0	19.0	-2.0	77.96
31	-26.0	-20.0	-14.0	-26.0	30.0	3.0	8.0	-12.0	87.08
32	-37.0	84.0	-17.0	17.0	5.0	2.0	-4.0	-21.0	68.25
33	39.0	-94.0	-6.0	1.0	7.0	-13.0	6.0	2.0	69.57
34	-2.0	-56.0	-47.0	-18.0	-12.0	4.0	-3.0	7.0	77.65
35	76.0	-34.0	2.0	16.0	-8.0	7.0	3.0	3.0	68.25
36	27.0	-33.0	-4.0	-40.0	-2.0	-4.0	12.0	-23.0	59.72
37	-16.0	9.0	-78.0	20.0	-2.0	0.0	-12.0	-9.0	47.88
38	-34.0	-24.0	116.0	1.0	-8.0	-24.0	0.0	25.0	45.26
39	-18.0	-4.0	30.0	-42.0	-4.0	-1.0	6.0	17.0	38.7
40	-23.0	-18.0	-42.0	-13.0	15.0	3.0	-17.0	8.0	43.59
41	-1.0	-57.0	62.0	12.0	0.0	-4.0	-3.0	-44.0	44.06
42	102.0	34.0	-1.0	-17.0	-2.0	14.0	-12.0	-11.0	41.2
43	-16.0	-5.0	-5.0	-33.0	-7.0	11.0	-12.0	6.0	48.12
44	31.0	-38.0	49.0	9.0	1.0	7.0	4.0	4.0	50.05
45	-39.0	67.0	-9.0	2.0	23.0	8.0	-8.0	-2.0	44.06
46	-103.0	17.0	-3.0	8.0	-13.0	-1.0	-3.0	20.0	42.98
47	48.0	-20.0	10.0	-11.0	-6.0	-11.0	3.0	-3.0	48.12
48	50.0	19.0	-16.0	-56.0	10.0	-1.0	15.0	-11.0	45.26
49	11.0	110.0	-15.0	127.0	-8.0	-1.0	1.0	11.0	39.91
50	-12.0	-128.0	-1.0	22.0	17.0	0.0	9.0	-1.0	38.09
51	-33.0	-96.0	-8.0	-17.0	0.0	-7.0	3.0	-19.0	59.72
52	46.0	30.0	-49.0	-24.0	1.0	6.0	0.0	-3.0	50.03
53	-6.0	127.0	-11.0	44.0	-35.0	-8.0	2.0	-16.0	53.08
54	5.0	53.0	66.0	-124.0	-3.0	-2.0	-6.0	-2.0	37.65
55	-34.0	-42.0	16.0	-7.0	-3.0	-11.0	7.0	30.0	37.61
56	-119.0	52.0	13.0	-89.0	13.0	2.0	12.0	-8.0	37.91
57	-8.0	8.0	-24.0	-20.0	-3.0	-5.0	3.0	1.0	44.45
58	55.0	2.0	-12.0	-11.0	-3.0	6.0	4.0	-15.0	37.91
59	16.0	68.0	-22.0	-19.0	-4.0	-5.0	0.0	-7.0	41.2
60	21.0	-47.0	-12.0	-2.0	-18.0	19.0	-15.0	-12.0	44.47
61	6.0	-17.0	-62.0	78.0	-6.0	6.0	1.0	12.0	38.09
62	5.0	14.0	9.0	-10.0	21.0	5.0	4.0	-7.0	58.84
63	-17.0	-110.0	-10.0	70.0	10.0	3.0	7.0	28.0	56.29
64	-31.0	-9.0	71.0	-8.0	10.0	3.0	-9.0	-1.0	60.63
65	-9.0	65.0	-8.0	-98.0	-2.0	-6.0	8.0	8.0	63.67
66	93.0	-1.0	57.0	29.0	-5.0	18.0	-8.0	-2.0	64.56
67	7.0	-9.0	9.0	-12.0	8.0	0.0	12.0	9.0	65.4
68	-18.0	8.0	-23.0	52.0	2.0	-4.0	10.0	-12.0	60.63
69	37.0	106.0	-79.0	20.0	2.0	26.0	3.0	-5.0	76.47
70	-9.0	31.0	-3.0	42.0	-12.0	3.0	12.0	-5.0	73.41
71	-8.0	6.0	0.0	-19.0	-3.0	-16.0	-7.0	-4.0	97.07
72	-23.0	46.0	9.0	-14.0	-13.0	-1.0	1.0	-7.0	97.07
73	7.0	99.0	-69.0	30.0	4.0	-3.0	5.0	-18.0	95.47
74	5.0	-11.0	17.0	1.0	8.0	8.0	5.0	5.0	111.23
75	17.0	-17.0	11.0	-128.0	7.0	6.0	-4.0	15.0	110.1
76	10.0	-29.0	-24.0	2.0	-2.0	-13.0	2.0	6.0	116.64
77	-79.0	-34.0	-11.0	-59.0	-16.0	-5.0	-15.0	-9.0	127.2
78	49.0	23.0	-99.0	16.0	4.0	-1.0	-16.0	-7.0	130.4
79	-28.0	-48.0	-128.0	107.0	1.0	14.0	0.0	-9.0	131.12
