0	-87.0	-4.0	47.0	-7.0	-13.0	-7.0	15.0	-1.0	42.77
1	4.0	-4.0	-104.0	10.0	-5.0	-1.0	-41.0	-33.0	43.36
2	-12.0	116.0	-78.0	-1.0	20.0	-1.0	1.0	48.0	42.54
3	-110.0	-49.0	0.0	-18.0	6.0	1.0	-16.0	1.0	43.36
4	-36.0	43.0	-32.0	22.0	-13.0	-10.0	-46.0	-16.0	54.31
5	-13.0	-80.0	21.0	-43.0	10.0	2.0	58.0	53.0	62.59
6	-110.0	124.0	21.0	6.0	15.0	2.0	5.0	-42.0	67.89
7	38.0	-28.0	-12.0	-1.0	-4.0	6.0	-83.0	-78.0	83.6
8	-50.0	40.0	-17.0	-50.0	1.0	4.0	-10.0	36.0	90.11
9	34.0	-36.0	-22.0	-4.0	0.0	-4.0	3.0	-13.0	86.08
10	30.0	-78.0	-11.0	-16.0	-7.0	-4.0	51.0	-23.0	65.86
11	-42.0	-21.0	24.0	-2.0	-15.0	9.0	12.0	11.0	43.66
12	53.0	-70.0	2.0	15.0	-2.0	4.0	3.0	10.0	45.11
13	52.0	-55.0	11.0	1.0	-10.0	-22.0	-10.0	39.0	55.73
14	13.0	113.0	-3.0	10.0	-5.0	-1.0	-29.0	-37.0	78.24
15	-96.0	-38.0	-3.0	-5.0	10.0	5.0	-8.0	-17.0	82.46
16	26.0	59.0	5.0	-3.0	7.0	8.0	19.0	8.0	72.65
17	-22.0	35.0	-13.0	-4.0	0.0	6.0	5.0	29.0	54.31
18	67.0	69.0	-12.0	-2.0	3.0	-12.0	-22.0	17.0	72.33
19	24.0	16.0	-62.0	6.0	-7.0	6.0	3.0	6.0	67.89
20	-34.0	-13.0	3.0	-18.0	6.0	-7.0	-8.0	43.0	59.14
21	-73.0	121.0	14.0	-2.0	-3.0	10.0	-20.0	70.0	81.56
22	77.0	-59.0	-4.0	17.0	-6.0	0.0	-13.0	18.0	82.46
23	65.0	-3.0	-17.0	3.0	119.0	-1.0	24.0	4.0	92.34
24	-33.0	-49.0	1.0	82.0	-4.0	-3.0	-49.0	22.0	94.14
25	38.0	127.0	-4.0	2.0	-5.0	-15.0	-14.0	-21.0	97.91
26	13.0	-51.0	2.0	-81.0	10.0	0.0	19.0	48.0	114.1
27	1.0	25.0	15.0	28.0	-15.0	11.0	-13.0	-14.0	120.07
28	-44.0	-62.0	38.0	-1.0	-13.0	6.0	-56.0	23.0	126.09
29	-37.0	-10.0	-13.0	-38.0	-21.0	0.0	-6.0	-48.0	127.6
30	57.0	13.0	10.0	-2.0	6.0	-1.0	-28.0	8.0	136.09
31	-6.0	27.0	80.0	20.0	3.0	3.0	-6.0	4.0	137.08
32	-2.0	-36.0	-59.0	-113.0	19.0	-2.0	13.0	1.0	137.19
33	-33.0	18.0	49.0	21.0	-5.0	-81.0	37.0	-6.0	137.08
34	9.0	1.0	29.0	30.0	-6.0	0.0	8.0	30.0	134.77
35	16.0	114.0	3.0	-37.0	4.0	30.0	-27.0	53.0	135.22
36	-59.0	3.0	-1.0	56.0	0.0	-10.0	-13.0	-13.0	136.32
37	-2.0	20.0	-20.0	0.0	-1.0	5.0	11.0	13.0	134.77
38	-108.0	40.0	1.0	-3.0	-1.0	2.0	32.0	91.0	136.88
39	-22.0	-7.0	-30.0	-5.0	10.0	-7.0	-14.0	-20.0	135.22
40	56.0	20.0	4.0	-2.0	7.0	-10.0	-3.0	-12.0	123.78
41	6.0	-1.0	6.0	20.0	-15.0	-5.0	-21.0	62.0	121.29
42	50.0	-40.0	-30.0	13.0	15.0	-4.0	10.0	-25.0	121.29
43	-38.0	-54.0	-18.0	-51.0	12.0	8.0	-3.0	40.0	123.82
44	3.0	18.0	-18.0	-7.0	3.0	-6.0	-14.0	-16.0	134.22
45	64.0	35.0	-58.0	-46.0	-30.0	4.0	-22.0	68.0	132.92
46	26.0	-127.0	11.0	10.0	4.0	1.0	-3.0	-53.0	130.59
47	-29.0	-4.0	-59.0	0.0	5.0	10.0	-30.0	-1.0	132.92
48	9.0	22.0	3.0	6.0	12.0	6.0	37.0	8.0	131.82
49	25.0	-37.0	-37.0	11.0	-3.0	8.0	25.0	14.0	120.07
50	-62.0	13.0	4.0	0.0	-3.0	-9.0	-18.0	39.0	115.8
51	13.0	30.0	111.0	-6.0	-3.0	4.0	-53.0	-9.0	109.94
52	70.0	-63.0	-66.0	-3.0	29.0	1.0	-43.0	29.0	105.28
53	-16.0	15.0	109.0	67.0	18.0	-5.0	30.0	-31.0	108.9
54	-35.0	23.0	8.0	-13.0	-7.0	5.0	30.0	14.0	92.34
55	-87.0	-54.0	-7.0	-3.0	-46.0	-8.0	-78.0	0.0	97.91
56	-54.0	22.0	25.0	45.0	-11.0	0.0	18.0	18.0	90.11
57	-26.0	-24.0	-24.0	5.0	-1.0	-1.0	8.0	-58.0	109.94
58	63.0	-17.0	-14.0	10.0	-7.0	-4.0	1.0	20.0	117.27
59	84.0	-49.0	5.0	42.0	4.0	-5.0	50.0	-40.0	104.01
60	4.0	-2.0	-26.0	-43.0	-6.0	34.0	-5.0	-22.0	88.69
61	56.0	6.0	14.0	-3.0	-1.0	-14.0	19.0	-2.0	72.33
62	33.0	-61.0	-26.0	4.0	-3.0	-10.0	-8.0	6.0	69.23
63	12.0	36.0	-2.0	3.0	1.0	-18.0	-23.0	-65.0	75.18
64	20.0	1.0	6.0	-19.0	6.0	-5.0	-20.0	24.0	64.5
65	-15.0	-21.0	8.0	6.0	3.0	17.0	-2.0	22.0	46.92
66	23.0	36.0	1.0	5.0	8.0	4.0	-37.0	-66.0	52.17
67	-84.0	4.0	-4.0	-52.0	-11.0	-4.0	5.0	38.0	62.59
68	-26.0	7.0	-19.0	82.0	-17.0	92.0	16.0	-4.0	60.49
69	-71.0	17.0	17.0	-8.0	7.0	10.0	-8.0	-23.0	48.15
70	71.0	-73.0	-17.0	-111.0	-3.0	-28.0	9.0	-90.0	55.73
71	20.0	66.0	7.0	-30.0	-7.0	4.0	-15.0	-6.0	56.86
72	2.0	-18.0	-5.0	-13.0	5.0	-11.0	-13.0	71.0	46.14
73	63.0	-9.0	6.0	1.0	-27.0	-7.0	-5.0	-25.0	48.26
74	32.0	-42.0	-9.0	-5.0	119.0	3.0	6.0	-12.0	50.95
75	-1.0	14.0	-11.0	41.0	-31.0	-5.0	-11.0	14.0	46.92
76	-39.0	31.0	25.0	109.0	-6.0	1.0	15.0	-3.0	45.85
77	127.0	-33.0	-19.0	-39.0	31.0	5.0	33.0	28.0	48.26
78	26.0	-6.0	36.0	-43.0	-8.0	17.0	-23.0	-41.0	44.23
79	-6.0	54.0	9.0	32.0	5.0	-13.0	14.0	27.0	43.66
