0	-11.0	-41.0	10.0	3.0	-11.0	2.0	2.0	-15.0	142.07
1	4.0	-19.0	-10.0	-1.0	-1.0	0.0	-3.0	-1.0	147.16
2	0.0	1.0	0.0	11.0	0.0	1.0	0.0	0.0	145.44
3	34.0	-1.0	-1.0	0.0	-7.0	0.0	-2.0	-4.0	144.59
4	-6.0	-1.0	0.0	3.0	-4.0	2.0	2.0	1.0	144.29
5	-2.0	-20.0	2.0	0.0	0.0	-4.0	-6.0	2.0	127.69
6	34.0	40.0	-7.0	-4.0	-7.0	-7.0	0.0	8.0	128.08
7	3.0	1.0	0.0	-4.0	13.0	-4.0	0.0	-4.0	129.01
8	-1.0	13.0	-2.0	-3.0	1.0	2.0	2.0	32.0	129.72
9	8.0	-21.0	-4.0	3.0	0.0	-7.0	1.0	1.0	128.85
10	11.0	-12.0	-2.0	-17.0	2.0	-3.0	11.0	0.0	132.5
11	-28.0	-3.0	38.0	0.0	-15.0	2.0	-2.0	-1.0	132.21
12	-24.0	-43.0	0.0	-7.0	7.0	-4.0	7.0	-21.0	141.8
13	-26.0	-26.0	0.0	5.0	5.0	0.0	-4.0	1.0	144.5
14	6.0	2.0	16.0	-5.0	11.0	-1.0	-1.0	-19.0	132.5
15	2.0	32.0	0.0	-4.0	-10.0	1.0	1.0	-9.0	144.29
16	14.0	-7.0	-2.0	26.0	6.0	4.0	-2.0	-2.0	151.0
17	-1.0	-47.0	0.0	-5.0	-2.0	0.0	7.0	-8.0	151.0
18	6.0	52.0	-3.0	0.0	-7.0	0.0	4.0	-1.0	150.32
19	-38.0	28.0	4.0	-4.0	0.0	2.0	-7.0	-24.0	149.71
20	-19.0	10.0	-3.0	2.0	0.0	4.0	-1.0	4.0	149.63
21	87.0	-7.0	-1.0	4.0	-1.0	-8.0	-3.0	-8.0	154.72
22	43.0	-6.0	0.0	4.0	-7.0	-3.0	-3.0	0.0	158.79
23	-1.0	8.0	1.0	11.0	-2.0	0.0	2.0	71.0	158.89
24	0.0	27.0	-13.0	-5.0	3.0	-9.0	1.0	18.0	161.85
25	-13.0	8.0	3.0	1.0	-9.0	-3.0	-3.0	4.0	161.25
26	-56.0	2.0	-6.0	-16.0	-3.0	11.0	-3.0	13.0	152.59
27	35.0	-5.0	2.0	-3.0	-1.0	-4.0	-1.0	1.0	161.85
28	3.0	8.0	-4.0	1.0	1.0	1.0	-2.0	-10.0	162.1
29	-18.0	-11.0	31.0	-16.0	0.0	-4.0	-1.0	6.0	160.39
30	5.0	22.0	7.0	12.0	9.0	4.0	-4.0	-70.0	157.04
31	2.0	2.0	-3.0	-1.0	20.0	-2.0	-3.0	9.0	161.25
32	-7.0	-3.0	5.0	4.0	-4.0	3.0	1.0	3.0	164.07
33	0.0	27.0	-4.0	14.0	2.0	2.0	2.0	-4.0	163.15
34	48.0	25.0	5.0	1.0	-3.0	10.0	2.0	6.0	162.83
35	-10.0	-1.0	-7.0	13.0	-6.0	-1.0	3.0	-4.0	164.08
36	-29.0	0.0	-5.0	-4.0	-1.0	0.0	-3.0	-19.0	164.49
37	-22.0	-58.0	-5.0	-6.0	-10.0	-1.0	-2.0	-14.0	164.49
38	2.0	-19.0	-2.0	-4.0	-1.0	-3.0	2.0	3.0	163.41
39	4.0	-8.0	-3.0	-2.0	2.0	-6.0	0.0	-4.0	162.83
40	-6.0	23.0	-5.0	1.0	-2.0	-1.0	-2.0	-5.0	164.09
41	2.0	-46.0	-4.0	-7.0	0.0	-1.0	1.0	64.0	164.09
42	-37.0	70.0	-2.0	17.0	0.0	2.0	0.0	16.0	163.16
43	35.0	-16.0	-5.0	8.0	-5.0	9.0	-4.0	-12.0	163.15
44	-86.0	2.0	-11.0	0.0	-13.0	-3.0	-3.0	34.0	162.08
45	-5.0	5.0	7.0	8.0	5.0	1.0	-8.0	-1.0	158.11
46	7.0	1.0	-9.0	-3.0	0.0	-2.0	0.0	27.0	149.63
47	52.0	-99.0	-3.0	3.0	1.0	0.0	-7.0	1.0	147.16
48	17.0	-24.0	13.0	2.0	0.0	-1.0	1.0	17.0	157.04
49	23.0	-103.0	-5.0	-8.0	4.0	2.0	14.0	-1.0	155.25
50	39.0	-22.0	1.0	-1.0	0.0	-4.0	12.0	0.0	161.02
51	2.0	92.0	-14.0	-2.0	-5.0	4.0	2.0	-4.0	161.52
52	27.0	14.0	-2.0	-4.0	1.0	7.0	2.0	0.0	158.79
53	4.0	-51.0	1.0	-9.0	0.0	-2.0	8.0	-25.0	147.26
54	-17.0	16.0	1.0	1.0	-5.0	-1.0	-5.0	1.0	134.55
55	-2.0	12.0	7.0	-2.0	-17.0	-1.0	0.0	0.0	132.62
56	0.0	-2.0	-2.0	0.0	1.0	-8.0	-1.0	-7.0	140.05
57	2.0	13.0	-3.0	5.0	6.0	-1.0	1.0	7.0	139.82
58	75.0	11.0	0.0	1.0	3.0	-1.0	0.0	3.0	131.96
59	-18.0	-32.0	-7.0	-2.0	16.0	3.0	3.0	-7.0	127.69
60	7.0	-3.0	2.0	-1.0	-2.0	-3.0	-3.0	-4.0	126.77
61	-3.0	4.0	-8.0	3.0	-2.0	4.0	-15.0	-13.0	120.4
62	-5.0	1.0	-1.0	-3.0	-4.0	0.0	0.0	0.0	124.96
63	-116.0	-19.0	-20.0	-13.0	-2.0	-3.0	-10.0	-5.0	127.5
64	9.0	-1.0	-11.0	-4.0	-3.0	-8.0	-9.0	-7.0	118.69
65	-32.0	-5.0	5.0	2.0	1.0	-4.0	1.0	3.0	118.69
66	95.0	-58.0	-11.0	-1.0	-3.0	-1.0	-1.0	2.0	124.96
67	30.0	-7.0	-3.0	29.0	1.0	-4.0	15.0	1.0	130.48
68	2.0	57.0	18.0	2.0	16.0	5.0	-2.0	3.0	142.07
69	86.0	1.0	1.0	-17.0	7.0	0.0	4.0	-2.0	132.62
70	3.0	-1.0	0.0	14.0	0.0	-1.0	-6.0	4.0	146.16
71	-9.0	41.0	10.0	-17.0	-1.0	-6.0	6.0	-3.0	132.77
72	3.0	-1.0	-9.0	7.0	-8.0	1.0	-2.0	4.0	129.51
73	4.0	4.0	0.0	-16.0	-4.0	-1.0	-1.0	1.0	129.3
74	-5.0	-3.0	-6.0	-8.0	4.0	-8.0	1.0	-6.0	128.85
75	-25.0	31.0	-37.0	0.0	2.0	11.0	5.0	22.0	129.72
76	-72.0	-1.0	-2.0	2.0	3.0	-1.0	-1.0	-13.0	128.33
77	5.0	12.0	0.0	-5.0	10.0	1.0	-4.0	-2.0	140.03
