0	-53.0	-117.0	54.0	-32.0	1.0	-9.0	16.0	26.0	57.51
1	19.0	-13.0	-56.0	-14.0	-8.0	9.0	121.0	15.0	55.37
2	-45.0	21.0	-57.0	6.0	-3.0	10.0	-22.0	-7.0	55.25
3	-105.0	-24.0	-25.0	-1.0	24.0	35.0	16.0	5.0	54.43
4	-11.0	-22.0	8.0	-17.0	-14.0	12.0	-21.0	7.0	55.08
5	51.0	34.0	-128.0	15.0	9.0	-7.0	-10.0	-16.0	54.05
6	22.0	94.0	-17.0	23.0	-10.0	-9.0	116.0	1.0	52.92
7	117.0	-17.0	-76.0	21.0	-47.0	4.0	-18.0	29.0	54.01
8	-81.0	12.0	15.0	60.0	-26.0	-12.0	-24.0	-18.0	54.05
9	21.0	53.0	13.0	-26.0	3.0	19.0	-5.0	7.0	53.52
10	-71.0	-87.0	-83.0	-66.0	-10.0	-14.0	-60.0	-6.0	54.01
11	-52.0	55.0	2.0	0.0	7.0	13.0	110.0	14.0	51.88
12	68.0	-19.0	-47.0	13.0	11.0	1.0	-81.0	38.0	51.96
13	35.0	-20.0	-68.0	-23.0	-6.0	-28.0	4.0	-9.0	52.35
14	-51.0	57.0	127.0	31.0	-5.0	-40.0	19.0	43.0	51.67
15	-119.0	-23.0	21.0	33.0	7.0	-10.0	-4.0	-1.0	51.67
16	-46.0	127.0	-28.0	-86.0	4.0	26.0	8.0	-32.0	51.76
17	-95.0	-128.0	-4.0	127.0	-6.0	-6.0	-45.0	25.0	52.63
18	-15.0	4.0	13.0	-125.0	-21.0	-40.0	-11.0	27.0	52.92
19	53.0	87.0	-26.0	-78.0	1.0	27.0	110.0	-19.0	54.89
20	-24.0	38.0	-32.0	-56.0	17.0	-25.0	-53.0	6.0	58.19
21	127.0	-125.0	-17.0	79.0	3.0	-29.0	-7.0	72.0	60.46
22	-74.0	-56.0	-13.0	17.0	32.0	8.0	-27.0	-23.0	62.94
23	127.0	51.0	7.0	-35.0	-9.0	30.0	-38.0	-27.0	70.33
24	-79.0	5.0	13.0	-6.0	-13.0	14.0	57.0	-28.0	73.02
25	55.0	-41.0	-22.0	46.0	-5.0	15.0	-11.0	7.0	80.1
26	121.0	27.0	64.0	-105.0	-15.0	-41.0	-24.0	-29.0	64.75
27	-94.0	-75.0	127.0	-2.0	34.0	-43.0	-25.0	10.0	62.94
28	58.0	8.0	-2.0	-25.0	5.0	-23.0	6.0	-25.0	60.66
29	-3.0	-37.0	-128.0	50.0	10.0	-20.0	-19.0	65.0	72.15
30	21.0	104.0	-13.0	12.0	-14.0	26.0	5.0	-8.0	86.3
31	125.0	7.0	26.0	38.0	-6.0	-13.0	-9.0	5.0	86.3
32	-128.0	43.0	77.0	0.0	-16.0	7.0	-69.0	1.0	84.87
33	-75.0	17.0	4.0	-21.0	2.0	-12.0	-38.0	48.0	89.58
34	-53.0	-73.0	90.0	3.0	30.0	10.0	52.0	0.0	94.68
35	1.0	-37.0	-22.0	-2.0	2.0	-2.0	73.0	14.0	87.79
36	-98.0	-40.0	-3.0	-6.0	7.0	34.0	8.0	-46.0	93.36
37	7.0	83.0	0.0	-8.0	-10.0	-7.0	-49.0	-55.0	89.56
38	-16.0	127.0	-30.0	-5.0	-12.0	-20.0	-35.0	24.0	96.93
39	38.0	10.0	-2.0	13.0	-1.0	25.0	67.0	-19.0	99.93
40	39.0	-111.0	23.0	33.0	-3.0	-12.0	-10.0	68.0	93.88
41	37.0	45.0	-16.0	69.0	8.0	12.0	39.0	-9.0	102.76
42	66.0	42.0	-46.0	14.0	19.0	-19.0	-128.0	-30.0	105.94
43	-60.0	95.0	19.0	-18.0	8.0	-19.0	-35.0	27.0	109.01
44	-14.0	6.0	4.0	53.0	-38.0	-11.0	17.0	-26.0	111.41
45	7.0	39.0	13.0	-48.0	-7.0	22.0	53.0	18.0	115.74
46	-128.0	-30.0	-63.0	-30.0	6.0	0.0	-33.0	20.0	116.49
47	-59.0	-88.0	33.0	19.0	1.0	7.0	66.0	43.0	116.49
48	11.0	-9.0	8.0	-128.0	4.0	-11.0	-13.0	-17.0	119.4
49	3.0	20.0	76.0	2.0	-7.0	4.0	-72.0	2.0	120.71
50	11.0	-50.0	47.0	1.0	-8.0	14.0	-20.0	-17.0	124.73
51	43.0	68.0	-124.0	-13.0	-5.0	-59.0	-25.0	-24.0	127.8
52	127.0	-42.0	-19.0	27.0	6.0	-15.0	-5.0	-38.0	125.07
53	-88.0	-39.0	14.0	2.0	-1.0	4.0	43.0	-9.0	129.37
54	0.0	81.0	4.0	75.0	0.0	-20.0	-24.0	2.0	129.37
55	7.0	58.0	-110.0	93.0	3.0	16.0	42.0	-25.0	124.73
56	-4.0	44.0	-40.0	-61.0	13.0	-33.0	15.0	-51.0	121.17
57	-29.0	29.0	-23.0	41.0	-8.0	-29.0	-7.0	-8.0	122.82
58	-82.0	16.0	28.0	-60.0	-13.0	-11.0	-95.0	54.0	119.18
59	-111.0	-76.0	-16.0	-2.0	-23.0	21.0	8.0	7.0	119.18
60	-110.0	-122.0	100.0	56.0	3.0	7.0	-31.0	-47.0	118.55
61	3.0	-106.0	-10.0	16.0	6.0	-3.0	55.0	22.0	106.25
62	62.0	47.0	-10.0	8.0	3.0	9.0	34.0	-12.0	114.2
63	7.0	-119.0	76.0	11.0	-6.0	-56.0	17.0	3.0	105.94
64	-71.0	-3.0	6.0	-128.0	-5.0	22.0	32.0	-7.0	94.68
65	-51.0	38.0	-102.0	127.0	-22.0	13.0	-10.0	12.0	102.76
66	68.0	-35.0	88.0	33.0	23.0	-45.0	-9.0	-9.0	91.8
67	44.0	81.0	-7.0	78.0	-1.0	62.0	4.0	64.0	97.56
68	52.0	4.0	21.0	-51.0	14.0	19.0	-45.0	-17.0	100.15
69	-125.0	84.0	16.0	-128.0	-10.0	-41.0	-52.0	-45.0	96.49
70	118.0	-83.0	-9.0	10.0	1.0	4.0	-73.0	-18.0	89.56
71	108.0	38.0	97.0	-42.0	15.0	-22.0	-53.0	-25.0	81.31
72	-91.0	-38.0	37.0	20.0	-6.0	-16.0	127.0	-10.0	76.99
73	76.0	-116.0	-5.0	-49.0	-7.0	-15.0	-10.0	3.0	76.79
74	68.0	68.0	13.0	-13.0	-5.0	23.0	-23.0	-4.0	73.02
75	-127.0	39.0	-124.0	29.0	-5.0	-4.0	6.0	0.0	60.46
76	-86.0	-35.0	20.0	-115.0	8.0	33.0	-44.0	-12.0	65.51
