0	67.0	19.0	0.0	-4.0	-6.0	3.0	-3.0	11.0	66.44
1	2.0	7.0	-25.0	28.0	10.0	-9.0	6.0	-7.0	66.44
2	-17.0	-63.0	-16.0	5.0	7.0	-12.0	5.0	-11.0	52.36
3	1.0	-23.0	45.0	86.0	0.0	-11.0	9.0	-14.0	51.81
4	40.0	-14.0	18.0	-62.0	4.0	11.0	0.0	18.0	46.92
5	1.0	-99.0	16.0	-17.0	10.0	-12.0	-13.0	-25.0	51.81
6	-18.0	-87.0	-4.0	-37.0	-19.0	1.0	9.0	10.0	58.96
7	-5.0	1.0	54.0	16.0	-9.0	9.0	0.0	15.0	64.04
8	-18.0	-71.0	83.0	30.0	-4.0	-14.0	-14.0	12.0	52.43
9	-10.0	60.0	-40.0	-15.0	11.0	-6.0	13.0	-1.0	49.95
10	49.0	74.0	-61.0	20.0	-2.0	-8.0	105.0	18.0	49.13
11	39.0	15.0	2.0	72.0	-6.0	29.0	5.0	19.0	55.6
12	-19.0	30.0	10.0	-20.0	-6.0	-22.0	-12.0	-21.0	80.87
13	-16.0	-35.0	26.0	-20.0	-11.0	-7.0	-11.0	-10.0	54.14
14	16.0	-24.0	25.0	-108.0	1.0	-20.0	1.0	-9.0	47.01
15	-8.0	61.0	-31.0	0.0	18.0	20.0	15.0	4.0	49.25
16	9.0	-23.0	-32.0	124.0	0.0	-19.0	6.0	-10.0	51.81
17	17.0	-62.0	-74.0	17.0	-17.0	-3.0	-14.0	-20.0	50.94
18	15.0	-66.0	0.0	-99.0	-22.0	-24.0	1.0	-26.0	46.7
19	-10.0	-12.0	33.0	-31.0	-5.0	9.0	-7.0	16.0	46.33
20	43.0	-72.0	120.0	-24.0	25.0	6.0	25.0	-22.0	54.14
21	-12.0	62.0	-34.0	11.0	-7.0	-2.0	68.0	-6.0	46.7
22	-39.0	29.0	-22.0	-13.0	0.0	17.0	11.0	-17.0	47.01
23	-43.0	-15.0	-49.0	49.0	-9.0	-18.0	-1.0	-12.0	46.26
24	-72.0	67.0	-10.0	-20.0	-6.0	-2.0	-2.0	-14.0	62.12
25	-45.0	-51.0	28.0	-109.0	-13.0	-10.0	-4.0	0.0	47.96
26	13.0	-15.0	3.0	-7.0	-5.0	1.0	7.0	5.0	47.68
27	-48.0	46.0	-11.0	-29.0	-7.0	1.0	-8.0	-17.0	46.71
28	32.0	45.0	-4.0	-5.0	-18.0	-22.0	-22.0	-18.0	64.04
29	-1.0	56.0	-31.0	-15.0	-1.0	3.0	-6.0	0.0	47.88
30	-98.0	10.0	-16.0	-27.0	-7.0	-4.0	4.0	39.0	50.94
31	-1.0	-25.0	-7.0	-26.0	-6.0	8.0	17.0	31.0	50.54
32	17.0	60.0	-67.0	-16.0	-9.0	9.0	-9.0	-4.0	46.92
33	-61.0	21.0	-15.0	-14.0	17.0	-22.0	-10.0	9.0	71.21
34	-20.0	-4.0	49.0	-15.0	-8.0	1.0	25.0	3.0	70.14
35	6.0	27.0	42.0	-5.0	-10.0	3.0	1.0	3.0	75.32
36	-18.0	-54.0	-15.0	-34.0	23.0	-18.0	6.0	3.0	79.42
37	28.0	-77.0	-16.0	5.0	-7.0	7.0	1.0	23.0	80.07
38	25.0	18.0	1.0	35.0	11.0	-1.0	5.0	2.0	82.0
39	-1.0	26.0	-51.0	-5.0	-4.0	0.0	-9.0	-6.0	90.1
40	50.0	-8.0	-3.0	110.0	6.0	1.0	1.0	-10.0	108.18
41	19.0	-2.0	3.0	-9.0	-9.0	-11.0	-20.0	33.0	102.77
42	28.0	27.0	44.0	5.0	8.0	-13.0	3.0	1.0	118.84
43	82.0	-6.0	17.0	36.0	-6.0	18.0	9.0	-9.0	111.79
44	-3.0	-5.0	52.0	-7.0	26.0	3.0	-16.0	-5.0	126.64
45	-68.0	63.0	2.0	-89.0	-9.0	1.0	9.0	-7.0	130.76
46	-18.0	38.0	22.0	0.0	10.0	-4.0	5.0	0.0	131.86
47	-54.0	-7.0	11.0	-14.0	4.0	-18.0	10.0	19.0	133.1
48	-2.0	40.0	-31.0	-8.0	12.0	15.0	-16.0	-7.0	135.64
49	-54.0	-22.0	107.0	-2.0	10.0	1.0	-4.0	19.0	135.64
50	118.0	-3.0	-1.0	7.0	-16.0	4.0	21.0	4.0	134.99
51	-72.0	-51.0	-5.0	-13.0	5.0	-7.0	-5.0	45.0	130.43
52	52.0	-45.0	14.0	-11.0	-11.0	-14.0	-7.0	9.0	130.43
53	78.0	-14.0	3.0	-3.0	5.0	-4.0	20.0	9.0	130.12
54	-22.0	63.0	-6.0	-6.0	3.0	15.0	5.0	5.0	130.12
55	125.0	26.0	-3.0	1.0	15.0	4.0	-1.0	-37.0	128.34
56	-77.0	73.0	-61.0	-24.0	0.0	-1.0	-3.0	-11.0	127.98
57	29.0	18.0	63.0	72.0	6.0	1.0	2.0	-13.0	126.64
58	-24.0	-40.0	-63.0	29.0	6.0	-8.0	-36.0	-19.0	119.76
59	11.0	-26.0	26.0	-27.0	-9.0	32.0	16.0	11.0	113.55
60	18.0	-24.0	68.0	42.0	-2.0	-12.0	-18.0	-24.0	99.39
61	-39.0	-39.0	2.0	-2.0	-1.0	-2.0	-17.0	-9.0	102.77
62	-21.0	20.0	18.0	2.0	3.0	-1.0	11.0	-16.0	118.84
63	-58.0	-1.0	-4.0	-29.0	-9.0	25.0	-19.0	7.0	123.89
64	40.0	-14.0	25.0	10.0	-7.0	2.0	2.0	39.0	122.57
65	-13.0	32.0	1.0	-3.0	4.0	-14.0	-16.0	-9.0	125.09
66	-40.0	-3.0	-37.0	-34.0	7.0	-9.0	2.0	-19.0	116.24
67	-19.0	-58.0	-19.0	-20.0	-2.0	-2.0	-12.0	-9.0	123.98
68	-47.0	-33.0	-6.0	15.0	16.0	-11.0	-5.0	-33.0	126.5
69	-62.0	-24.0	38.0	-10.0	-11.0	5.0	-17.0	-2.0	110.55
70	6.0	-43.0	-32.0	93.0	20.0	-5.0	-2.0	9.0	89.91
71	34.0	99.0	-93.0	0.0	-11.0	3.0	-34.0	-7.0	89.91
72	82.0	-7.0	-7.0	28.0	1.0	17.0	-6.0	17.0	80.87
73	-1.0	11.0	-28.0	-10.0	7.0	11.0	-11.0	-1.0	88.01
74	-15.0	8.0	-10.0	-54.0	-15.0	21.0	15.0	23.0	73.26
75	32.0	14.0	6.0	25.0	7.0	2.0	-16.0	-42.0	58.93
