0	-3.0	-27.0	24.0	-43.0	-2.0	-10.0	10.0	-23.0	60.5
1	-83.0	85.0	-99.0	11.0	-18.0	-6.0	-7.0	2.0	67.95
2	34.0	-89.0	-2.0	-27.0	-6.0	5.0	-4.0	13.0	52.4
3	30.0	-13.0	16.0	-29.0	-2.0	13.0	-3.0	-7.0	54.13
4	61.0	-15.0	42.0	-24.0	-15.0	-17.0	-10.0	-2.0	52.97
5	95.0	-6.0	-10.0	11.0	-3.0	-22.0	-6.0	-2.0	70.74
6	25.0	63.0	14.0	-19.0	-8.0	4.0	-12.0	1.0	74.46
7	83.0	67.0	-32.0	31.0	-4.0	5.0	27.0	-29.0	73.96
8	-62.0	72.0	91.0	-8.0	9.0	8.0	-7.0	12.0	74.46
9	-13.0	40.0	-28.0	3.0	-5.0	2.0	7.0	16.0	56.32
10	-60.0	62.0	-31.0	-88.0	-5.0	-14.0	10.0	-37.0	65.07
11	30.0	26.0	26.0	-14.0	-2.0	10.0	11.0	0.0	65.56
12	-54.0	-81.0	-20.0	3.0	-9.0	-39.0	10.0	10.0	87.26
13	-80.0	-14.0	-26.0	32.0	0.0	7.0	-3.0	-32.0	90.02
14	-25.0	-113.0	-10.0	8.0	5.0	-13.0	16.0	-7.0	83.63
15	-24.0	38.0	59.0	86.0	-9.0	-14.0	13.0	5.0	83.63
16	95.0	100.0	29.0	111.0	0.0	1.0	-4.0	1.0	94.46
17	17.0	79.0	13.0	-12.0	-3.0	-23.0	4.0	18.0	90.99
18	126.0	1.0	20.0	10.0	-4.0	26.0	-7.0	-7.0	82.93
19	-21.0	-28.0	-3.0	-22.0	-4.0	16.0	8.0	0.0	87.53
20	120.0	22.0	-94.0	60.0	3.0	23.0	-3.0	28.0	78.86
21	-102.0	23.0	-21.0	-7.0	-3.0	8.0	-28.0	-17.0	109.43
22	-3.0	-128.0	-2.0	7.0	2.0	-1.0	-2.0	11.0	100.78
23	-126.0	-64.0	97.0	78.0	-6.0	13.0	-2.0	4.0	112.82
24	-67.0	59.0	50.0	60.0	6.0	-26.0	-3.0	25.0	124.4
25	53.0	23.0	109.0	-5.0	-8.0	2.0	-4.0	11.0	127.16
26	-49.0	17.0	108.0	-1.0	7.0	6.0	10.0	6.0	127.01
27	-112.0	-68.0	-17.0	28.0	2.0	3.0	-13.0	5.0	116.28
28	79.0	74.0	-114.0	-8.0	-5.0	0.0	-5.0	-19.0	121.26
29	127.0	103.0	7.0	-14.0	1.0	3.0	-4.0	8.0	124.97
30	-57.0	119.0	-85.0	-69.0	-6.0	1.0	-6.0	-2.0	111.28
31	-50.0	-31.0	-85.0	-9.0	-5.0	1.0	7.0	-30.0	122.99
32	-80.0	47.0	24.0	-22.0	2.0	2.0	6.0	-9.0	116.28
33	95.0	-68.0	104.0	-62.0	8.0	20.0	6.0	27.0	118.23
34	-44.0	-26.0	-60.0	1.0	2.0	-7.0	4.0	-23.0	127.16
35	-85.0	-112.0	-45.0	-42.0	3.0	-31.0	-6.0	-17.0	126.85
36	67.0	-6.0	-54.0	-8.0	-9.0	10.0	15.0	0.0	111.28
37	127.0	85.0	-30.0	69.0	8.0	2.0	4.0	13.0	124.97
38	-21.0	-69.0	-24.0	18.0	11.0	-7.0	4.0	13.0	122.0
39	7.0	127.0	-46.0	-12.0	-5.0	13.0	0.0	-16.0	113.95
40	11.0	47.0	78.0	-10.0	4.0	-7.0	-16.0	-1.0	124.28
41	-4.0	88.0	127.0	86.0	3.0	-3.0	-10.0	1.0	99.39
42	20.0	-10.0	1.0	9.0	15.0	-10.0	-4.0	-17.0	103.61
43	-34.0	-111.0	-11.0	61.0	6.0	-31.0	4.0	0.0	108.12
44	69.0	-92.0	0.0	48.0	-8.0	16.0	-3.0	1.0	97.74
45	-10.0	43.0	27.0	127.0	-1.0	2.0	8.0	8.0	103.74
46	-9.0	20.0	-50.0	-119.0	-2.0	-11.0	2.0	25.0	100.78
47	-99.0	13.0	-54.0	-69.0	1.0	19.0	7.0	-6.0	93.96
48	-128.0	119.0	-51.0	-19.0	7.0	-11.0	0.0	-7.0	103.74
49	12.0	-62.0	-3.0	-17.0	-28.0	8.0	-1.0	2.0	121.26
50	-67.0	-128.0	81.0	-17.0	4.0	2.0	-7.0	-1.0	100.51
51	60.0	-65.0	-9.0	-4.0	1.0	28.0	-22.0	-14.0	94.63
52	0.0	-21.0	-47.0	111.0	-4.0	10.0	-2.0	-16.0	93.96
53	-15.0	63.0	-15.0	22.0	-1.0	-4.0	-14.0	28.0	94.63
54	-19.0	34.0	-21.0	-42.0	-17.0	15.0	9.0	-17.0	98.14
55	-4.0	120.0	14.0	-16.0	4.0	-11.0	-5.0	-39.0	104.55
56	88.0	36.0	-35.0	-8.0	-3.0	-1.0	-1.0	5.0	87.26
57	-35.0	-36.0	27.0	-40.0	-10.0	1.0	7.0	-1.0	78.9
58	122.0	-55.0	-21.0	78.0	10.0	0.0	-7.0	-7.0	61.96
59	48.0	-95.0	-3.0	-128.0	12.0	-15.0	-28.0	-4.0	67.95
60	86.0	33.0	101.0	33.0	18.0	-10.0	2.0	0.0	60.27
61	-75.0	-117.0	108.0	110.0	1.0	-13.0	-5.0	27.0	52.15
62	125.0	40.0	37.0	-8.0	-8.0	7.0	10.0	14.0	59.36
63	12.0	36.0	-44.0	10.0	0.0	7.0	6.0	43.0	61.96
64	-19.0	109.0	-15.0	19.0	2.0	2.0	0.0	-1.0	56.32
65	-41.0	30.0	1.0	-39.0	-9.0	-23.0	8.0	-20.0	52.77
66	-113.0	83.0	-6.0	-92.0	-7.0	10.0	-3.0	-4.0	57.27
67	-82.0	127.0	-19.0	-25.0	-2.0	-12.0	5.0	12.0	52.52
68	15.0	-19.0	-85.0	0.0	-3.0	-10.0	-10.0	-3.0	51.87
69	-11.0	35.0	-51.0	-36.0	13.0	6.0	-15.0	-27.0	50.65
70	23.0	-95.0	-33.0	-119.0	3.0	6.0	13.0	-8.0	50.65
71	-1.0	34.0	-45.0	20.0	5.0	8.0	-9.0	21.0	51.19
72	12.0	-65.0	-102.0	-4.0	-6.0	1.0	-10.0	-4.0	54.37
73	-61.0	-8.0	-84.0	-83.0	11.0	1.0	0.0	-8.0	52.4
74	-44.0	-108.0	-7.0	-27.0	-1.0	-5.0	-8.0	-6.0	55.75
75	-22.0	48.0	-29.0	-12.0	0.0	10.0	13.0	-33.0	52.94
76	33.0	27.0	-17.0	-7.0	-2.0	-2.0	9.0	-4.0	52.99
77	11.0	11.0	78.0	-26.0	5.0	-39.0	-6.0	-30.0	52.97
78	25.0	127.0	101.0	-93.0	-16.0	-17.0	5.0	18.0	52.89
79	67.0	21.0	0.0	-38.0	-3.0	-2.0	6.0	42.0	55.75
80	-23.0	-79.0	14.0	-36.0	-16.0	6.0	0.0	-31.0	51.87
