0	-52.0	13.0	-8.0	102.0	11.0	-8.0	9.0	3.0	117.52
1	-3.0	-28.0	-11.0	-126.0	-12.0	-2.0	0.0	3.0	114.73
2	58.0	-9.0	14.0	-127.0	0.0	-18.0	5.0	-13.0	106.46
3	9.0	-42.0	-128.0	-40.0	-9.0	-8.0	6.0	-3.0	104.74
4	-45.0	-78.0	58.0	38.0	-10.0	7.0	13.0	2.0	114.63
5	-33.0	-23.0	48.0	0.0	-4.0	-12.0	2.0	-2.0	96.53
6	36.0	62.0	75.0	-36.0	7.0	0.0	-4.0	-26.0	96.53
7	-38.0	31.0	-128.0	18.0	2.0	-49.0	-8.0	-17.0	95.44
8	11.0	-33.0	-4.0	0.0	3.0	9.0	-2.0	-4.0	101.29
9	-7.0	-24.0	33.0	-7.0	2.0	0.0	-16.0	10.0	115.53
10	-36.0	105.0	7.0	-8.0	-1.0	5.0	11.0	8.0	117.52
11	-52.0	20.0	-7.0	19.0	5.0	25.0	-8.0	0.0	120.79
12	59.0	-7.0	10.0	-3.0	-8.0	0.0	0.0	-1.0	117.14
13	2.0	-9.0	-102.0	7.0	-15.0	2.0	0.0	-6.0	117.14
14	36.0	-1.0	21.0	-40.0	0.0	-17.0	7.0	10.0	116.16
15	-11.0	5.0	85.0	1.0	-3.0	-3.0	-17.0	-51.0	115.03
16	14.0	-42.0	-4.0	11.0	-17.0	2.0	7.0	-4.0	118.83
17	5.0	-50.0	7.0	18.0	-2.0	0.0	2.0	6.0	121.23
18	6.0	2.0	-54.0	5.0	-4.0	-5.0	0.0	10.0	118.83
19	45.0	-1.0	127.0	-116.0	-5.0	10.0	-14.0	-10.0	112.77
20	25.0	7.0	-5.0	18.0	7.0	-16.0	-3.0	-5.0	104.74
21	59.0	-22.0	-12.0	-35.0	8.0	14.0	2.0	3.0	118.22
22	-39.0	34.0	-71.0	-28.0	4.0	-1.0	0.0	-3.0	119.32
23	-6.0	-27.0	-128.0	-126.0	-5.0	5.0	-30.0	40.0	113.6
24	29.0	11.0	8.0	5.0	-16.0	4.0	10.0	-1.0	114.63
25	10.0	-100.0	-34.0	-33.0	-1.0	-14.0	1.0	7.0	106.46
26	-13.0	105.0	48.0	-31.0	-11.0	-11.0	-44.0	-41.0	103.27
27	-80.0	110.0	-45.0	-7.0	1.0	-2.0	-4.0	0.0	95.44
28	-26.0	11.0	-17.0	-22.0	-13.0	-7.0	-24.0	-9.0	84.94
29	0.0	-124.0	7.0	59.0	11.0	-12.0	-9.0	7.0	79.1
30	11.0	-12.0	0.0	8.0	-5.0	9.0	5.0	-15.0	84.94
31	8.0	-3.0	14.0	43.0	-30.0	3.0	-48.0	35.0	94.94
32	-5.0	3.0	8.0	10.0	2.0	-3.0	-11.0	5.0	94.54
33	17.0	15.0	124.0	18.0	-19.0	-8.0	-11.0	11.0	64.33
34	70.0	13.0	-106.0	-4.0	9.0	-7.0	0.0	-7.0	65.98
35	-41.0	-12.0	45.0	-32.0	2.0	-1.0	28.0	-1.0	47.23
36	-21.0	-83.0	-7.0	-11.0	-10.0	6.0	11.0	12.0	60.54
37	99.0	52.0	-8.0	29.0	3.0	-3.0	51.0	26.0	64.34
38	-43.0	23.0	26.0	-128.0	3.0	3.0	-32.0	21.0	53.96
39	-81.0	81.0	-25.0	-12.0	9.0	-7.0	-21.0	-21.0	39.86
40	62.0	94.0	-5.0	-27.0	7.0	-26.0	26.0	-21.0	38.24
41	-1.0	33.0	44.0	20.0	-9.0	-29.0	5.0	-7.0	41.23
42	-24.0	-51.0	8.0	-21.0	6.0	-41.0	-5.0	-10.0	37.79
43	-5.0	11.0	-55.0	15.0	-4.0	11.0	0.0	-6.0	37.97
44	-48.0	-59.0	-51.0	-6.0	-11.0	4.0	-18.0	-23.0	37.73
45	74.0	-15.0	38.0	-36.0	4.0	-50.0	-3.0	-7.0	37.67
46	-8.0	6.0	11.0	38.0	-6.0	-5.0	-9.0	16.0	38.24
47	30.0	28.0	-34.0	-17.0	26.0	1.0	4.0	4.0	37.73
48	-16.0	-32.0	73.0	-10.0	-8.0	-2.0	18.0	-8.0	38.35
49	-11.0	-55.0	38.0	-13.0	-4.0	12.0	12.0	5.0	43.23
50	40.0	-78.0	-66.0	-48.0	7.0	-21.0	-22.0	23.0	59.1
51	-31.0	51.0	59.0	-4.0	2.0	-7.0	-14.0	-8.0	46.99
52	-19.0	44.0	3.0	17.0	-2.0	-3.0	-20.0	-23.0	40.4
53	101.0	-52.0	-27.0	127.0	2.0	-14.0	6.0	1.0	39.86
54	29.0	-23.0	-12.0	1.0	15.0	18.0	-13.0	-9.0	56.64
55	-14.0	-101.0	6.0	-14.0	-16.0	9.0	-3.0	-13.0	59.8
56	0.0	13.0	-7.0	19.0	6.0	-22.0	-10.0	27.0	45.5
57	-59.0	18.0	-11.0	1.0	-10.0	-13.0	4.0	-9.0	43.84
58	-5.0	96.0	29.0	-10.0	-1.0	-5.0	6.0	24.0	45.5
59	-17.0	-4.0	20.0	101.0	-7.0	-3.0	-11.0	-11.0	60.12
60	61.0	2.0	-36.0	5.0	29.0	1.0	3.0	0.0	65.98
61	9.0	73.0	-10.0	-19.0	2.0	-33.0	-16.0	17.0	72.27
62	-11.0	-76.0	14.0	-1.0	6.0	-2.0	11.0	4.0	74.72
63	-20.0	-28.0	21.0	-14.0	-8.0	10.0	-8.0	-3.0	74.94
64	55.0	-73.0	-57.0	61.0	-7.0	4.0	9.0	-44.0	62.77
65	7.0	10.0	-1.0	-6.0	-6.0	-11.0	-16.0	0.0	47.23
66	87.0	-36.0	-97.0	-52.0	-4.0	20.0	-4.0	12.0	57.16
67	97.0	-23.0	29.0	-23.0	-2.0	-6.0	7.0	-15.0	66.34
68	-51.0	-86.0	9.0	98.0	-40.0	19.0	-5.0	-1.0	60.54
69	-7.0	-29.0	-26.0	52.0	-13.0	15.0	34.0	5.0	59.1
70	6.0	13.0	20.0	5.0	-7.0	4.0	-11.0	27.0	73.32
71	-9.0	106.0	-13.0	3.0	-7.0	-2.0	-16.0	-15.0	73.32
72	61.0	-40.0	-12.0	-74.0	-49.0	-8.0	23.0	-2.0	76.24
73	-36.0	-13.0	-6.0	26.0	-4.0	5.0	-5.0	0.0	78.58
74	-18.0	-16.0	-3.0	-3.0	22.0	-28.0	4.0	-12.0	80.02
75	-4.0	-21.0	1.0	21.0	16.0	-4.0	15.0	-6.0	91.05
76	-16.0	110.0	-56.0	-128.0	-20.0	51.0	-21.0	-1.0	97.84
77	117.0	33.0	-19.0	-28.0	-6.0	1.0	-4.0	6.0	103.49
