0	43.0	38.0	4.0	1.0	-16.0	-16.0	-46.0	65.0	46.81
1	46.0	-7.0	-27.0	5.0	-24.0	1.0	0.0	-14.0	46.04
2	28.0	-60.0	-5.0	-2.0	1.0	5.0	31.0	-36.0	43.81
3	15.0	-7.0	-22.0	23.0	1.0	0.0	-5.0	9.0	40.65
4	-67.0	73.0	-4.0	1.0	-13.0	8.0	59.0	45.0	38.82
5	-41.0	-31.0	2.0	-66.0	-14.0	-8.0	-11.0	15.0	39.81
6	44.0	-27.0	9.0	13.0	-1.0	5.0	-15.0	-27.0	38.82
7	22.0	-7.0	-40.0	17.0	-1.0	-3.0	-5.0	46.0	40.65
8	6.0	17.0	25.0	-4.0	-4.0	14.0	-121.0	-5.0	41.87
9	0.0	10.0	25.0	-29.0	6.0	-9.0	2.0	-31.0	43.38
10	-36.0	-45.0	-22.0	17.0	3.0	-1.0	2.0	-79.0	44.99
11	3.0	19.0	-13.0	68.0	-12.0	23.0	4.0	74.0	46.04
12	-55.0	-41.0	25.0	22.0	9.0	-6.0	-11.0	115.0	47.9
13	19.0	-9.0	2.0	-28.0	-4.0	-3.0	-24.0	-6.0	53.44
14	53.0	12.0	5.0	-6.0	3.0	3.0	-17.0	22.0	50.24
15	6.0	-19.0	39.0	-12.0	2.0	-3.0	27.0	9.0	51.27
16	1.0	-45.0	-11.0	-33.0	-3.0	14.0	1.0	-31.0	89.25
17	7.0	-42.0	-28.0	43.0	-1.0	-11.0	-6.0	-115.0	57.1
18	-28.0	-36.0	-15.0	-9.0	-1.0	-3.0	-11.0	20.0	87.85
19	-35.0	-20.0	46.0	-60.0	-4.0	17.0	4.0	112.0	62.79
20	-64.0	31.0	-3.0	-27.0	2.0	45.0	18.0	-46.0	86.45
21	5.0	4.0	-7.0	-25.0	-5.0	8.0	-36.0	3.0	63.5
22	73.0	38.0	15.0	21.0	13.0	6.0	23.0	26.0	63.5
23	45.0	-12.0	21.0	-23.0	-10.0	1.0	18.0	13.0	53.79
24	-43.0	26.0	-1.0	1.0	3.0	-4.0	-6.0	-4.0	57.1
25	15.0	25.0	-1.0	2.0	-13.0	-3.0	32.0	1.0	51.26
26	-84.0	107.0	-10.0	20.0	-2.0	0.0	-23.0	-25.0	53.44
27	15.0	-37.0	-34.0	7.0	12.0	0.0	8.0	-21.0	90.47
28	-10.0	78.0	16.0	4.0	15.0	12.0	12.0	1.0	56.49
29	14.0	-65.0	7.0	-2.0	7.0	1.0	-6.0	-33.0	77.0
30	-11.0	-53.0	12.0	11.0	-17.0	-16.0	-53.0	51.0	86.06
31	28.0	28.0	11.0	33.0	28.0	12.0	1.0	-86.0	89.25
32	22.0	52.0	11.0	1.0	-10.0	-3.0	61.0	26.0	61.26
33	10.0	-10.0	1.0	-37.0	-3.0	-5.0	85.0	46.0	79.77
34	42.0	63.0	-3.0	-26.0	-14.0	2.0	39.0	15.0	82.76
35	-8.0	-31.0	102.0	83.0	8.0	-9.0	-16.0	13.0	92.99
36	-6.0	-39.0	-51.0	-6.0	28.0	-17.0	-25.0	-3.0	113.4
37	-25.0	-65.0	8.0	-22.0	-10.0	7.0	5.0	16.0	104.67
38	-88.0	11.0	32.0	-22.0	-15.0	0.0	-7.0	-39.0	130.81
39	28.0	117.0	0.0	14.0	3.0	-4.0	2.0	-6.0	135.33
40	-3.0	77.0	49.0	-14.0	3.0	0.0	60.0	-69.0	104.67
41	107.0	-25.0	-49.0	-5.0	-3.0	8.0	2.0	15.0	132.57
42	-37.0	-95.0	-4.0	0.0	-12.0	-10.0	-16.0	16.0	132.57
43	-104.0	-53.0	23.0	62.0	6.0	-12.0	-17.0	-128.0	135.68
44	-19.0	-24.0	-11.0	-11.0	-6.0	1.0	-37.0	-18.0	113.38
45	-23.0	19.0	-15.0	4.0	-2.0	-3.0	28.0	2.0	110.71
46	86.0	53.0	19.0	-17.0	6.0	-5.0	38.0	-21.0	125.46
47	-3.0	-53.0	-27.0	0.0	6.0	-15.0	-2.0	-47.0	135.68
48	39.0	16.0	-2.0	81.0	-8.0	-5.0	20.0	26.0	135.71
49	-128.0	4.0	6.0	-42.0	6.0	-2.0	5.0	-67.0	133.17
50	-19.0	54.0	29.0	2.0	-4.0	-3.0	69.0	-2.0	130.88
51	7.0	0.0	-1.0	36.0	-12.0	-15.0	-4.0	-18.0	126.42
52	20.0	-39.0	-73.0	5.0	-3.0	14.0	-21.0	-9.0	117.01
53	34.0	-19.0	-5.0	-8.0	-20.0	4.0	-60.0	-4.0	107.08
54	-38.0	-13.0	15.0	3.0	31.0	-18.0	-4.0	-63.0	103.67
55	-28.0	2.0	-37.0	2.0	-2.0	-7.0	-49.0	-3.0	116.62
56	-29.0	-19.0	5.0	-4.0	-16.0	7.0	24.0	-15.0	125.46
57	-34.0	-7.0	-5.0	-42.0	38.0	0.0	7.0	25.0	127.34
58	49.0	14.0	1.0	18.0	-9.0	10.0	-5.0	51.0	122.83
59	73.0	61.0	-15.0	14.0	-9.0	-4.0	-35.0	-38.0	130.88
60	13.0	3.0	35.0	2.0	2.0	-1.0	-3.0	-51.0	134.27
61	5.0	-14.0	32.0	21.0	-23.0	-16.0	18.0	-4.0	129.33
62	53.0	22.0	72.0	-1.0	-24.0	-10.0	17.0	-5.0	113.4
63	38.0	-25.0	0.0	23.0	-5.0	15.0	-19.0	9.0	122.36
64	102.0	23.0	-17.0	-11.0	14.0	7.0	-10.0	26.0	113.38
65	-34.0	-30.0	12.0	-6.0	-9.0	-10.0	-23.0	72.0	120.04
66	-3.0	3.0	8.0	4.0	-1.0	-6.0	-45.0	-38.0	100.57
67	29.0	15.0	15.0	-50.0	-8.0	-3.0	-19.0	-1.0	90.47
68	-24.0	0.0	-5.0	-1.0	-4.0	-1.0	-8.0	21.0	70.96
69	72.0	-28.0	10.0	23.0	7.0	4.0	-32.0	61.0	70.96
70	-6.0	15.0	41.0	-20.0	0.0	-14.0	-27.0	-20.0	74.56
71	3.0	109.0	-14.0	-5.0	-13.0	4.0	0.0	-46.0	66.01
72	-32.0	3.0	1.0	26.0	-43.0	-3.0	12.0	32.0	74.56
73	21.0	16.0	1.0	36.0	4.0	-10.0	11.0	-16.0	69.69
74	-26.0	-128.0	1.0	-25.0	-24.0	14.0	-4.0	40.0	48.85
75	25.0	17.0	-1.0	3.0	8.0	-8.0	-30.0	28.0	66.21
76	34.0	102.0	-11.0	1.0	-3.0	-8.0	-9.0	-26.0	59.41
77	-73.0	12.0	11.0	-19.0	-3.0	0.0	35.0	-52.0	47.9
