0	-102.0	-66.0	-13.0	-27.0	-32.0	-4.0	1.0	-33.0	50.52
1	-40.0	-52.0	127.0	74.0	14.0	17.0	-14.0	-1.0	48.69
2	9.0	-128.0	9.0	89.0	-7.0	-22.0	-21.0	68.0	48.62
3	81.0	-89.0	26.0	-40.0	5.0	20.0	8.0	75.0	53.05
4	-59.0	-66.0	43.0	3.0	-8.0	3.0	101.0	10.0	48.32
5	10.0	-51.0	-3.0	-76.0	15.0	-63.0	-9.0	-17.0	48.02
6	-87.0	-28.0	-9.0	-34.0	-14.0	-15.0	-62.0	2.0	49.49
7	-109.0	-95.0	28.0	-14.0	29.0	1.0	6.0	-103.0	47.91
8	31.0	9.0	6.0	-24.0	2.0	-31.0	-65.0	-48.0	48.02
9	59.0	-79.0	-36.0	13.0	-17.0	-11.0	-2.0	-17.0	48.29
10	78.0	-4.0	90.0	29.0	13.0	16.0	-5.0	21.0	48.29
11	-29.0	63.0	45.0	21.0	0.0	-5.0	-1.0	-2.0	50.21
12	-121.0	-96.0	-16.0	21.0	1.0	-6.0	8.0	-16.0	53.55
13	-128.0	-83.0	2.0	-4.0	-21.0	2.0	-31.0	-32.0	62.48
14	11.0	-3.0	29.0	-13.0	12.0	-18.0	5.0	64.0	64.81
15	2.0	48.0	11.0	42.0	-4.0	-20.0	65.0	-17.0	66.84
16	107.0	49.0	-29.0	-31.0	2.0	0.0	7.0	-47.0	73.67
17	-34.0	127.0	-1.0	32.0	1.0	-54.0	-11.0	0.0	55.51
18	-65.0	127.0	31.0	-5.0	14.0	-59.0	49.0	-28.0	66.84
19	31.0	-88.0	6.0	115.0	-4.0	13.0	-128.0	46.0	77.31
20	-103.0	9.0	22.0	74.0	11.0	26.0	91.0	67.0	81.86
21	-102.0	41.0	5.0	-27.0	-4.0	-13.0	-23.0	17.0	76.41
22	67.0	71.0	-71.0	106.0	-8.0	-14.0	-16.0	21.0	86.1
23	10.0	37.0	35.0	-5.0	2.0	-3.0	36.0	-22.0	88.09
24	-5.0	-32.0	10.0	0.0	-7.0	-8.0	0.0	68.0	97.39
25	-2.0	104.0	20.0	1.0	-18.0	33.0	-7.0	-25.0	104.95
26	69.0	5.0	121.0	-34.0	-22.0	4.0	15.0	32.0	98.35
27	-10.0	-28.0	12.0	3.0	3.0	4.0	-22.0	-103.0	95.89
28	24.0	68.0	22.0	-19.0	26.0	28.0	-29.0	14.0	95.89
29	35.0	-9.0	-128.0	12.0	-29.0	-15.0	-27.0	-15.0	93.28
30	47.0	9.0	-40.0	-25.0	15.0	25.0	-2.0	-22.0	92.21
31	-62.0	65.0	-60.0	-4.0	-8.0	-16.0	39.0	40.0	90.59
32	25.0	-128.0	3.0	-128.0	0.0	84.0	-71.0	7.0	94.66
33	1.0	-103.0	-23.0	7.0	-4.0	-30.0	-13.0	-64.0	101.74
34	-125.0	41.0	84.0	-24.0	-21.0	-2.0	-21.0	-6.0	108.46
35	18.0	26.0	58.0	60.0	-18.0	3.0	24.0	-26.0	110.8
36	-12.0	26.0	-16.0	-12.0	-2.0	23.0	-55.0	16.0	116.2
37	-59.0	5.0	-14.0	-7.0	-24.0	-58.0	-18.0	47.0	116.2
38	1.0	-15.0	-13.0	42.0	1.0	-2.0	13.0	-2.0	119.23
39	32.0	20.0	-128.0	-28.0	6.0	-5.0	73.0	30.0	120.53
40	30.0	95.0	4.0	-11.0	9.0	17.0	49.0	-22.0	123.86
41	23.0	72.0	16.0	-44.0	10.0	42.0	-58.0	7.0	124.92
42	-108.0	28.0	12.0	-128.0	-2.0	-19.0	16.0	-8.0	125.78
43	-128.0	-127.0	-15.0	44.0	15.0	29.0	0.0	12.0	124.92
44	-126.0	12.0	30.0	76.0	31.0	-20.0	35.0	-28.0	123.96
45	28.0	-85.0	16.0	120.0	-7.0	14.0	5.0	-9.0	123.86
46	39.0	-85.0	17.0	-2.0	2.0	-34.0	-46.0	-22.0	120.86
47	-39.0	33.0	-21.0	-4.0	-7.0	-2.0	-66.0	7.0	119.04
48	37.0	-59.0	43.0	-27.0	19.0	60.0	79.0	20.0	113.98
49	-128.0	16.0	-38.0	11.0	-17.0	-46.0	9.0	-28.0	112.02
50	-39.0	-26.0	72.0	11.0	-12.0	-7.0	-71.0	-4.0	110.8
51	22.0	-55.0	7.0	25.0	2.0	26.0	26.0	27.0	106.2
52	-8.0	13.0	-123.0	43.0	4.0	-13.0	-75.0	46.0	110.13
53	3.0	-128.0	51.0	-21.0	9.0	19.0	23.0	7.0	102.02
54	-55.0	17.0	-16.0	-6.0	8.0	-31.0	7.0	-56.0	110.13
55	4.0	-73.0	127.0	-17.0	-5.0	17.0	-21.0	99.0	92.21
56	-125.0	38.0	12.0	42.0	2.0	2.0	50.0	21.0	93.28
57	-127.0	27.0	-3.0	16.0	-16.0	10.0	36.0	-29.0	93.88
58	-4.0	45.0	17.0	-16.0	1.0	-22.0	-110.0	12.0	94.3
59	-104.0	1.0	-22.0	90.0	-11.0	-3.0	89.0	5.0	90.46
60	-94.0	-63.0	29.0	1.0	20.0	22.0	-13.0	-91.0	87.35
61	60.0	61.0	8.0	-22.0	4.0	-2.0	-5.0	-28.0	78.93
62	-16.0	-52.0	-77.0	0.0	1.0	-29.0	-1.0	3.0	76.41
63	34.0	56.0	-52.0	-128.0	-27.0	-15.0	36.0	-39.0	71.32
64	24.0	36.0	16.0	11.0	26.0	20.0	113.0	-37.0	76.18
65	50.0	4.0	-29.0	47.0	-23.0	42.0	-6.0	-16.0	77.31
66	46.0	28.0	-9.0	24.0	-5.0	1.0	-106.0	0.0	67.46
67	21.0	77.0	-28.0	-10.0	-3.0	-20.0	-7.0	18.0	85.12
68	55.0	-37.0	10.0	-22.0	-5.0	36.0	-36.0	-35.0	62.48
69	113.0	42.0	3.0	11.0	-2.0	-6.0	-51.0	2.0	58.53
70	109.0	39.0	-11.0	-6.0	2.0	-59.0	49.0	4.0	55.51
71	53.0	-5.0	13.0	-4.0	-7.0	7.0	-67.0	5.0	61.72
72	-50.0	-20.0	1.0	-35.0	19.0	-30.0	117.0	-16.0	70.48
73	-69.0	14.0	-30.0	18.0	8.0	3.0	-98.0	31.0	56.95
74	-38.0	-17.0	8.0	43.0	24.0	30.0	-1.0	-49.0	59.73
75	-5.0	-64.0	-75.0	-11.0	8.0	50.0	-6.0	8.0	51.67
76	-21.0	-12.0	28.0	-13.0	-6.0	38.0	-58.0	-1.0	53.05
77	109.0	8.0	30.0	-1.0	20.0	25.0	102.0	0.0	50.52
