0	115.0	-69.0	-8.0	55.0	-26.0	-7.0	-36.0	20.0	136.21
1	-13.0	75.0	-33.0	-14.0	-10.0	-31.0	127.0	78.0	134.5
2	2.0	41.0	-11.0	99.0	6.0	-20.0	-77.0	-7.0	125.39
3	-30.0	-56.0	35.0	4.0	-16.0	-87.0	-27.0	126.0	135.72
4	10.0	127.0	-20.0	-113.0	-11.0	-23.0	-24.0	-52.0	132.76
5	76.0	-40.0	-2.0	-9.0	28.0	25.0	53.0	6.0	134.84
6	8.0	81.0	50.0	72.0	1.0	-16.0	-27.0	23.0	128.62
7	-61.0	41.0	66.0	-48.0	2.0	-33.0	111.0	73.0	133.25
8	105.0	-2.0	40.0	38.0	30.0	1.0	-84.0	-17.0	99.91
9	42.0	32.0	-48.0	29.0	-16.0	11.0	-128.0	127.0	94.1
10	-14.0	-88.0	-5.0	-15.0	-9.0	-21.0	26.0	52.0	109.07
11	-70.0	-44.0	-3.0	-10.0	-6.0	-14.0	104.0	-26.0	102.8
12	82.0	0.0	-20.0	31.0	-23.0	12.0	90.0	29.0	91.77
13	-21.0	99.0	-9.0	127.0	-20.0	17.0	-35.0	-13.0	107.05
14	37.0	-46.0	54.0	-53.0	53.0	-3.0	-29.0	0.0	86.33
15	56.0	-86.0	25.0	30.0	-4.0	12.0	7.0	10.0	85.22
16	-57.0	66.0	-11.0	-34.0	-8.0	37.0	-115.0	-25.0	66.57
17	-32.0	3.0	21.0	39.0	-26.0	5.0	-54.0	105.0	69.1
18	88.0	50.0	72.0	18.0	65.0	-45.0	56.0	-19.0	60.42
19	-75.0	30.0	-12.0	-7.0	5.0	-1.0	-68.0	-66.0	69.54
20	-24.0	-104.0	19.0	-63.0	-20.0	21.0	11.0	-7.0	79.73
21	42.0	-20.0	8.0	33.0	19.0	-3.0	-61.0	23.0	73.62
22	44.0	51.0	18.0	49.0	39.0	-99.0	-37.0	2.0	69.1
23	-61.0	-77.0	-21.0	-3.0	-27.0	-17.0	85.0	127.0	62.5
24	89.0	-52.0	-19.0	-6.0	24.0	67.0	102.0	-13.0	73.36
25	58.0	115.0	15.0	26.0	75.0	-13.0	-41.0	-32.0	60.42
26	-14.0	-34.0	50.0	-18.0	-4.0	9.0	-89.0	6.0	56.42
27	94.0	61.0	0.0	-35.0	-14.0	39.0	14.0	-10.0	54.64
28	4.0	-12.0	-2.0	-18.0	-12.0	50.0	31.0	7.0	54.35
29	91.0	29.0	19.0	73.0	22.0	-26.0	123.0	39.0	59.39
30	-52.0	-48.0	26.0	-35.0	15.0	42.0	-23.0	5.0	54.64
31	-14.0	-14.0	-21.0	10.0	-8.0	8.0	74.0	-77.0	53.6
32	-2.0	30.0	-4.0	-63.0	44.0	8.0	17.0	-3.0	51.88
33	6.0	33.0	47.0	64.0	38.0	-42.0	-58.0	18.0	47.96
34	-14.0	-110.0	-3.0	-6.0	-61.0	44.0	43.0	-51.0	49.9
35	110.0	-128.0	127.0	24.0	22.0	-17.0	-84.0	2.0	51.88
36	9.0	51.0	-8.0	-44.0	-5.0	-7.0	-30.0	-69.0	51.51
37	-25.0	126.0	-11.0	-42.0	-8.0	1.0	-46.0	-26.0	46.02
38	-21.0	-18.0	31.0	-82.0	-35.0	-14.0	-11.0	27.0	38.56
39	42.0	55.0	-39.0	-110.0	0.0	-32.0	-27.0	30.0	39.12
40	-65.0	-44.0	-20.0	-43.0	22.0	79.0	104.0	45.0	37.68
41	108.0	45.0	-26.0	6.0	-8.0	110.0	2.0	-58.0	36.71
42	56.0	-30.0	32.0	-28.0	15.0	27.0	70.0	37.0	37.68
43	-80.0	0.0	-92.0	-66.0	21.0	-13.0	13.0	-3.0	39.12
44	30.0	32.0	115.0	19.0	51.0	-18.0	-17.0	92.0	42.86
45	9.0	13.0	-59.0	26.0	3.0	25.0	-59.0	2.0	41.41
46	-93.0	-44.0	42.0	26.0	19.0	-5.0	40.0	24.0	40.62
47	52.0	56.0	-70.0	-21.0	7.0	5.0	42.0	-9.0	45.65
48	-63.0	57.0	52.0	-122.0	-55.0	0.0	45.0	-20.0	45.65
49	-75.0	-26.0	-2.0	-26.0	-8.0	32.0	119.0	11.0	51.51
50	-34.0	-35.0	-43.0	-11.0	18.0	18.0	-10.0	-5.0	63.75
51	-15.0	30.0	8.0	-46.0	-3.0	-33.0	-79.0	-14.0	82.43
52	-41.0	-100.0	-72.0	61.0	-20.0	-9.0	-128.0	29.0	88.41
53	26.0	4.0	-66.0	-31.0	-4.0	4.0	83.0	-20.0	78.71
54	-13.0	-31.0	-3.0	46.0	-2.0	9.0	18.0	-8.0	73.36
55	69.0	32.0	127.0	-14.0	19.0	58.0	-48.0	4.0	93.34
56	112.0	74.0	20.0	-44.0	4.0	10.0	-55.0	11.0	92.64
57	59.0	55.0	-29.0	-44.0	-6.0	-6.0	-37.0	-15.0	91.77
58	25.0	-2.0	-5.0	45.0	-23.0	-33.0	-64.0	-91.0	77.87
59	110.0	-34.0	-33.0	-32.0	-8.0	16.0	-81.0	19.0	78.71
60	-30.0	96.0	-4.0	0.0	17.0	10.0	33.0	-7.0	85.22
61	6.0	24.0	-51.0	127.0	-34.0	58.0	-34.0	46.0	87.79
62	105.0	42.0	-68.0	-71.0	-11.0	-21.0	-59.0	-56.0	94.1
63	-3.0	-7.0	-37.0	83.0	-49.0	24.0	76.0	10.0	123.04
64	-47.0	29.0	-33.0	9.0	25.0	34.0	78.0	-33.0	131.9
65	20.0	-128.0	13.0	15.0	-12.0	44.0	127.0	-34.0	103.74
66	29.0	50.0	-1.0	-81.0	8.0	12.0	127.0	41.0	93.34
67	38.0	15.0	79.0	-1.0	23.0	-35.0	24.0	13.0	107.05
68	34.0	34.0	5.0	-90.0	-7.0	-36.0	-33.0	10.0	118.34
69	-28.0	-54.0	2.0	40.0	9.0	-8.0	-85.0	24.0	116.82
70	120.0	98.0	-124.0	-62.0	49.0	35.0	-45.0	-47.0	130.14
71	35.0	6.0	-28.0	102.0	-8.0	-34.0	-109.0	-2.0	125.39
72	-40.0	68.0	11.0	46.0	-26.0	56.0	-10.0	-4.0	135.72
73	20.0	127.0	5.0	-47.0	-6.0	-15.0	35.0	-44.0	131.9
74	82.0	104.0	-10.0	5.0	11.0	-45.0	-92.0	-29.0	123.03
75	38.0	-5.0	-17.0	-11.0	39.0	42.0	-13.0	51.0	123.04
76	23.0	-78.0	29.0	-24.0	-17.0	16.0	-2.0	-74.0	109.07
77	-32.0	32.0	17.0	-121.0	-11.0	19.0	-57.0	-4.0	135.89
78	62.0	-17.0	-2.0	18.0	-3.0	11.0	58.0	-117.0	136.39
79	25.0	67.0	11.0	-10.0	-20.0	8.0	-128.0	0.0	136.38
80	-49.0	-33.0	-11.0	14.0	-19.0	63.0	22.0	58.0	136.39
