0	64.0	35.0	-62.0	20.0	0.0	-10.0	-41.0	29.0	134.77
1	-29.0	59.0	1.0	-3.0	-6.0	17.0	-22.0	-23.0	131.82
2	-42.0	-1.0	14.0	6.0	3.0	10.0	5.0	-4.0	130.59
3	-36.0	-73.0	-30.0	-7.0	-3.0	0.0	8.0	71.0	134.22
4	9.0	4.0	-4.0	56.0	-3.0	-7.0	3.0	-3.0	135.22
5	26.0	-127.0	-14.0	-8.0	4.0	-1.0	19.0	6.0	136.88
6	4.0	-4.0	-24.0	-38.0	-6.0	-1.0	-5.0	11.0	137.08
7	-50.0	16.0	49.0	3.0	-6.0	-7.0	30.0	30.0	137.19
8	127.0	13.0	3.0	-13.0	3.0	-13.0	1.0	-66.0	137.08
9	20.0	3.0	9.0	-3.0	4.0	5.0	-8.0	-25.0	135.22
10	-34.0	-21.0	2.0	0.0	-7.0	2.0	-83.0	-78.0	136.09
11	84.0	14.0	-4.0	6.0	-5.0	-6.0	-13.0	14.0	132.92
12	56.0	-9.0	-17.0	109.0	7.0	0.0	-13.0	-53.0	121.29
13	34.0	-4.0	-26.0	1.0	0.0	92.0	-2.0	-48.0	123.82
14	-108.0	69.0	17.0	-30.0	-3.0	-14.0	5.0	68.0	123.78
15	20.0	43.0	5.0	28.0	-13.0	-11.0	3.0	-31.0	120.07
16	-110.0	30.0	-20.0	-113.0	-11.0	8.0	-49.0	-16.0	121.29
17	-59.0	127.0	-1.0	6.0	12.0	-12.0	-8.0	-13.0	117.27
18	63.0	-49.0	-37.0	10.0	15.0	-1.0	51.0	-23.0	104.01
19	-73.0	124.0	-30.0	-52.0	-15.0	1.0	-27.0	27.0	88.69
20	-16.0	-6.0	-12.0	22.0	-7.0	-7.0	-23.0	-20.0	83.6
21	-33.0	-54.0	21.0	0.0	7.0	8.0	-10.0	1.0	105.28
22	3.0	20.0	11.0	-7.0	20.0	-4.0	32.0	-25.0	97.91
23	67.0	-17.0	-59.0	42.0	5.0	-10.0	-8.0	17.0	109.94
24	63.0	-10.0	29.0	15.0	6.0	9.0	-10.0	91.0	114.1
25	53.0	18.0	-104.0	-2.0	15.0	5.0	-8.0	-65.0	109.94
26	-26.0	-18.0	-3.0	-5.0	-13.0	10.0	19.0	-16.0	92.34
27	-22.0	-38.0	109.0	-5.0	-5.0	-4.0	-43.0	-1.0	92.34
28	-12.0	-51.0	3.0	13.0	-5.0	-28.0	-18.0	-12.0	108.9
29	71.0	116.0	25.0	0.0	119.0	-1.0	58.0	22.0	97.91
30	65.0	-37.0	-19.0	-2.0	-17.0	6.0	-6.0	-6.0	82.46
31	30.0	-3.0	15.0	5.0	-3.0	34.0	-78.0	-33.0	69.23
32	-44.0	54.0	24.0	-37.0	10.0	4.0	33.0	48.0	62.59
33	-37.0	-28.0	10.0	-3.0	0.0	11.0	-14.0	6.0	65.86
34	-22.0	113.0	14.0	-5.0	10.0	-1.0	3.0	-58.0	62.59
35	12.0	-36.0	36.0	6.0	-6.0	5.0	12.0	28.0	60.49
36	-6.0	25.0	6.0	-111.0	-27.0	-18.0	-30.0	18.0	50.95
37	-6.0	-49.0	25.0	-19.0	-21.0	-5.0	6.0	1.0	48.26
38	13.0	114.0	-11.0	2.0	10.0	-10.0	-22.0	-21.0	52.17
39	13.0	-59.0	1.0	5.0	7.0	10.0	-37.0	-17.0	46.92
40	77.0	-80.0	-9.0	-4.0	3.0	0.0	15.0	39.0	43.66
41	32.0	-7.0	-7.0	-2.0	-7.0	-81.0	14.0	8.0	43.36
42	-62.0	-70.0	4.0	1.0	6.0	17.0	5.0	-1.0	42.54
43	9.0	-2.0	-59.0	-1.0	-1.0	4.0	1.0	53.0	42.77
44	6.0	13.0	1.0	4.0	-30.0	0.0	-15.0	24.0	43.36
45	-110.0	18.0	-11.0	-18.0	1.0	-8.0	-13.0	-13.0	43.66
46	-87.0	-78.0	6.0	32.0	-10.0	4.0	24.0	14.0	45.11
47	-38.0	22.0	-17.0	10.0	-3.0	4.0	-20.0	10.0	45.85
48	57.0	31.0	4.0	-43.0	5.0	1.0	-3.0	43.0	46.92
49	-96.0	36.0	8.0	-3.0	-46.0	-1.0	37.0	-2.0	48.26
50	-2.0	-54.0	-3.0	82.0	-7.0	-3.0	50.0	-6.0	48.15
51	26.0	20.0	47.0	-39.0	12.0	4.0	-13.0	-14.0	64.5
52	50.0	-63.0	-19.0	82.0	-15.0	5.0	-16.0	23.0	72.65
53	-54.0	121.0	-2.0	-1.0	-4.0	3.0	15.0	39.0	82.46
54	-84.0	-40.0	-26.0	-81.0	-31.0	1.0	-46.0	-22.0	78.24
55	-33.0	-13.0	3.0	-13.0	-1.0	-4.0	37.0	8.0	75.18
56	26.0	1.0	21.0	20.0	119.0	6.0	9.0	18.0	59.14
57	25.0	7.0	-12.0	30.0	-1.0	-9.0	-56.0	4.0	55.73
58	1.0	-21.0	-4.0	-4.0	31.0	-4.0	-14.0	-42.0	67.89
59	-1.0	-55.0	-13.0	-3.0	6.0	-10.0	-6.0	38.0	56.86
60	56.0	17.0	-18.0	-43.0	-3.0	-5.0	-3.0	20.0	54.31
61	-26.0	1.0	2.0	-51.0	-4.0	-5.0	30.0	-40.0	54.31
62	2.0	-42.0	11.0	3.0	-8.0	4.0	-14.0	36.0	46.14
63	38.0	15.0	-66.0	45.0	19.0	6.0	-29.0	40.0	44.23
64	-87.0	40.0	-5.0	-46.0	-13.0	-5.0	19.0	-41.0	55.73
65	70.0	-49.0	-58.0	67.0	5.0	2.0	11.0	48.0	67.89
66	-39.0	35.0	-13.0	11.0	-7.0	-5.0	25.0	8.0	72.33
67	23.0	6.0	-78.0	-2.0	-11.0	8.0	-28.0	53.0	72.33
68	-35.0	36.0	-22.0	-2.0	10.0	0.0	-53.0	-9.0	81.56
69	33.0	-61.0	6.0	41.0	6.0	-22.0	-3.0	13.0	90.11
70	-2.0	-4.0	-17.0	-1.0	-5.0	6.0	18.0	70.0	90.11
71	-13.0	22.0	7.0	-50.0	18.0	-2.0	16.0	-37.0	86.08
72	16.0	-36.0	80.0	21.0	1.0	1.0	8.0	0.0	94.14
73	4.0	-62.0	0.0	-6.0	-15.0	30.0	-21.0	-12.0	115.8
74	24.0	66.0	5.0	10.0	4.0	6.0	-23.0	22.0	120.07
75	-15.0	-33.0	-32.0	17.0	3.0	-7.0	-20.0	-90.0	126.09
76	13.0	27.0	8.0	-18.0	-2.0	3.0	-5.0	62.0	127.6
77	52.0	-24.0	38.0	10.0	29.0	-15.0	10.0	29.0	132.92
78	-71.0	40.0	-18.0	-16.0	8.0	-4.0	13.0	14.0	136.32
79	38.0	23.0	111.0	-43.0	-1.0	2.0	-11.0	4.0	134.77
