0	-112.0	127.0	-7.0	28.0	1.0	38.0	26.0	20.0	55.43
1	-25.0	-8.0	16.0	-24.0	-15.0	-5.0	6.0	2.0	60.92
2	68.0	127.0	-128.0	-14.0	16.0	31.0	-8.0	-2.0	63.56
3	95.0	18.0	-1.0	14.0	-4.0	16.0	-14.0	-11.0	61.04
4	-17.0	-93.0	-8.0	-17.0	7.0	-24.0	-8.0	0.0	72.44
5	37.0	-65.0	78.0	-10.0	-5.0	0.0	-21.0	12.0	78.42
6	43.0	51.0	-68.0	-3.0	-6.0	0.0	-17.0	-22.0	74.15
7	106.0	5.0	4.0	-10.0	-6.0	-40.0	-17.0	-25.0	81.94
8	127.0	-66.0	2.0	-71.0	31.0	8.0	-4.0	19.0	100.02
9	-11.0	10.0	43.0	21.0	7.0	18.0	16.0	-34.0	105.04
10	43.0	-40.0	5.0	26.0	3.0	-17.0	0.0	-9.0	107.08
11	-12.0	102.0	-2.0	-87.0	-12.0	3.0	-17.0	8.0	114.44
12	-128.0	-21.0	-75.0	2.0	-4.0	-6.0	7.0	42.0	117.86
13	36.0	46.0	-15.0	127.0	8.0	9.0	-4.0	-2.0	119.21
14	-74.0	-30.0	-16.0	-2.0	-2.0	8.0	-12.0	24.0	117.19
15	-81.0	55.0	-58.0	-29.0	1.0	2.0	-22.0	-26.0	118.65
16	-11.0	-40.0	-99.0	-118.0	-10.0	6.0	3.0	7.0	118.76
17	125.0	127.0	-61.0	-12.0	8.0	1.0	23.0	-30.0	117.19
18	73.0	3.0	32.0	-15.0	-3.0	9.0	1.0	-5.0	117.86
19	-104.0	26.0	-35.0	-34.0	-15.0	-8.0	5.0	-11.0	112.13
20	22.0	120.0	40.0	-79.0	-8.0	2.0	-3.0	49.0	112.13
21	-4.0	-116.0	-21.0	-3.0	-1.0	26.0	28.0	-1.0	97.13
22	-40.0	-52.0	-103.0	1.0	-13.0	-16.0	0.0	-7.0	105.16
23	127.0	75.0	85.0	119.0	-11.0	-2.0	12.0	31.0	114.38
24	-28.0	-47.0	-36.0	-17.0	-10.0	-17.0	11.0	9.0	94.6
25	-88.0	0.0	-128.0	-40.0	19.0	-3.0	-5.0	9.0	111.09
26	-10.0	-9.0	-24.0	-32.0	-8.0	19.0	11.0	-21.0	110.2
27	-73.0	12.0	95.0	127.0	-5.0	12.0	82.0	15.0	117.12
28	-82.0	-21.0	-104.0	-69.0	-12.0	-12.0	1.0	-7.0	105.16
29	22.0	70.0	7.0	-17.0	3.0	-28.0	-13.0	-2.0	93.2
30	-41.0	-68.0	-39.0	-19.0	-10.0	-45.0	-16.0	36.0	100.02
31	33.0	-71.0	-43.0	21.0	2.0	24.0	-9.0	-20.0	97.02
32	127.0	-67.0	-23.0	-16.0	-8.0	-16.0	26.0	-8.0	102.54
33	60.0	-50.0	127.0	31.0	-5.0	6.0	-8.0	60.0	99.38
34	-76.0	61.0	-128.0	-128.0	4.0	-22.0	-6.0	-34.0	105.04
35	-81.0	18.0	-1.0	-31.0	-4.0	19.0	11.0	-28.0	93.2
36	127.0	5.0	127.0	13.0	9.0	-5.0	-3.0	4.0	89.03
37	49.0	-67.0	74.0	-4.0	4.0	6.0	-15.0	4.0	80.47
38	102.0	7.0	-19.0	-25.0	-3.0	-14.0	-26.0	-6.0	85.42
39	-24.0	19.0	66.0	52.0	-2.0	-16.0	-1.0	-4.0	87.7
40	-40.0	-70.0	-33.0	65.0	16.0	-5.0	-23.0	24.0	80.47
41	-5.0	-17.0	-4.0	-74.0	2.0	-21.0	9.0	39.0	90.03
42	127.0	98.0	18.0	127.0	-5.0	13.0	45.0	6.0	85.3
43	126.0	-86.0	-120.0	-23.0	20.0	55.0	-9.0	-8.0	78.42
44	19.0	48.0	71.0	-19.0	1.0	-8.0	32.0	-11.0	91.78
45	114.0	95.0	95.0	14.0	9.0	-25.0	6.0	-10.0	74.93
46	-49.0	-72.0	-13.0	-4.0	-4.0	-4.0	3.0	-30.0	76.82
47	-73.0	-98.0	-104.0	-111.0	-4.0	7.0	-33.0	21.0	91.78
48	-128.0	-3.0	80.0	-128.0	16.0	11.0	21.0	1.0	70.85
49	15.0	52.0	68.0	68.0	-4.0	15.0	13.0	-37.0	70.85
50	74.0	80.0	80.0	65.0	0.0	-16.0	5.0	19.0	63.56
51	87.0	19.0	7.0	-19.0	8.0	-26.0	-10.0	10.0	67.76
52	-121.0	-12.0	8.0	-7.0	-20.0	-15.0	6.0	3.0	65.6
53	127.0	127.0	-50.0	-14.0	1.0	-13.0	-64.0	-15.0	63.51
54	89.0	76.0	43.0	-86.0	10.0	17.0	-5.0	-1.0	56.25
55	-13.0	-92.0	3.0	127.0	0.0	-40.0	-11.0	-69.0	55.0
56	-76.0	-47.0	-38.0	-8.0	17.0	-9.0	-19.0	-27.0	50.28
57	11.0	77.0	6.0	-13.0	0.0	-11.0	-2.0	10.0	52.92
58	-24.0	30.0	19.0	3.0	-1.0	4.0	43.0	6.0	51.61
59	-4.0	-71.0	-32.0	-16.0	8.0	-8.0	30.0	-21.0	50.55
60	72.0	-67.0	-17.0	-29.0	11.0	6.0	-12.0	-14.0	43.49
61	4.0	-9.0	-63.0	4.0	13.0	-9.0	-12.0	19.0	50.22
62	-93.0	8.0	3.0	37.0	19.0	12.0	25.0	1.0	53.27
63	-69.0	75.0	-53.0	-79.0	0.0	15.0	21.0	9.0	59.39
64	-97.0	-83.0	13.0	5.0	-5.0	-24.0	69.0	-2.0	57.43
65	127.0	-37.0	2.0	-28.0	17.0	69.0	13.0	17.0	60.14
66	-1.0	-128.0	11.0	-43.0	23.0	7.0	4.0	-16.0	59.39
67	4.0	-1.0	-51.0	58.0	-6.0	-17.0	1.0	9.0	61.56
68	45.0	19.0	-43.0	6.0	-6.0	-6.0	89.0	-8.0	55.43
69	-128.0	25.0	29.0	-34.0	-1.0	38.0	-4.0	-26.0	59.68
70	-12.0	-98.0	-38.0	106.0	-1.0	3.0	-3.0	17.0	56.58
71	-90.0	-11.0	-39.0	18.0	2.0	55.0	4.0	-2.0	50.55
72	127.0	19.0	-50.0	-49.0	-8.0	-5.0	32.0	-7.0	50.76
73	-90.0	29.0	20.0	10.0	18.0	7.0	16.0	-25.0	50.36
74	41.0	-3.0	-38.0	-26.0	-8.0	32.0	57.0	-1.0	55.0
75	-63.0	88.0	93.0	-59.0	-22.0	-6.0	-13.0	-21.0	56.25
76	-75.0	-128.0	-12.0	-3.0	-14.0	-11.0	-4.0	34.0	51.61
77	-16.0	127.0	49.0	39.0	-5.0	-8.0	24.0	37.0	57.82
78	35.0	-70.0	-43.0	-67.0	-3.0	-5.0	-14.0	19.0	61.56
