0	-15.0	67.0	-46.0	33.0	5.0	15.0	-22.0	4.0	61.96
1	-3.0	-117.0	-84.0	110.0	-9.0	-3.0	16.0	-8.0	59.36
2	-24.0	13.0	-19.0	20.0	-2.0	6.0	-3.0	-30.0	51.19
3	0.0	-68.0	97.0	-88.0	4.0	-22.0	6.0	13.0	52.52
4	-21.0	48.0	14.0	-22.0	-4.0	-12.0	-6.0	43.0	51.87
5	67.0	83.0	-51.0	10.0	7.0	8.0	-13.0	-7.0	50.65
6	67.0	-8.0	-3.0	-42.0	1.0	1.0	2.0	1.0	52.4
7	11.0	127.0	42.0	-69.0	1.0	10.0	-28.0	12.0	52.4
8	95.0	-15.0	-102.0	10.0	2.0	7.0	-28.0	-4.0	51.87
9	-128.0	-79.0	-33.0	127.0	7.0	-14.0	8.0	-2.0	54.37
10	-21.0	-95.0	-6.0	-7.0	-18.0	4.0	-3.0	1.0	52.99
11	-67.0	-65.0	27.0	-7.0	-4.0	-10.0	2.0	18.0	52.97
12	-34.0	36.0	108.0	-22.0	-5.0	1.0	4.0	-20.0	60.27
13	-99.0	-27.0	37.0	-19.0	15.0	0.0	4.0	-17.0	50.65
14	61.0	-6.0	78.0	-42.0	0.0	-39.0	0.0	28.0	52.15
15	83.0	-65.0	108.0	-25.0	-3.0	-2.0	13.0	-16.0	54.13
16	125.0	88.0	-26.0	-4.0	-5.0	-26.0	7.0	-23.0	52.97
17	-75.0	27.0	-47.0	28.0	9.0	1.0	-2.0	25.0	60.5
18	-4.0	-19.0	-21.0	-12.0	5.0	6.0	6.0	-1.0	74.46
19	86.0	33.0	109.0	86.0	-15.0	8.0	10.0	-37.0	78.86
20	127.0	-69.0	29.0	19.0	-7.0	28.0	-3.0	-7.0	82.93
21	-49.0	20.0	16.0	60.0	3.0	5.0	-5.0	0.0	87.26
22	-60.0	63.0	81.0	78.0	-3.0	13.0	10.0	-1.0	78.9
23	60.0	40.0	-3.0	-29.0	3.0	-13.0	-9.0	27.0	87.53
24	-112.0	-128.0	-54.0	32.0	3.0	1.0	13.0	6.0	90.99
25	-102.0	-92.0	-35.0	61.0	-8.0	10.0	-10.0	18.0	87.26
26	-80.0	23.0	-21.0	-14.0	12.0	3.0	-10.0	14.0	98.14
27	-1.0	-89.0	-20.0	-24.0	5.0	0.0	9.0	-7.0	99.39
28	-3.0	47.0	-85.0	11.0	0.0	-10.0	-6.0	-3.0	100.78
29	95.0	100.0	-54.0	-39.0	-2.0	5.0	8.0	0.0	94.63
30	30.0	127.0	-2.0	-14.0	-1.0	6.0	-2.0	28.0	94.46
31	126.0	63.0	78.0	-38.0	6.0	2.0	9.0	2.0	94.63
32	-19.0	34.0	-31.0	111.0	-8.0	-10.0	-2.0	1.0	104.55
33	23.0	-112.0	-32.0	-4.0	2.0	-7.0	-4.0	11.0	118.23
34	25.0	-28.0	-7.0	-9.0	2.0	-17.0	-5.0	-1.0	100.51
35	-62.0	79.0	13.0	78.0	10.0	-11.0	-10.0	-16.0	103.61
36	-41.0	-55.0	104.0	-8.0	-4.0	-1.0	-7.0	-6.0	97.74
37	120.0	-10.0	-10.0	-36.0	-4.0	10.0	-1.0	-4.0	111.28
38	88.0	119.0	59.0	22.0	-1.0	2.0	-12.0	-17.0	122.0
39	-10.0	-68.0	24.0	7.0	8.0	26.0	10.0	-7.0	122.99
40	25.0	-62.0	7.0	8.0	1.0	-11.0	27.0	8.0	126.85
41	48.0	74.0	1.0	-17.0	-2.0	1.0	10.0	10.0	113.95
42	-13.0	34.0	-30.0	48.0	0.0	-23.0	0.0	-8.0	116.28
43	-80.0	-14.0	-85.0	-12.0	-3.0	10.0	7.0	0.0	127.16
44	-35.0	38.0	-94.0	-92.0	-2.0	7.0	-7.0	-17.0	116.28
45	-67.0	72.0	-29.0	-12.0	1.0	-31.0	-4.0	0.0	112.82
46	12.0	1.0	-45.0	60.0	-3.0	2.0	6.0	-2.0	111.28
47	-44.0	-64.0	-114.0	-69.0	-6.0	19.0	7.0	2.0	124.97
48	17.0	-36.0	-17.0	-43.0	-5.0	2.0	7.0	11.0	124.4
49	-4.0	-13.0	127.0	-83.0	-6.0	-2.0	13.0	-23.0	124.28
50	79.0	-81.0	14.0	-93.0	11.0	13.0	-8.0	12.0	127.16
51	-113.0	-95.0	91.0	-1.0	-9.0	-5.0	-3.0	21.0	127.01
52	-83.0	47.0	26.0	-128.0	18.0	1.0	0.0	-4.0	121.26
53	34.0	119.0	-51.0	18.0	6.0	10.0	5.0	-7.0	121.26
54	-23.0	26.0	-60.0	-5.0	13.0	-13.0	0.0	-39.0	124.97
55	15.0	22.0	101.0	-40.0	11.0	13.0	-16.0	-31.0	109.43
56	-50.0	85.0	0.0	-16.0	-1.0	2.0	-3.0	5.0	103.74
57	53.0	40.0	0.0	11.0	-5.0	16.0	-10.0	5.0	108.12
58	-22.0	36.0	-11.0	-62.0	-2.0	16.0	8.0	-14.0	100.78
59	12.0	103.0	101.0	-119.0	-3.0	-15.0	-4.0	-9.0	103.74
60	122.0	-26.0	-10.0	-26.0	3.0	7.0	-6.0	-1.0	93.96
61	33.0	59.0	-17.0	-8.0	-10.0	-6.0	6.0	25.0	93.96
62	127.0	-113.0	-50.0	111.0	-9.0	-1.0	-4.0	-6.0	90.02
63	-85.0	-111.0	-3.0	-17.0	0.0	2.0	4.0	8.0	83.63
64	-11.0	35.0	-85.0	86.0	-5.0	-23.0	-5.0	-19.0	74.46
65	-126.0	85.0	-2.0	-10.0	8.0	23.0	5.0	-4.0	83.63
66	20.0	23.0	-9.0	1.0	-9.0	-39.0	0.0	27.0	70.74
67	-54.0	43.0	14.0	-19.0	-16.0	-7.0	-3.0	-32.0	73.96
68	-57.0	127.0	-21.0	-8.0	4.0	20.0	-6.0	5.0	61.96
69	11.0	-21.0	-15.0	31.0	-17.0	8.0	-7.0	13.0	55.75
70	12.0	62.0	50.0	69.0	-2.0	-7.0	-14.0	-2.0	52.89
71	-61.0	-128.0	-28.0	9.0	4.0	-10.0	15.0	1.0	52.94
72	-82.0	11.0	-44.0	-8.0	-8.0	-11.0	4.0	0.0	55.75
73	30.0	-108.0	-15.0	0.0	2.0	8.0	-15.0	13.0	52.77
74	-25.0	21.0	-45.0	-119.0	-6.0	6.0	-1.0	16.0	56.32
75	69.0	-6.0	-24.0	3.0	-28.0	-14.0	4.0	-30.0	57.27
76	-44.0	17.0	1.0	-27.0	-3.0	-4.0	-7.0	-27.0	65.56
77	7.0	109.0	20.0	-36.0	-16.0	3.0	-4.0	42.0	67.95
78	95.0	30.0	27.0	3.0	2.0	-17.0	-7.0	-17.0	56.32
79	-9.0	120.0	24.0	-27.0	-8.0	-31.0	10.0	-29.0	65.07
80	-19.0	-31.0	-99.0	-8.0	-6.0	2.0	11.0	-33.0	67.95
