0	81.0	-128.0	-79.0	10.0	-12.0	-12.0	4.0	-17.0	57.8
1	96.0	-2.0	-68.0	2.0	13.0	8.0	-16.0	-19.0	75.83
2	-103.0	86.0	32.0	-3.0	7.0	-6.0	7.0	25.0	91.56
3	-110.0	72.0	20.0	8.0	8.0	13.0	-20.0	-2.0	87.21
4	-2.0	31.0	-69.0	2.0	2.0	-12.0	-10.0	14.0	87.21
5	-40.0	-5.0	91.0	1.0	3.0	-36.0	-4.0	15.0	103.08
6	68.0	-111.0	12.0	-55.0	6.0	-3.0	9.0	17.0	98.03
7	-8.0	-39.0	61.0	18.0	-19.0	-1.0	-6.0	-29.0	98.06
8	-37.0	-1.0	35.0	-4.0	-13.0	0.0	-9.0	6.0	100.42
9	-6.0	57.0	27.0	-27.0	-11.0	-3.0	12.0	17.0	104.58
10	88.0	-33.0	86.0	-22.0	-5.0	-7.0	-8.0	-6.0	107.19
11	-18.0	93.0	14.0	-2.0	18.0	-22.0	-4.0	-16.0	104.93
12	22.0	81.0	58.0	-48.0	9.0	12.0	6.0	3.0	112.01
13	79.0	11.0	-13.0	-28.0	-8.0	-3.0	-13.0	24.0	112.38
14	11.0	-103.0	6.0	118.0	10.0	-3.0	-13.0	-15.0	112.7
15	-30.0	-17.0	-10.0	8.0	-5.0	-18.0	-4.0	-3.0	122.47
16	26.0	106.0	108.0	58.0	-12.0	8.0	-31.0	19.0	122.08
17	-98.0	44.0	-19.0	3.0	27.0	-3.0	12.0	20.0	119.88
18	63.0	68.0	-4.0	25.0	-7.0	-6.0	1.0	-22.0	116.94
19	0.0	-1.0	17.0	-21.0	0.0	-2.0	-4.0	17.0	117.92
20	-65.0	2.0	-92.0	20.0	1.0	0.0	-6.0	-36.0	119.88
21	-87.0	-19.0	-67.0	-48.0	1.0	-5.0	-2.0	-5.0	123.04
22	58.0	6.0	-18.0	2.0	7.0	-3.0	-55.0	-2.0	122.42
23	-25.0	36.0	-7.0	25.0	11.0	-12.0	-5.0	10.0	122.74
24	-10.0	-75.0	12.0	-19.0	4.0	6.0	78.0	-17.0	117.92
25	-12.0	-128.0	-70.0	80.0	10.0	-8.0	-7.0	7.0	110.37
26	-61.0	-108.0	10.0	1.0	13.0	6.0	9.0	-1.0	114.93
27	-80.0	-22.0	18.0	117.0	-2.0	-2.0	-20.0	14.0	120.28
28	-49.0	34.0	-22.0	-25.0	-5.0	8.0	1.0	-16.0	122.42
29	40.0	89.0	7.0	-29.0	9.0	-10.0	-7.0	10.0	112.7
30	0.0	75.0	-16.0	18.0	-19.0	18.0	-4.0	15.0	103.08
31	-17.0	-57.0	9.0	-27.0	5.0	9.0	2.0	-9.0	107.19
32	0.0	63.0	29.0	-3.0	-15.0	-10.0	-15.0	2.0	107.18
33	30.0	-65.0	-36.0	-3.0	5.0	-10.0	5.0	1.0	102.57
34	-37.0	-5.0	35.0	58.0	-1.0	-3.0	-33.0	16.0	92.63
35	75.0	100.0	-26.0	-4.0	-6.0	-4.0	-4.0	9.0	93.28
36	16.0	94.0	105.0	12.0	-14.0	-19.0	9.0	-10.0	98.03
37	64.0	-100.0	-54.0	-5.0	-4.0	-7.0	19.0	-3.0	79.84
38	-28.0	27.0	41.0	4.0	-10.0	-6.0	5.0	-17.0	74.63
39	-18.0	82.0	3.0	-88.0	-3.0	4.0	12.0	1.0	89.34
40	-109.0	-87.0	-4.0	-21.0	-1.0	-15.0	-8.0	-5.0	85.72
41	-4.0	-9.0	-10.0	-14.0	-13.0	2.0	62.0	-3.0	55.27
42	20.0	57.0	-6.0	-20.0	-2.0	7.0	-2.0	3.0	69.34
43	111.0	71.0	30.0	-14.0	-6.0	10.0	-8.0	-40.0	72.86
44	100.0	10.0	-10.0	11.0	10.0	-1.0	4.0	-12.0	62.94
45	63.0	100.0	88.0	30.0	-14.0	1.0	-14.0	-24.0	71.06
46	58.0	125.0	0.0	-58.0	1.0	5.0	0.0	13.0	54.62
47	-93.0	23.0	17.0	24.0	-9.0	-4.0	-8.0	12.0	53.69
48	-1.0	8.0	-9.0	8.0	-1.0	-12.0	2.0	31.0	52.9
49	108.0	59.0	-27.0	14.0	0.0	-13.0	-3.0	-7.0	53.41
50	52.0	6.0	-10.0	12.0	11.0	-1.0	7.0	8.0	52.32
51	-27.0	47.0	-100.0	-10.0	0.0	12.0	1.0	-26.0	51.85
52	-109.0	-49.0	-5.0	71.0	-4.0	14.0	-6.0	-36.0	53.41
53	-66.0	-68.0	-91.0	0.0	-1.0	-4.0	-3.0	9.0	52.74
54	-58.0	19.0	19.0	82.0	8.0	10.0	-5.0	2.0	51.96
55	-2.0	-26.0	-85.0	-4.0	-10.0	-5.0	15.0	-6.0	51.86
56	39.0	-68.0	-20.0	47.0	8.0	-9.0	-1.0	-6.0	51.85
57	-40.0	58.0	53.0	-23.0	-21.0	-7.0	-13.0	0.0	52.32
58	-52.0	-32.0	-106.0	11.0	0.0	-11.0	9.0	-7.0	51.85
59	28.0	72.0	-10.0	-66.0	-6.0	-5.0	2.0	5.0	52.3
60	104.0	58.0	-85.0	-30.0	12.0	0.0	-25.0	-2.0	50.55
61	-110.0	-7.0	3.0	24.0	-13.0	-13.0	-5.0	8.0	52.53
62	44.0	55.0	1.0	-37.0	18.0	2.0	25.0	-16.0	53.52
63	45.0	-40.0	13.0	11.0	2.0	-17.0	3.0	-8.0	53.83
64	-69.0	37.0	26.0	-48.0	-5.0	6.0	-9.0	-20.0	53.69
65	-23.0	-19.0	2.0	57.0	-1.0	4.0	-2.0	-11.0	53.52
66	-111.0	-79.0	-29.0	1.0	2.0	15.0	-22.0	-10.0	53.83
67	88.0	90.0	1.0	10.0	-13.0	-23.0	3.0	-24.0	54.52
68	26.0	-69.0	-69.0	-97.0	-8.0	13.0	-10.0	2.0	59.65
69	69.0	-5.0	-40.0	12.0	6.0	-12.0	26.0	9.0	59.65
70	14.0	44.0	39.0	39.0	-1.0	-2.0	-5.0	-13.0	62.94
71	-121.0	14.0	34.0	-54.0	-9.0	-1.0	-10.0	23.0	78.46
72	-81.0	-80.0	-27.0	6.0	-4.0	-1.0	5.0	25.0	80.31
73	38.0	-21.0	28.0	-17.0	9.0	-2.0	5.0	16.0	96.4
74	86.0	12.0	26.0	-33.0	-4.0	7.0	-1.0	2.0	92.63
75	72.0	1.0	-32.0	-18.0	-13.0	-10.0	7.0	9.0	79.84
76	127.0	126.0	-42.0	-18.0	9.0	10.0	-5.0	-8.0	83.77
77	103.0	58.0	43.0	-4.0	-4.0	7.0	21.0	-33.0	85.72
78	-128.0	18.0	31.0	-33.0	-6.0	-14.0	1.0	40.0	66.93
