0	-15.0	-26.0	106.0	7.0	-6.0	-11.0	5.0	-47.0	130.56
1	30.0	19.0	-50.0	19.0	11.0	-2.0	0.0	2.0	129.9
2	-128.0	-17.0	-1.0	-41.0	-2.0	2.0	-12.0	9.0	130.61
3	69.0	-4.0	-17.0	2.0	-23.0	-7.0	0.0	-30.0	127.2
4	-8.0	8.0	-6.0	-5.0	11.0	0.0	-1.0	7.0	130.56
5	-84.0	-11.0	81.0	-15.0	-6.0	3.0	-9.0	8.0	130.73
6	-22.0	5.0	-7.0	-9.0	5.0	-1.0	12.0	-1.0	129.09
7	-89.0	-7.0	5.0	5.0	1.0	-6.0	2.0	11.0	123.1
8	-2.0	-66.0	3.0	-11.0	2.0	5.0	0.0	13.0	127.0
9	-71.0	-47.0	-14.0	26.0	0.0	-9.0	-10.0	-16.0	115.02
10	-26.0	-5.0	6.0	3.0	-6.0	1.0	0.0	2.0	110.71
11	19.0	-67.0	24.0	-92.0	6.0	4.0	-1.0	-19.0	94.23
12	-78.0	-58.0	-50.0	40.0	15.0	1.0	22.0	7.0	73.29
13	-8.0	-5.0	62.0	-3.0	12.0	-16.0	-3.0	9.0	106.55
14	52.0	-87.0	-51.0	-40.0	11.0	-6.0	0.0	2.0	100.16
15	-66.0	-29.0	12.0	29.0	-20.0	-8.0	-17.0	-10.0	68.19
16	-53.0	9.0	-7.0	-12.0	4.0	9.0	-2.0	-21.0	71.25
17	-9.0	-59.0	0.0	5.0	10.0	0.0	3.0	-7.0	79.32
18	50.0	-6.0	-10.0	13.0	-4.0	-2.0	8.0	6.0	80.18
19	-16.0	69.0	-8.0	-52.0	-3.0	8.0	1.0	-21.0	91.63
20	-36.0	-63.0	-71.0	5.0	-2.0	-2.0	4.0	-44.0	102.44
21	12.0	30.0	-7.0	-116.0	-7.0	8.0	-4.0	6.0	117.1
22	-91.0	-92.0	11.0	16.0	-1.0	-7.0	-3.0	27.0	85.42
23	-73.0	5.0	-1.0	-20.0	9.0	15.0	21.0	-12.0	64.05
24	-43.0	27.0	-8.0	-28.0	30.0	-2.0	0.0	-15.0	55.79
25	21.0	41.0	37.0	6.0	0.0	-13.0	-32.0	23.0	54.98
26	-11.0	79.0	-61.0	-15.0	-4.0	1.0	0.0	-11.0	53.86
27	-111.0	-9.0	-28.0	15.0	-2.0	3.0	0.0	-20.0	55.5
28	24.0	-37.0	10.0	-16.0	9.0	14.0	-8.0	-1.0	59.18
29	-23.0	-78.0	-15.0	9.0	0.0	1.0	13.0	6.0	53.86
30	7.0	-53.0	-4.0	24.0	-49.0	0.0	20.0	-13.0	55.17
31	127.0	-32.0	-64.0	25.0	-9.0	0.0	10.0	-19.0	59.31
32	47.0	-14.0	-6.0	-12.0	-17.0	-4.0	4.0	7.0	49.71
33	12.0	-1.0	12.0	-16.0	-3.0	1.0	25.0	29.0	43.06
34	15.0	-23.0	21.0	-46.0	19.0	6.0	-17.0	-17.0	52.46
35	-45.0	-66.0	-5.0	-28.0	-25.0	6.0	-13.0	-20.0	48.8
36	-13.0	-28.0	16.0	-5.0	-2.0	-4.0	3.0	-11.0	58.09
37	106.0	-55.0	-119.0	8.0	-13.0	3.0	11.0	10.0	51.5
38	-7.0	-9.0	2.0	2.0	9.0	7.0	-5.0	-3.0	58.04
39	69.0	-81.0	-14.0	31.0	-9.0	5.0	-3.0	-4.0	58.04
40	-25.0	-16.0	3.0	1.0	3.0	-29.0	-7.0	9.0	49.29
41	7.0	-7.0	-8.0	-9.0	5.0	-7.0	0.0	1.0	43.21
42	-5.0	39.0	-7.0	11.0	27.0	0.0	-3.0	6.0	50.65
43	24.0	43.0	-36.0	-5.0	32.0	3.0	-9.0	26.0	53.74
44	-12.0	-121.0	-115.0	15.0	3.0	-3.0	-8.0	-9.0	50.65
45	82.0	-14.0	-11.0	16.0	-18.0	-2.0	-5.0	-10.0	49.71
46	4.0	127.0	-41.0	0.0	3.0	-1.0	-16.0	-5.0	54.98
47	36.0	-85.0	2.0	7.0	51.0	3.0	9.0	28.0	58.58
48	-11.0	102.0	61.0	9.0	-15.0	3.0	4.0	11.0	59.31
49	-70.0	-10.0	-18.0	8.0	-6.0	20.0	0.0	-36.0	58.22
50	-14.0	-126.0	5.0	-6.0	-5.0	-2.0	-6.0	-19.0	60.89
51	1.0	-15.0	-9.0	-8.0	-3.0	1.0	-1.0	-28.0	60.92
52	67.0	-2.0	-35.0	-33.0	3.0	4.0	1.0	43.0	67.43
53	8.0	115.0	-14.0	-102.0	-6.0	-1.0	5.0	-1.0	68.19
54	-17.0	-1.0	-3.0	38.0	1.0	2.0	-1.0	-3.0	64.05
55	-80.0	39.0	-1.0	-14.0	-8.0	24.0	-5.0	19.0	63.79
56	-75.0	-29.0	-6.0	32.0	-50.0	-6.0	2.0	-5.0	80.18
57	-29.0	127.0	-57.0	2.0	5.0	-5.0	-14.0	-9.0	93.67
58	-27.0	-46.0	-8.0	-13.0	1.0	10.0	4.0	9.0	116.3
59	13.0	24.0	-15.0	40.0	8.0	-22.0	7.0	30.0	89.54
60	-53.0	-11.0	-39.0	-12.0	0.0	-1.0	10.0	-12.0	113.82
61	0.0	71.0	124.0	-18.0	-4.0	-1.0	-2.0	-20.0	120.76
62	-42.0	6.0	1.0	88.0	-15.0	-4.0	-13.0	14.0	106.55
63	-73.0	51.0	27.0	-12.0	3.0	-6.0	-11.0	2.0	79.32
64	-20.0	-85.0	18.0	-8.0	5.0	-5.0	6.0	29.0	75.6
65	-84.0	0.0	6.0	-2.0	7.0	-7.0	4.0	-10.0	120.76
66	31.0	-5.0	-3.0	-8.0	17.0	1.0	-11.0	-6.0	129.09
67	-2.0	-87.0	16.0	3.0	-2.0	-3.0	-13.0	-3.0	129.76
68	-7.0	-2.0	-103.0	-12.0	-53.0	2.0	3.0	-11.0	124.28
69	29.0	-102.0	-16.0	-17.0	10.0	3.0	-8.0	-34.0	127.2
70	-17.0	34.0	3.0	-41.0	1.0	0.0	-3.0	4.0	94.23
71	-10.0	32.0	-128.0	4.0	4.0	-12.0	-1.0	52.0	123.1
72	-10.0	2.0	-7.0	7.0	5.0	5.0	-3.0	-3.0	116.3
73	-27.0	6.0	15.0	-10.0	10.0	15.0	-3.0	-21.0	97.75
74	-16.0	30.0	-51.0	0.0	-26.0	0.0	3.0	5.0	87.58
75	67.0	-11.0	13.0	-1.0	2.0	-4.0	-8.0	6.0	106.1
76	-75.0	-9.0	-97.0	-38.0	2.0	3.0	22.0	-2.0	118.58
77	-78.0	-24.0	1.0	0.0	6.0	-7.0	-4.0	-17.0	130.34
78	1.0	-14.0	27.0	-27.0	1.0	9.0	-1.0	-4.0	129.9
79	8.0	5.0	-15.0	-16.0	-9.0	-1.0	19.0	-24.0	129.81
