0	-73.0	-9.0	-97.0	15.0	-8.0	-22.0	4.0	-1.0	91.63
1	-70.0	-7.0	-4.0	-16.0	-6.0	-3.0	-3.0	-5.0	97.75
2	-27.0	-87.0	-50.0	-8.0	-17.0	15.0	0.0	-28.0	94.23
3	52.0	-17.0	3.0	-9.0	-18.0	-2.0	-13.0	-6.0	67.43
4	-84.0	-85.0	-7.0	6.0	-20.0	-5.0	5.0	43.0	79.32
5	-78.0	-4.0	-10.0	9.0	1.0	5.0	-10.0	9.0	59.31
6	13.0	-37.0	62.0	-15.0	30.0	3.0	-12.0	-3.0	58.04
7	-128.0	-7.0	-36.0	8.0	3.0	-2.0	-5.0	-17.0	51.5
8	-23.0	-92.0	-11.0	15.0	-9.0	3.0	-1.0	11.0	55.17
9	-22.0	0.0	61.0	-9.0	1.0	-4.0	-17.0	9.0	55.5
10	12.0	-14.0	5.0	0.0	10.0	2.0	-1.0	30.0	55.79
11	21.0	24.0	81.0	-41.0	-1.0	3.0	8.0	23.0	59.31
12	-7.0	19.0	1.0	3.0	6.0	-2.0	0.0	-13.0	63.79
13	-8.0	41.0	1.0	-40.0	-6.0	4.0	4.0	-21.0	64.05
14	-89.0	-11.0	6.0	2.0	9.0	-3.0	20.0	-2.0	58.09
15	-8.0	-58.0	-39.0	-12.0	5.0	10.0	-3.0	14.0	48.8
16	24.0	-59.0	-115.0	-20.0	10.0	-4.0	4.0	-36.0	50.65
17	-13.0	6.0	3.0	40.0	-2.0	3.0	3.0	-16.0	49.71
18	1.0	-55.0	-51.0	5.0	-4.0	-1.0	12.0	13.0	58.04
19	-17.0	-23.0	-3.0	-46.0	27.0	2.0	-6.0	2.0	53.86
20	-11.0	39.0	2.0	16.0	-6.0	-29.0	-3.0	-19.0	49.71
21	-36.0	-29.0	-7.0	-33.0	9.0	-9.0	0.0	-19.0	52.46
22	-14.0	9.0	-1.0	4.0	5.0	-2.0	0.0	7.0	50.65
23	1.0	5.0	-17.0	31.0	-5.0	-4.0	11.0	-44.0	49.29
24	-53.0	-78.0	-3.0	-52.0	11.0	0.0	-3.0	-30.0	43.21
25	29.0	39.0	-1.0	5.0	3.0	-6.0	2.0	6.0	43.06
26	-2.0	34.0	37.0	26.0	-9.0	-4.0	3.0	7.0	53.74
27	-111.0	79.0	-51.0	1.0	-50.0	0.0	-9.0	-10.0	53.86
28	82.0	127.0	13.0	3.0	-2.0	14.0	-7.0	-20.0	54.98
29	-84.0	-87.0	18.0	2.0	12.0	15.0	-9.0	-1.0	58.22
30	12.0	5.0	-64.0	-5.0	-6.0	-6.0	-1.0	-3.0	58.58
31	-75.0	-66.0	16.0	19.0	0.0	0.0	-13.0	-20.0	54.98
32	-71.0	-14.0	24.0	-102.0	-25.0	0.0	0.0	-21.0	64.05
33	106.0	32.0	0.0	-16.0	-4.0	6.0	1.0	-7.0	87.58
34	-17.0	-10.0	-5.0	-41.0	-15.0	3.0	25.0	7.0	80.18
35	-16.0	-1.0	-7.0	-6.0	7.0	0.0	22.0	-12.0	73.29
36	0.0	51.0	2.0	-12.0	15.0	2.0	-2.0	-4.0	79.32
37	-29.0	-29.0	27.0	-15.0	1.0	-7.0	-16.0	10.0	68.19
38	-91.0	-67.0	-6.0	0.0	-13.0	-1.0	3.0	11.0	60.89
39	-25.0	30.0	16.0	-27.0	-7.0	-7.0	-5.0	19.0	59.18
40	-53.0	2.0	-18.0	-16.0	-4.0	3.0	0.0	-11.0	60.92
41	8.0	-28.0	-14.0	13.0	11.0	-7.0	19.0	-10.0	80.18
42	-78.0	6.0	12.0	-12.0	0.0	-13.0	-1.0	28.0	68.19
43	-5.0	-2.0	11.0	-2.0	-6.0	-1.0	-17.0	-20.0	71.25
44	-12.0	-53.0	12.0	29.0	9.0	3.0	-3.0	9.0	75.6
45	-45.0	127.0	-15.0	-28.0	3.0	1.0	21.0	2.0	85.42
46	-75.0	-6.0	-8.0	-10.0	-9.0	7.0	10.0	-9.0	100.16
47	-9.0	43.0	3.0	-8.0	2.0	-7.0	-11.0	-21.0	106.55
48	19.0	-1.0	-50.0	-3.0	4.0	-11.0	-11.0	6.0	106.1
49	-10.0	-32.0	106.0	-28.0	3.0	5.0	10.0	8.0	118.58
50	-20.0	102.0	-9.0	2.0	-26.0	-5.0	4.0	-3.0	124.28
51	-66.0	-85.0	21.0	-14.0	8.0	-6.0	4.0	-34.0	127.2
52	-11.0	-11.0	-8.0	-12.0	-23.0	20.0	6.0	4.0	123.1
53	-26.0	-5.0	-128.0	40.0	3.0	-1.0	3.0	-4.0	120.76
54	-10.0	-47.0	27.0	-17.0	10.0	-2.0	-5.0	-24.0	120.76
55	30.0	-2.0	-119.0	-1.0	0.0	1.0	7.0	-3.0	113.82
56	-16.0	-14.0	15.0	8.0	-15.0	6.0	-32.0	29.0	117.1
57	-2.0	-9.0	-41.0	-38.0	11.0	-16.0	-3.0	-10.0	115.02
58	8.0	-102.0	-8.0	5.0	2.0	8.0	-4.0	-19.0	127.2
59	-42.0	-26.0	-7.0	38.0	17.0	9.0	0.0	52.0	129.9
60	7.0	-24.0	5.0	88.0	-2.0	-1.0	0.0	26.0	130.34
61	7.0	-9.0	-6.0	7.0	-53.0	-6.0	9.0	-11.0	129.9
62	36.0	-121.0	124.0	25.0	4.0	3.0	-4.0	-1.0	130.73
63	50.0	27.0	-57.0	-18.0	1.0	-1.0	-8.0	-47.0	130.56
64	24.0	-5.0	-16.0	-92.0	0.0	24.0	2.0	5.0	129.09
65	-7.0	8.0	-7.0	7.0	-3.0	-12.0	-1.0	6.0	127.0
66	127.0	-46.0	-103.0	-116.0	6.0	-7.0	-3.0	-5.0	129.09
67	-80.0	-63.0	-15.0	32.0	5.0	8.0	0.0	2.0	130.61
68	-27.0	-16.0	10.0	-5.0	32.0	1.0	0.0	29.0	129.81
69	47.0	30.0	-35.0	-5.0	-2.0	1.0	-8.0	-9.0	130.56
70	31.0	5.0	-28.0	9.0	-3.0	4.0	5.0	-15.0	129.76
71	4.0	-81.0	-14.0	0.0	-2.0	1.0	-1.0	9.0	123.1
72	67.0	115.0	-71.0	7.0	5.0	0.0	-13.0	1.0	116.3
73	-73.0	-66.0	-8.0	16.0	1.0	-8.0	22.0	6.0	116.3
74	15.0	71.0	-1.0	-13.0	51.0	0.0	-2.0	6.0	102.44
75	67.0	69.0	-6.0	24.0	19.0	-2.0	-8.0	2.0	110.71
76	69.0	-5.0	-15.0	-8.0	5.0	1.0	1.0	-12.0	106.55
77	69.0	-15.0	6.0	11.0	-49.0	5.0	-8.0	-17.0	89.54
78	-15.0	-11.0	-61.0	-12.0	-3.0	1.0	13.0	-11.0	93.67
79	-43.0	-126.0	-14.0	-11.0	2.0	9.0	-14.0	27.0	94.23
