0	-29.0	-10.0	-14.0	-1.0	-7.0	-6.0	-12.0	113.0	36.01
1	-38.0	-33.0	49.0	15.0	-3.0	6.0	-3.0	-117.0	42.26
2	12.0	-22.0	-5.0	-28.0	41.0	-3.0	9.0	30.0	48.52
3	-11.0	-3.0	27.0	3.0	-3.0	82.0	-26.0	4.0	43.88
4	66.0	-56.0	52.0	0.0	-6.0	-9.0	3.0	18.0	36.29
5	-34.0	-25.0	13.0	-1.0	1.0	-6.0	21.0	40.0	31.74
6	5.0	7.0	-18.0	12.0	-9.0	2.0	46.0	33.0	39.54
7	-15.0	-65.0	0.0	-23.0	-26.0	4.0	-19.0	4.0	31.74
8	35.0	-11.0	0.0	3.0	-8.0	-17.0	-3.0	-25.0	36.05
9	59.0	-82.0	-23.0	-14.0	-21.0	8.0	-2.0	25.0	42.8
10	-20.0	14.0	47.0	14.0	-7.0	36.0	12.0	-16.0	47.14
11	-70.0	40.0	-11.0	11.0	5.0	-31.0	38.0	0.0	52.46
12	-13.0	-5.0	-58.0	-6.0	12.0	4.0	16.0	20.0	48.33
13	-30.0	2.0	9.0	-20.0	10.0	-2.0	3.0	11.0	47.75
14	-56.0	61.0	32.0	-2.0	0.0	2.0	5.0	11.0	52.46
15	-45.0	26.0	12.0	-96.0	4.0	-4.0	4.0	-11.0	42.8
16	74.0	-1.0	-23.0	-24.0	8.0	-16.0	-25.0	-7.0	45.8
17	-55.0	-30.0	0.0	6.0	9.0	20.0	2.0	-5.0	52.0
18	-3.0	-80.0	-16.0	-5.0	7.0	-12.0	18.0	11.0	45.8
19	-11.0	36.0	63.0	-4.0	3.0	20.0	-12.0	-5.0	39.69
20	-38.0	35.0	-29.0	6.0	28.0	25.0	17.0	34.0	47.14
21	-4.0	-77.0	19.0	-6.0	-9.0	0.0	-9.0	-29.0	57.15
22	10.0	34.0	15.0	-7.0	3.0	4.0	-18.0	2.0	61.0
23	-22.0	-31.0	2.0	1.0	6.0	-2.0	29.0	-38.0	59.6
24	30.0	2.0	-10.0	25.0	15.0	7.0	-1.0	-13.0	69.07
25	-84.0	13.0	-11.0	-40.0	-2.0	-5.0	-32.0	16.0	69.07
26	-10.0	-14.0	46.0	19.0	2.0	5.0	-23.0	3.0	68.86
27	-14.0	17.0	-21.0	5.0	1.0	20.0	1.0	-55.0	63.84
28	76.0	-51.0	88.0	-14.0	8.0	-13.0	35.0	-11.0	65.91
29	-39.0	121.0	-22.0	-4.0	-7.0	-7.0	-11.0	127.0	49.66
30	17.0	-12.0	-8.0	-19.0	2.0	0.0	-12.0	10.0	57.15
31	-18.0	-57.0	13.0	-42.0	-6.0	-3.0	7.0	32.0	59.6
32	-25.0	-7.0	68.0	13.0	-10.0	9.0	11.0	14.0	55.24
33	-51.0	-57.0	-12.0	-10.0	-19.0	-49.0	8.0	1.0	70.62
34	-65.0	51.0	-43.0	8.0	-1.0	3.0	8.0	87.0	78.2
35	14.0	-12.0	-42.0	11.0	-13.0	-9.0	-22.0	17.0	80.66
36	-21.0	19.0	47.0	-2.0	17.0	27.0	4.0	-15.0	87.24
37	6.0	-30.0	-71.0	9.0	-1.0	2.0	-11.0	-9.0	88.43
38	-14.0	-21.0	77.0	3.0	9.0	-5.0	0.0	-5.0	82.67
39	2.0	1.0	-71.0	-7.0	-8.0	22.0	-7.0	16.0	90.87
40	-2.0	1.0	-6.0	25.0	-7.0	9.0	-26.0	-12.0	98.42
41	13.0	-34.0	-11.0	8.0	0.0	2.0	-19.0	41.0	99.57
42	-3.0	-9.0	2.0	12.0	-7.0	-4.0	7.0	-35.0	103.56
43	8.0	-14.0	-68.0	6.0	5.0	0.0	-60.0	20.0	109.68
44	32.0	30.0	4.0	-2.0	-1.0	6.0	42.0	-19.0	112.86
45	8.0	-10.0	20.0	18.0	5.0	-8.0	-20.0	-27.0	117.82
46	-4.0	42.0	-17.0	-9.0	-4.0	-1.0	-9.0	14.0	114.46
47	-4.0	-8.0	-7.0	-15.0	10.0	-9.0	-17.0	49.0	117.23
48	-16.0	38.0	7.0	-4.0	-5.0	9.0	8.0	-7.0	116.13
49	-101.0	-91.0	31.0	-8.0	5.0	-11.0	-14.0	2.0	114.17
50	127.0	-26.0	7.0	-8.0	6.0	25.0	-18.0	19.0	119.85
51	-79.0	59.0	-7.0	-12.0	10.0	4.0	12.0	51.0	120.4
52	42.0	-30.0	-34.0	-16.0	5.0	-24.0	32.0	28.0	119.84
53	-18.0	-5.0	-11.0	24.0	9.0	-2.0	13.0	11.0	119.84
54	0.0	-53.0	-16.0	-11.0	8.0	0.0	2.0	1.0	119.63
55	-65.0	-33.0	-11.0	3.0	41.0	-4.0	17.0	-42.0	118.73
56	-34.0	16.0	2.0	8.0	19.0	-4.0	-128.0	24.0	118.73
57	14.0	40.0	-8.0	-27.0	-17.0	13.0	1.0	43.0	110.24
58	-49.0	-26.0	3.0	-66.0	-14.0	4.0	-15.0	39.0	108.82
59	1.0	5.0	-4.0	-4.0	10.0	-5.0	87.0	-12.0	114.17
60	42.0	-3.0	21.0	-18.0	3.0	-25.0	88.0	20.0	99.57
61	-10.0	-78.0	-2.0	12.0	-14.0	10.0	-3.0	4.0	106.07
62	28.0	99.0	-3.0	10.0	4.0	62.0	2.0	-27.0	106.78
63	-10.0	16.0	-14.0	-6.0	12.0	-35.0	-14.0	-4.0	104.45
64	11.0	-6.0	-20.0	-3.0	2.0	24.0	9.0	-46.0	112.86
65	-21.0	-58.0	-13.0	-5.0	-8.0	5.0	-7.0	22.0	108.82
66	30.0	-18.0	-10.0	39.0	-3.0	-8.0	-26.0	11.0	107.63
67	24.0	1.0	-15.0	-18.0	-1.0	3.0	-15.0	-22.0	104.45
68	10.0	-11.0	-9.0	13.0	17.0	20.0	-2.0	-28.0	107.63
69	7.0	21.0	-2.0	-21.0	-3.0	6.0	-6.0	-24.0	94.24
70	48.0	10.0	-53.0	10.0	-15.0	-9.0	18.0	-19.0	97.26
71	8.0	-3.0	5.0	4.0	8.0	7.0	10.0	54.0	99.24
72	69.0	-50.0	-2.0	12.0	13.0	6.0	-1.0	-4.0	103.49
73	42.0	1.0	19.0	-18.0	8.0	-1.0	6.0	7.0	92.91
74	-49.0	9.0	21.0	1.0	21.0	-2.0	-1.0	19.0	90.87
75	-15.0	-64.0	21.0	-4.0	5.0	-9.0	-4.0	19.0	88.43
76	-65.0	-23.0	-83.0	-11.0	0.0	2.0	116.0	-24.0	78.2
77	-1.0	3.0	9.0	14.0	-4.0	-12.0	-10.0	56.0	72.25
78	-73.0	-34.0	-4.0	-9.0	2.0	2.0	7.0	26.0	54.9
