0	127.0	-15.0	26.0	-12.0	-44.0	18.0	-48.0	-95.0	134.97
1	41.0	-1.0	59.0	-6.0	-128.0	41.0	127.0	34.0	113.23
2	40.0	-71.0	-24.0	-20.0	-87.0	123.0	-23.0	-107.0	110.91
3	83.0	25.0	127.0	-22.0	127.0	78.0	-54.0	-128.0	111.83
4	41.0	17.0	5.0	-123.0	-44.0	35.0	-23.0	-49.0	110.08
5	-12.0	-4.0	30.0	77.0	-128.0	127.0	48.0	127.0	110.08
6	-11.0	2.0	126.0	46.0	112.0	127.0	-42.0	127.0	110.91
7	-1.0	35.0	11.0	-19.0	-4.0	113.0	-37.0	80.0	110.64
8	5.0	51.0	14.0	101.0	-51.0	63.0	-128.0	41.0	114.09
9	-44.0	-2.0	-10.0	85.0	-116.0	-122.0	127.0	6.0	111.3
10	-112.0	24.0	-7.0	30.0	32.0	67.0	110.0	96.0	126.0
11	22.0	12.0	34.0	-30.0	-74.0	-72.0	-8.0	-128.0	133.35
12	28.0	46.0	9.0	-20.0	78.0	127.0	21.0	-22.0	124.34
13	-26.0	-6.0	-9.0	-8.0	53.0	-128.0	39.0	-64.0	138.78
14	17.0	37.0	29.0	-29.0	89.0	-128.0	-23.0	50.0	134.97
15	12.0	54.0	8.0	4.0	-95.0	-107.0	-20.0	-52.0	144.66
16	-36.0	-8.0	-3.0	-9.0	-128.0	125.0	-128.0	99.0	144.19
17	-81.0	11.0	7.0	26.0	28.0	45.0	-24.0	61.0	144.19
18	-10.0	-21.0	-11.0	-14.0	64.0	-18.0	26.0	-128.0	146.54
19	16.0	37.0	27.0	-56.0	23.0	-90.0	39.0	-54.0	144.66
20	80.0	-50.0	-22.0	50.0	-103.0	57.0	127.0	-128.0	150.11
21	-2.0	-7.0	-7.0	-28.0	77.0	93.0	-11.0	100.0	152.54
22	12.0	-11.0	-19.0	-24.0	90.0	86.0	-79.0	-29.0	167.4
23	38.0	39.0	-8.0	18.0	127.0	-55.0	57.0	-112.0	167.75
24	-36.0	26.0	-44.0	27.0	-54.0	12.0	14.0	54.0	168.73
25	0.0	-35.0	-37.0	12.0	-71.0	-114.0	64.0	118.0	168.72
26	65.0	87.0	27.0	-18.0	-26.0	-34.0	13.0	32.0	168.82
27	0.0	-1.0	-11.0	-52.0	7.0	127.0	117.0	-43.0	164.76
28	53.0	-17.0	0.0	-52.0	106.0	-14.0	44.0	42.0	163.23
29	-3.0	-1.0	19.0	4.0	127.0	30.0	-2.0	-13.0	168.73
30	41.0	-54.0	-3.0	19.0	43.0	124.0	-52.0	-64.0	168.72
31	127.0	6.0	29.0	9.0	-57.0	-23.0	-54.0	-68.0	167.75
32	53.0	4.0	0.0	8.0	-62.0	63.0	125.0	-64.0	163.23
33	-81.0	-31.0	-3.0	78.0	-28.0	67.0	66.0	104.0	163.99
34	36.0	-6.0	18.0	77.0	-128.0	127.0	117.0	29.0	164.7
35	40.0	87.0	-4.0	-4.0	-107.0	125.0	1.0	-91.0	161.28
36	-49.0	1.0	-19.0	-17.0	-116.0	102.0	127.0	89.0	157.37
37	31.0	-9.0	-8.0	-44.0	-6.0	69.0	67.0	-45.0	156.07
38	127.0	43.0	14.0	-56.0	-31.0	2.0	-123.0	-112.0	161.44
39	83.0	-15.0	10.0	6.0	80.0	12.0	-123.0	-39.0	166.14
40	17.0	3.0	5.0	-7.0	79.0	-101.0	-102.0	63.0	164.7
41	27.0	-5.0	-10.0	62.0	127.0	-78.0	-113.0	65.0	167.99
42	-44.0	7.0	-5.0	101.0	-35.0	-72.0	-91.0	-61.0	167.4
43	10.0	12.0	-5.0	91.0	31.0	6.0	117.0	25.0	163.9
44	-47.0	13.0	3.0	85.0	34.0	-1.0	60.0	-7.0	164.76
45	-14.0	-64.0	10.0	22.0	127.0	-55.0	122.0	0.0	167.3
46	-118.0	33.0	9.0	101.0	127.0	-31.0	39.0	41.0	168.62
47	5.0	-15.0	-1.0	78.0	43.0	27.0	-15.0	2.0	163.63
48	16.0	-14.0	124.0	115.0	-36.0	44.0	49.0	127.0	167.3
49	15.0	44.0	-9.0	-99.0	8.0	2.0	43.0	52.0	166.21
50	127.0	53.0	-37.0	-49.0	22.0	39.0	70.0	-95.0	165.34
51	-18.0	37.0	15.0	-84.0	-28.0	67.0	-24.0	-85.0	167.4
52	5.0	109.0	1.0	20.0	36.0	127.0	31.0	32.0	161.44
53	-44.0	-13.0	45.0	-27.0	-54.0	127.0	-128.0	41.0	160.3
54	16.0	-4.0	-48.0	1.0	42.0	-90.0	70.0	58.0	157.37
55	40.0	-11.0	21.0	-16.0	31.0	22.0	49.0	-17.0	156.07
56	-32.0	104.0	36.0	-20.0	18.0	99.0	105.0	-63.0	155.18
57	23.0	-2.0	-11.0	-107.0	-59.0	13.0	42.0	71.0	152.52
58	-18.0	27.0	-25.0	0.0	18.0	-128.0	-105.0	76.0	160.3
59	-21.0	11.0	15.0	-2.0	66.0	-17.0	55.0	74.0	157.91
60	-16.0	13.0	-17.0	101.0	9.0	34.0	-54.0	-57.0	152.54
61	23.0	6.0	-17.0	127.0	28.0	-95.0	96.0	-67.0	149.51
62	6.0	127.0	19.0	-6.0	23.0	22.0	47.0	-128.0	147.77
63	-118.0	32.0	-14.0	23.0	-71.0	127.0	127.0	80.0	150.11
64	-57.0	11.0	13.0	5.0	127.0	95.0	127.0	41.0	141.89
65	38.0	27.0	-14.0	-40.0	-29.0	-128.0	101.0	-35.0	139.58
66	25.0	-2.0	12.0	19.0	-81.0	-107.0	31.0	3.0	140.12
67	45.0	3.0	127.0	5.0	42.0	-104.0	35.0	-12.0	144.13
68	-27.0	44.0	-6.0	-107.0	-9.0	93.0	-34.0	-96.0	140.12
69	-63.0	95.0	-39.0	-30.0	-23.0	-128.0	24.0	-74.0	139.44
70	-8.0	-28.0	26.0	36.0	119.0	18.0	67.0	42.0	127.1
71	38.0	21.0	10.0	54.0	-12.0	48.0	-66.0	39.0	123.03
72	-38.0	8.0	25.0	-40.0	32.0	11.0	28.0	65.0	138.09
73	-4.0	33.0	-14.0	19.0	-10.0	-104.0	10.0	95.0	141.89
74	38.0	-16.0	36.0	35.0	21.0	92.0	102.0	118.0	138.78
75	16.0	-14.0	-7.0	6.0	36.0	-127.0	-25.0	42.0	144.13
76	-11.0	12.0	34.0	-2.0	-3.0	-51.0	-86.0	127.0	141.39
77	38.0	-64.0	-9.0	127.0	59.0	122.0	-15.0	-36.0	127.1
78	23.0	14.0	59.0	9.0	-20.0	-106.0	-103.0	-107.0	113.23
79	9.0	10.0	27.0	22.0	-11.0	17.0	-9.0	-98.0	121.2
80	5.0	-30.0	4.0	62.0	-62.0	-62.0	24.0	-12.0	126.0
81	104.0	-37.0	-10.0	-1.0	110.0	-109.0	22.0	98.0	111.83
82	59.0	-14.0	-7.0	-19.0	-15.0	60.0	-48.0	-33.0	122.89
83	84.0	8.0	36.0	-66.0	85.0	19.0	127.0	-128.0	110.63
84	-25.0	21.0	14.0	-20.0	54.0	37.0	127.0	120.0	122.89
85	28.0	-25.0	-36.0	-123.0	-8.0	127.0	44.0	-34.0	110.92
86	-58.0	54.0	-1.0	-7.0	2.0	95.0	-128.0	-45.0	110.24
