0	-64.0	2.0	-21.0	-27.0	50.0	-4.0	-33.0	-50.0	106.37
1	-26.0	12.0	56.0	29.0	120.0	74.0	-90.0	40.0	107.48
2	51.0	-25.0	21.0	-54.0	34.0	-1.0	-128.0	68.0	106.74
3	75.0	-8.0	-26.0	-10.0	76.0	-94.0	-117.0	-28.0	107.48
4	-6.0	-2.0	-18.0	-18.0	36.0	84.0	6.0	127.0	107.56
5	-13.0	-29.0	-7.0	-24.0	9.0	100.0	24.0	85.0	108.54
6	-22.0	3.0	-63.0	-10.0	18.0	127.0	-45.0	-1.0	115.19
7	-55.0	-37.0	-3.0	10.0	-1.0	73.0	88.0	-109.0	120.14
8	33.0	8.0	20.0	86.0	21.0	-31.0	-45.0	-57.0	132.04
9	74.0	-54.0	5.0	-38.0	44.0	127.0	64.0	-119.0	131.61
10	-37.0	43.0	47.0	-16.0	-20.0	92.0	123.0	-30.0	115.19
11	-1.0	111.0	-59.0	-4.0	18.0	-60.0	-80.0	115.0	116.92
12	-52.0	-56.0	42.0	19.0	6.0	-4.0	-8.0	-128.0	123.0
13	-120.0	-31.0	27.0	-24.0	35.0	45.0	17.0	-103.0	131.18
14	90.0	-19.0	-10.0	16.0	127.0	-84.0	56.0	-112.0	122.73
15	127.0	4.0	23.0	-66.0	-22.0	45.0	23.0	-61.0	122.4
16	20.0	24.0	-25.0	36.0	66.0	-119.0	-93.0	27.0	128.55
17	30.0	-36.0	-12.0	19.0	28.0	-11.0	-6.0	57.0	138.18
18	1.0	-29.0	-43.0	20.0	-117.0	76.0	17.0	27.0	133.56
19	61.0	13.0	-3.0	10.0	-93.0	13.0	29.0	12.0	147.42
20	25.0	0.0	17.0	3.0	45.0	-22.0	0.0	86.0	150.01
21	-20.0	27.0	-36.0	18.0	35.0	-9.0	-7.0	-10.0	156.55
22	39.0	-13.0	-21.0	-33.0	7.0	-128.0	34.0	12.0	161.6
23	0.0	7.0	12.0	-50.0	119.0	77.0	123.0	127.0	164.79
24	-28.0	-2.0	-3.0	-24.0	127.0	105.0	64.0	-18.0	164.29
25	5.0	-5.0	12.0	127.0	28.0	127.0	-29.0	-38.0	169.76
26	-83.0	-2.0	40.0	-12.0	34.0	-72.0	48.0	37.0	170.9
27	19.0	6.0	-10.0	-4.0	-67.0	68.0	-21.0	-41.0	171.62
28	-1.0	15.0	-5.0	81.0	-14.0	-12.0	-67.0	-52.0	172.47
29	-50.0	23.0	-49.0	-10.0	127.0	55.0	-67.0	-99.0	172.7
30	-6.0	5.0	18.0	57.0	-128.0	93.0	86.0	-28.0	172.9
31	-31.0	-26.0	-12.0	-58.0	17.0	-54.0	-24.0	115.0	172.47
32	17.0	-19.0	-18.0	-25.0	-61.0	-59.0	12.0	-1.0	170.64
33	-76.0	-4.0	-35.0	-39.0	1.0	95.0	-85.0	114.0	172.43
34	-28.0	7.0	-25.0	-19.0	-109.0	73.0	-97.0	63.0	170.93
35	10.0	-19.0	-105.0	-44.0	45.0	35.0	17.0	63.0	170.39
36	-5.0	-15.0	-48.0	6.0	-31.0	-64.0	22.0	-15.0	170.93
37	-9.0	4.0	-46.0	57.0	69.0	127.0	-7.0	68.0	172.43
38	-5.0	-22.0	9.0	-4.0	-64.0	127.0	-3.0	89.0	171.5
39	18.0	7.0	12.0	-14.0	66.0	20.0	14.0	-60.0	169.76
40	74.0	-33.0	-39.0	-89.0	-44.0	99.0	-93.0	-128.0	168.9
41	22.0	7.0	-10.0	-59.0	90.0	63.0	41.0	-50.0	169.8
42	45.0	-13.0	-10.0	-56.0	52.0	127.0	-21.0	-3.0	162.21
43	-62.0	18.0	7.0	-87.0	54.0	13.0	-128.0	-5.0	158.39
44	37.0	10.0	1.0	-32.0	-23.0	-2.0	65.0	79.0	156.84
45	-20.0	6.0	127.0	-25.0	-44.0	91.0	27.0	-114.0	158.39
46	51.0	-6.0	4.0	24.0	32.0	65.0	-128.0	37.0	164.29
47	54.0	-12.0	27.0	20.0	-17.0	15.0	-89.0	31.0	168.9
48	-80.0	-17.0	-40.0	46.0	127.0	-50.0	87.0	-33.0	165.87
49	-60.0	8.0	-49.0	-93.0	34.0	20.0	22.0	-15.0	164.79
50	31.0	-25.0	18.0	33.0	39.0	-1.0	-50.0	-119.0	160.68
51	82.0	14.0	5.0	-48.0	-45.0	-46.0	-15.0	25.0	152.97
52	-1.0	40.0	-3.0	-89.0	-128.0	105.0	104.0	-93.0	152.97
53	-42.0	6.0	102.0	-44.0	103.0	-24.0	2.0	24.0	145.19
54	15.0	-8.0	-18.0	-44.0	-45.0	-113.0	-35.0	-45.0	145.19
55	-14.0	-31.0	-52.0	24.0	6.0	-70.0	60.0	-23.0	141.17
56	44.0	-12.0	11.0	-18.0	32.0	127.0	14.0	-23.0	135.85
57	-79.0	6.0	12.0	10.0	105.0	-95.0	-29.0	-5.0	133.56
58	-6.0	2.0	11.0	-58.0	-128.0	48.0	-111.0	12.0	136.14
59	-4.0	7.0	8.0	-14.0	-40.0	95.0	13.0	-37.0	139.25
60	42.0	-45.0	-10.0	-2.0	124.0	-57.0	-7.0	-84.0	140.06
61	-62.0	13.0	-40.0	52.0	-33.0	-128.0	52.0	37.0	140.06
62	-4.0	30.0	17.0	-4.0	15.0	-22.0	-13.0	18.0	143.85
63	44.0	63.0	29.0	-2.0	92.0	75.0	87.0	127.0	143.04
64	-13.0	3.0	-4.0	-13.0	120.0	-50.0	-76.0	69.0	148.95
65	15.0	8.0	47.0	69.0	81.0	95.0	113.0	-51.0	150.01
66	15.0	-20.0	-10.0	18.0	-57.0	105.0	21.0	-41.0	152.02
67	73.0	6.0	93.0	1.0	-128.0	-81.0	-78.0	127.0	139.25
68	-53.0	127.0	6.0	99.0	127.0	88.0	-5.0	-27.0	132.93
69	10.0	1.0	-24.0	28.0	127.0	-11.0	13.0	-86.0	132.93
70	-10.0	-20.0	3.0	-46.0	4.0	127.0	-7.0	-70.0	123.0
71	57.0	-21.0	-36.0	17.0	-43.0	-81.0	-24.0	62.0	128.55
72	-49.0	-16.0	13.0	-12.0	-110.0	20.0	-23.0	0.0	119.2
73	-28.0	-8.0	-61.0	-81.0	-128.0	-49.0	127.0	-123.0	119.2
74	54.0	7.0	-5.0	2.0	50.0	76.0	-81.0	56.0	116.92
75	-20.0	0.0	-33.0	-13.0	-21.0	-91.0	116.0	71.0	109.37
76	31.0	13.0	6.0	29.0	121.0	-128.0	-8.0	-60.0	109.37
77	-35.0	-24.0	5.0	-43.0	-128.0	127.0	2.0	-30.0	106.88
78	2.0	-17.0	-62.0	-7.0	-43.0	127.0	2.0	38.0	107.83
79	19.0	3.0	-74.0	22.0	57.0	-1.0	6.0	-106.0	106.0
80	6.0	-8.0	-2.0	41.0	-23.0	-54.0	-5.0	70.0	105.97
81	73.0	19.0	29.0	15.0	53.0	-113.0	-50.0	-58.0	105.9
82	36.0	-8.0	89.0	45.0	127.0	32.0	-96.0	55.0	105.9
83	127.0	56.0	11.0	-50.0	-10.0	85.0	29.0	-114.0	106.37
