0	62.0	-22.0	42.0	-110.0	-51.0	-85.0	39.0	28.0	178.61
1	66.0	4.0	-21.0	-26.0	-12.0	50.0	-101.0	-13.0	178.73
2	-41.0	10.0	1.0	-7.0	-28.0	51.0	0.0	47.0	178.73
3	0.0	17.0	25.0	52.0	-26.0	-96.0	41.0	-51.0	177.53
4	119.0	-10.0	42.0	-77.0	0.0	-10.0	93.0	18.0	178.45
5	13.0	-35.0	3.0	-8.0	64.0	29.0	-100.0	-103.0	178.45
6	0.0	17.0	17.0	-42.0	127.0	45.0	18.0	-5.0	178.2
7	-8.0	-6.0	9.0	-23.0	11.0	-23.0	15.0	0.0	177.44
8	-40.0	-7.0	6.0	12.0	127.0	-128.0	0.0	-102.0	168.28
9	-15.0	-17.0	53.0	-44.0	47.0	-80.0	119.0	-128.0	166.06
10	16.0	-24.0	38.0	-61.0	-93.0	61.0	69.0	-61.0	168.75
11	9.0	5.0	-29.0	-8.0	25.0	46.0	-29.0	52.0	171.37
12	8.0	4.0	-36.0	10.0	-86.0	99.0	-82.0	91.0	173.01
13	-100.0	-6.0	19.0	-15.0	53.0	28.0	6.0	66.0	173.26
14	20.0	7.0	-33.0	116.0	-16.0	17.0	-11.0	47.0	168.28
15	3.0	2.0	-13.0	-44.0	24.0	127.0	45.0	82.0	165.86
16	13.0	-14.0	28.0	50.0	-86.0	121.0	-15.0	25.0	163.0
17	0.0	-80.0	-36.0	87.0	2.0	-81.0	88.0	44.0	163.0
18	-32.0	-11.0	-13.0	-47.0	127.0	77.0	28.0	-9.0	159.37
19	15.0	8.0	-29.0	21.0	21.0	-128.0	48.0	-11.0	150.95
20	18.0	3.0	-23.0	49.0	-23.0	21.0	38.0	24.0	157.83
21	-21.0	6.0	-35.0	-35.0	-102.0	-36.0	-80.0	53.0	157.55
22	-8.0	-14.0	-4.0	116.0	127.0	125.0	-18.0	127.0	154.75
23	-21.0	17.0	-55.0	-9.0	-17.0	-48.0	-32.0	-51.0	147.36
24	64.0	47.0	3.0	-45.0	-8.0	72.0	-43.0	-65.0	144.54
25	79.0	45.0	-29.0	-32.0	-12.0	32.0	7.0	58.0	149.85
26	-12.0	7.0	-18.0	70.0	-16.0	66.0	-80.0	14.0	143.46
27	-25.0	4.0	38.0	76.0	29.0	127.0	42.0	16.0	142.62
28	-37.0	-9.0	12.0	-7.0	17.0	-5.0	44.0	-128.0	133.52
29	-9.0	45.0	-49.0	29.0	11.0	52.0	44.0	-70.0	112.6
30	28.0	25.0	-118.0	21.0	30.0	-10.0	119.0	-5.0	121.23
31	28.0	7.0	31.0	-12.0	127.0	45.0	28.0	23.0	142.46
32	-32.0	-29.0	-3.0	-34.0	67.0	-33.0	91.0	117.0	128.7
33	-41.0	-7.0	-36.0	-97.0	-63.0	45.0	18.0	-5.0	125.24
34	76.0	7.0	-13.0	-97.0	-96.0	64.0	-10.0	-25.0	118.8
35	9.0	-21.0	-46.0	-44.0	-71.0	-45.0	66.0	-32.0	136.16
36	-9.0	-15.0	-41.0	8.0	-61.0	66.0	50.0	33.0	151.87
37	-8.0	44.0	54.0	6.0	-72.0	127.0	-14.0	33.0	154.55
38	-24.0	-3.0	105.0	-4.0	-17.0	127.0	2.0	-62.0	147.36
39	-2.0	-5.0	15.0	-61.0	7.0	55.0	16.0	-93.0	144.51
40	61.0	7.0	-14.0	-3.0	-7.0	43.0	-33.0	-35.0	143.19
41	6.0	-13.0	-21.0	87.0	61.0	81.0	43.0	37.0	138.11
42	-30.0	-6.0	118.0	-15.0	-59.0	-11.0	19.0	-5.0	124.06
43	-9.0	6.0	23.0	-112.0	127.0	19.0	-32.0	32.0	113.79
44	-64.0	20.0	11.0	13.0	-72.0	22.0	28.0	-74.0	113.79
45	5.0	3.0	-37.0	32.0	-107.0	-68.0	101.0	117.0	116.22
46	78.0	-1.0	-46.0	-111.0	109.0	65.0	72.0	33.0	116.01
47	-16.0	-17.0	18.0	-111.0	49.0	21.0	-28.0	-37.0	121.23
48	-25.0	-35.0	-12.0	-95.0	32.0	70.0	61.0	-10.0	116.22
49	18.0	8.0	-30.0	-128.0	33.0	-10.0	78.0	105.0	116.64
50	13.0	-6.0	17.0	1.0	127.0	17.0	-6.0	1.0	116.64
51	7.0	23.0	22.0	100.0	-96.0	12.0	-59.0	10.0	113.96
52	-23.0	-13.0	23.0	-23.0	-107.0	76.0	-117.0	-9.0	113.56
53	26.0	2.0	1.0	-38.0	-19.0	127.0	41.0	-15.0	112.6
54	5.0	-5.0	5.0	69.0	41.0	97.0	69.0	39.0	126.75
55	3.0	-6.0	-12.0	1.0	54.0	126.0	17.0	107.0	137.25
56	-8.0	-11.0	22.0	-25.0	24.0	-5.0	-34.0	28.0	133.27
57	-6.0	-22.0	-49.0	64.0	41.0	14.0	58.0	-37.0	132.15
58	-43.0	-17.0	-21.0	100.0	126.0	39.0	-28.0	15.0	130.47
59	35.0	-18.0	-36.0	5.0	-58.0	-23.0	-23.0	55.0	143.46
60	-20.0	-6.0	-61.0	22.0	26.0	-42.0	15.0	-89.0	135.18
61	71.0	55.0	-15.0	81.0	-86.0	70.0	6.0	39.0	133.27
62	30.0	-11.0	9.0	21.0	-19.0	127.0	48.0	-9.0	144.54
63	37.0	14.0	-98.0	39.0	99.0	119.0	-79.0	-8.0	140.66
64	-50.0	-4.0	39.0	-77.0	-28.0	55.0	-34.0	74.0	138.11
65	22.0	-27.0	-7.0	-77.0	-86.0	127.0	-33.0	-39.0	128.7
66	-3.0	2.0	-48.0	-79.0	67.0	126.0	66.0	-75.0	137.25
67	29.0	17.0	-33.0	-61.0	30.0	127.0	66.0	-62.0	143.19
68	-47.0	-1.0	-15.0	-4.0	108.0	-32.0	-93.0	-31.0	134.71
69	35.0	43.0	10.0	-70.0	127.0	-21.0	42.0	72.0	119.55
70	-43.0	3.0	-3.0	-44.0	70.0	3.0	107.0	39.0	126.75
71	-2.0	7.0	-15.0	-14.0	-62.0	-21.0	78.0	14.0	154.55
72	119.0	26.0	5.0	122.0	-9.0	-72.0	33.0	39.0	147.02
73	36.0	-16.0	0.0	17.0	12.0	37.0	-33.0	-58.0	145.74
74	-12.0	3.0	90.0	80.0	-18.0	127.0	-4.0	53.0	150.95
75	3.0	7.0	39.0	17.0	-12.0	-43.0	15.0	-60.0	157.55
76	15.0	24.0	-3.0	39.0	2.0	65.0	39.0	-93.0	160.92
77	-32.0	6.0	71.0	-8.0	-44.0	-33.0	-1.0	33.0	160.92
78	-24.0	11.0	-41.0	-45.0	127.0	14.0	-43.0	127.0	166.06
79	10.0	-13.0	-61.0	77.0	25.0	65.0	-54.0	-53.0	173.26
80	-37.0	15.0	-55.0	100.0	16.0	-68.0	26.0	-32.0	174.12
81	-6.0	14.0	-2.0	5.0	54.0	-63.0	29.0	10.0	174.12
82	18.0	-10.0	29.0	-63.0	5.0	-118.0	-28.0	0.0	176.55
83	-34.0	13.0	1.0	-7.0	0.0	-54.0	12.0	48.0	175.17
84	71.0	-29.0	-24.0	44.0	34.0	37.0	-79.0	23.0	176.55
85	18.0	-21.0	-4.0	-25.0	-74.0	-128.0	72.0	-39.0	178.2
86	-39.0	3.0	71.0	-65.0	-4.0	36.0	2.0	-89.0	178.76
