0	-29.0	-28.0	53.0	-20.0	-124.0	31.0	-102.0	-31.0	115.58
1	-6.0	57.0	31.0	13.0	39.0	-104.0	68.0	-21.0	119.38
2	88.0	-32.0	-22.0	-49.0	1.0	-2.0	-45.0	72.0	116.74
3	30.0	26.0	-24.0	-11.0	66.0	35.0	56.0	52.0	123.25
4	-60.0	21.0	-12.0	8.0	2.0	-93.0	12.0	71.0	123.25
5	57.0	-29.0	-16.0	5.0	127.0	48.0	97.0	90.0	118.39
6	30.0	-29.0	-16.0	-3.0	-11.0	127.0	3.0	80.0	113.79
7	86.0	16.0	-1.0	13.0	1.0	-37.0	-77.0	4.0	105.6
8	105.0	-53.0	-3.0	-12.0	127.0	-98.0	-10.0	95.0	116.21
9	37.0	10.0	116.0	43.0	12.0	87.0	11.0	50.0	105.68
10	15.0	-14.0	-33.0	38.0	-40.0	127.0	-4.0	-90.0	115.58
11	30.0	-19.0	20.0	-22.0	36.0	-86.0	-15.0	52.0	117.75
12	-11.0	25.0	22.0	-83.0	-68.0	-96.0	29.0	122.0	116.56
13	82.0	4.0	7.0	3.0	64.0	-53.0	102.0	-128.0	116.39
14	9.0	8.0	-9.0	2.0	-78.0	-79.0	-46.0	-56.0	114.42
15	84.0	16.0	-20.0	-82.0	-3.0	-95.0	-102.0	47.0	116.93
16	17.0	21.0	-23.0	25.0	-33.0	-4.0	-26.0	-91.0	116.74
17	19.0	2.0	-73.0	-116.0	127.0	65.0	67.0	16.0	105.68
18	-8.0	-65.0	-18.0	13.0	-53.0	127.0	110.0	-43.0	121.4
19	17.0	-5.0	-4.0	-54.0	109.0	-25.0	-18.0	60.0	136.23
20	25.0	-22.0	26.0	4.0	3.0	-69.0	56.0	124.0	116.93
21	47.0	0.0	-18.0	2.0	18.0	85.0	77.0	-30.0	116.56
22	94.0	27.0	2.0	112.0	127.0	23.0	-37.0	-40.0	126.86
23	14.0	-23.0	2.0	120.0	-110.0	51.0	81.0	-107.0	136.23
24	-68.0	16.0	39.0	3.0	2.0	-95.0	-57.0	-63.0	134.87
25	-52.0	23.0	-1.0	-47.0	89.0	-30.0	-70.0	-86.0	139.11
26	-16.0	6.0	32.0	30.0	127.0	123.0	-4.0	83.0	135.41
27	-34.0	-9.0	23.0	-19.0	-97.0	14.0	32.0	-91.0	126.86
28	-7.0	-28.0	-9.0	-72.0	-22.0	-90.0	96.0	48.0	141.5
29	-53.0	-26.0	-52.0	-50.0	125.0	31.0	56.0	-31.0	141.75
30	55.0	-57.0	26.0	97.0	58.0	127.0	18.0	-121.0	143.82
31	21.0	34.0	-42.0	-56.0	-3.0	127.0	60.0	-24.0	144.76
32	-54.0	62.0	2.0	-12.0	-1.0	-71.0	-93.0	40.0	156.54
33	23.0	56.0	3.0	-50.0	-1.0	-92.0	46.0	-72.0	154.3
34	87.0	10.0	-7.0	64.0	-37.0	-2.0	-81.0	81.0	151.86
35	5.0	16.0	4.0	33.0	-26.0	-104.0	-4.0	-73.0	144.76
36	-15.0	-17.0	127.0	7.0	66.0	-66.0	-72.0	-111.0	150.07
37	14.0	-16.0	-20.0	-15.0	-36.0	-128.0	-89.0	97.0	154.3
38	22.0	-62.0	-1.0	-6.0	58.0	-28.0	36.0	119.0	163.89
39	-42.0	-14.0	27.0	15.0	-31.0	87.0	114.0	90.0	166.94
40	-17.0	-31.0	1.0	-25.0	-13.0	-51.0	81.0	40.0	166.94
41	17.0	-35.0	12.0	-24.0	-29.0	127.0	60.0	-23.0	168.5
42	35.0	75.0	37.0	25.0	19.0	41.0	-4.0	-19.0	163.89
43	-107.0	40.0	-1.0	3.0	-16.0	85.0	7.0	52.0	169.86
44	25.0	2.0	-12.0	47.0	39.0	-18.0	-1.0	45.0	168.93
45	-76.0	23.0	3.0	33.0	80.0	-49.0	-10.0	-21.0	169.08
46	16.0	44.0	73.0	50.0	-13.0	19.0	-26.0	-50.0	172.19
47	27.0	-16.0	26.0	42.0	109.0	-27.0	-6.0	16.0	173.71
48	55.0	54.0	-10.0	-66.0	44.0	119.0	-64.0	-15.0	169.86
49	-12.0	28.0	-22.0	-56.0	13.0	-32.0	-15.0	72.0	170.94
50	-17.0	18.0	26.0	1.0	2.0	-33.0	-74.0	-4.0	170.94
51	-34.0	3.0	-33.0	-19.0	-59.0	-74.0	46.0	-9.0	171.65
52	6.0	-56.0	5.0	19.0	-124.0	75.0	-128.0	-1.0	172.77
53	51.0	-55.0	127.0	95.0	-35.0	8.0	127.0	66.0	171.65
54	35.0	3.0	-19.0	19.0	38.0	76.0	24.0	70.0	172.77
55	-47.0	26.0	19.0	84.0	-14.0	28.0	-103.0	-77.0	169.46
56	-24.0	10.0	37.0	-44.0	-14.0	-43.0	112.0	67.0	170.04
57	23.0	68.0	11.0	37.0	20.0	52.0	25.0	127.0	168.93
58	-37.0	1.0	-12.0	0.0	41.0	85.0	76.0	-71.0	164.99
59	18.0	-19.0	-45.0	42.0	-75.0	94.0	-128.0	14.0	163.51
60	16.0	-26.0	-79.0	-75.0	88.0	-128.0	96.0	-90.0	159.09
61	14.0	127.0	-33.0	-22.0	36.0	35.0	12.0	12.0	165.73
62	-119.0	14.0	-10.0	14.0	12.0	48.0	9.0	66.0	163.48
63	127.0	-5.0	7.0	127.0	-36.0	-113.0	-58.0	-116.0	163.51
64	43.0	-5.0	29.0	-30.0	-70.0	127.0	127.0	50.0	147.53
65	23.0	-5.0	73.0	-90.0	8.0	119.0	63.0	7.0	149.45
66	87.0	-14.0	22.0	7.0	127.0	93.0	63.0	22.0	159.09
67	11.0	-23.0	5.0	-11.0	55.0	42.0	81.0	-73.0	159.28
68	-37.0	76.0	12.0	-50.0	-59.0	83.0	-105.0	-10.0	163.89
69	-20.0	30.0	-8.0	-11.0	-86.0	-6.0	-16.0	60.0	156.54
70	16.0	-27.0	-32.0	85.0	127.0	126.0	76.0	113.0	154.32
71	-13.0	-42.0	-48.0	-27.0	39.0	119.0	-1.0	-49.0	156.18
72	-32.0	127.0	-14.0	-30.0	-94.0	-84.0	95.0	25.0	152.23
73	-41.0	4.0	21.0	110.0	-2.0	-30.0	5.0	52.0	167.79
74	-18.0	14.0	-4.0	33.0	19.0	-103.0	70.0	60.0	165.73
75	75.0	37.0	4.0	-28.0	-92.0	-4.0	-10.0	-40.0	159.28
76	25.0	116.0	3.0	1.0	34.0	-3.0	107.0	29.0	161.65
77	33.0	-2.0	-25.0	0.0	127.0	-56.0	79.0	118.0	150.07
78	28.0	27.0	26.0	-47.0	80.0	127.0	126.0	55.0	146.63
79	-72.0	3.0	-11.0	-12.0	-44.0	-92.0	-6.0	60.0	149.45
80	46.0	8.0	3.0	-61.0	-1.0	64.0	108.0	81.0	146.17
81	-24.0	7.0	14.0	86.0	-110.0	44.0	18.0	111.0	146.17
82	-18.0	-11.0	20.0	-26.0	-94.0	16.0	0.0	-41.0	144.25
83	109.0	0.0	15.0	-95.0	59.0	109.0	43.0	84.0	141.5
84	21.0	14.0	-22.0	-43.0	-22.0	127.0	44.0	-54.0	138.94
85	23.0	10.0	-4.0	48.0	38.0	75.0	65.0	103.0	135.41
86	39.0	7.0	-19.0	3.0	-86.0	-6.0	-90.0	-128.0	119.38
87	23.0	46.0	-8.0	-43.0	3.0	-41.0	11.0	92.0	125.18
