0	15.0	37.0	36.0	4.0	-116.0	127.0	70.0	118.0	164.76
1	27.0	-25.0	12.0	-4.0	-11.0	127.0	117.0	6.0	165.34
2	40.0	33.0	13.0	-40.0	-20.0	60.0	42.0	3.0	163.23
3	41.0	14.0	5.0	-107.0	-74.0	2.0	-128.0	98.0	164.7
4	83.0	26.0	127.0	26.0	-87.0	127.0	35.0	120.0	161.44
5	17.0	46.0	-5.0	18.0	78.0	45.0	14.0	41.0	167.75
6	40.0	1.0	9.0	-22.0	22.0	-90.0	127.0	-54.0	168.72
7	53.0	-4.0	25.0	-20.0	54.0	127.0	-113.0	-128.0	167.75
8	-44.0	7.0	-10.0	77.0	28.0	37.0	26.0	41.0	164.7
9	84.0	44.0	29.0	-28.0	23.0	-18.0	125.0	-107.0	163.23
10	22.0	3.0	-1.0	-12.0	-28.0	-62.0	127.0	-95.0	163.63
11	-112.0	35.0	-37.0	36.0	77.0	-128.0	39.0	65.0	161.28
12	-58.0	37.0	11.0	4.0	106.0	2.0	57.0	118.0	156.07
13	16.0	-11.0	10.0	-49.0	127.0	57.0	101.0	-49.0	152.54
14	127.0	-64.0	-39.0	50.0	127.0	-128.0	-105.0	-63.0	155.18
15	5.0	32.0	27.0	62.0	-95.0	63.0	-128.0	-45.0	156.07
16	-14.0	87.0	-8.0	101.0	-128.0	86.0	-123.0	61.0	149.51
17	-118.0	13.0	-17.0	-44.0	119.0	17.0	117.0	41.0	144.19
18	12.0	21.0	-25.0	-19.0	-128.0	11.0	44.0	-112.0	141.89
19	-18.0	127.0	9.0	-123.0	2.0	127.0	127.0	-91.0	140.12
20	-63.0	25.0	-7.0	12.0	-36.0	-34.0	127.0	-7.0	134.97
21	59.0	-16.0	-1.0	-29.0	-12.0	93.0	-48.0	127.0	122.89
22	28.0	37.0	-48.0	-2.0	127.0	125.0	1.0	29.0	114.09
23	16.0	27.0	4.0	-7.0	127.0	127.0	-24.0	127.0	124.34
24	-32.0	-50.0	-19.0	5.0	42.0	12.0	66.0	-96.0	127.1
25	-118.0	-13.0	36.0	62.0	-29.0	-72.0	-123.0	-74.0	110.91
26	-1.0	-14.0	-24.0	20.0	-26.0	-127.0	60.0	95.0	122.89
27	-57.0	51.0	27.0	9.0	-9.0	-17.0	102.0	2.0	139.58
28	-81.0	33.0	-5.0	-8.0	31.0	67.0	96.0	-29.0	113.23
29	-4.0	-28.0	1.0	77.0	8.0	35.0	-102.0	-57.0	110.92
30	127.0	43.0	-7.0	23.0	64.0	63.0	21.0	-12.0	110.64
31	-25.0	-35.0	-9.0	9.0	-8.0	19.0	67.0	-107.0	110.63
32	16.0	6.0	14.0	6.0	-54.0	-106.0	31.0	54.0	111.83
33	127.0	-4.0	-22.0	101.0	80.0	102.0	24.0	32.0	110.08
34	65.0	-9.0	3.0	85.0	-81.0	44.0	-128.0	-64.0	127.1
35	-3.0	-2.0	29.0	35.0	-71.0	-55.0	127.0	-52.0	111.3
36	-36.0	-6.0	-6.0	-99.0	32.0	-101.0	127.0	-128.0	111.83
37	38.0	-8.0	19.0	-20.0	18.0	99.0	22.0	-34.0	110.08
38	-47.0	10.0	-14.0	101.0	-128.0	-107.0	-66.0	96.0	126.0
39	23.0	95.0	30.0	-17.0	-116.0	69.0	-24.0	104.0	134.97
40	31.0	-54.0	26.0	-14.0	34.0	-23.0	117.0	127.0	138.78
41	45.0	17.0	-3.0	30.0	-71.0	124.0	127.0	80.0	144.13
42	-2.0	27.0	-10.0	-123.0	-6.0	-109.0	55.0	-36.0	141.39
43	0.0	8.0	59.0	-40.0	-28.0	18.0	-8.0	-22.0	140.12
44	12.0	-21.0	8.0	-84.0	36.0	125.0	70.0	34.0	144.13
45	17.0	39.0	-19.0	-16.0	36.0	95.0	67.0	42.0	121.2
46	38.0	-1.0	10.0	1.0	79.0	-51.0	48.0	-17.0	110.91
47	-49.0	54.0	45.0	46.0	-57.0	12.0	-37.0	65.0	133.35
48	-27.0	24.0	27.0	78.0	9.0	93.0	-54.0	100.0	123.03
49	38.0	8.0	-11.0	27.0	59.0	123.0	49.0	-68.0	141.89
50	41.0	109.0	-3.0	-19.0	28.0	67.0	44.0	39.0	138.09
51	-11.0	-2.0	127.0	6.0	112.0	-14.0	-42.0	-35.0	138.78
52	-16.0	87.0	14.0	0.0	85.0	127.0	-54.0	32.0	110.24
53	-21.0	2.0	-14.0	-66.0	-107.0	39.0	-91.0	0.0	113.23
54	-44.0	104.0	18.0	54.0	-44.0	48.0	-128.0	-85.0	139.44
55	-8.0	-1.0	-9.0	-7.0	66.0	-1.0	-48.0	-64.0	126.0
56	6.0	54.0	-44.0	22.0	-51.0	113.0	-79.0	-43.0	144.19
57	38.0	-14.0	-4.0	-2.0	-62.0	13.0	10.0	76.0	144.66
58	-38.0	-17.0	-17.0	-18.0	-54.0	-72.0	39.0	-98.0	144.66
59	-18.0	11.0	-14.0	-30.0	89.0	92.0	31.0	50.0	146.54
60	36.0	-1.0	7.0	-20.0	-31.0	67.0	122.0	80.0	147.77
61	41.0	-71.0	26.0	-6.0	-103.0	-107.0	-34.0	42.0	150.11
62	16.0	44.0	59.0	-52.0	-59.0	-90.0	-20.0	-13.0	150.11
63	-26.0	6.0	-9.0	-24.0	-35.0	22.0	-2.0	71.0	152.52
64	-81.0	12.0	-7.0	5.0	-10.0	122.0	-11.0	-61.0	152.54
65	-36.0	11.0	34.0	19.0	42.0	-122.0	-25.0	89.0	157.37
66	104.0	-11.0	36.0	-9.0	23.0	-95.0	-54.0	-67.0	157.91
67	9.0	-37.0	-8.0	85.0	-15.0	-128.0	-86.0	58.0	157.37
68	40.0	12.0	10.0	-30.0	53.0	18.0	-23.0	-12.0	163.9
69	83.0	-15.0	0.0	91.0	32.0	34.0	39.0	-112.0	166.21
70	10.0	13.0	124.0	19.0	7.0	22.0	49.0	-45.0	160.3
71	23.0	4.0	-11.0	-27.0	-44.0	-128.0	24.0	74.0	160.3
72	-12.0	-14.0	-37.0	-1.0	-128.0	-114.0	105.0	127.0	167.3
73	53.0	-64.0	5.0	-6.0	-3.0	-55.0	43.0	-95.0	167.4
74	0.0	-31.0	0.0	-20.0	127.0	127.0	64.0	-64.0	167.4
75	5.0	12.0	34.0	-56.0	110.0	-104.0	13.0	52.0	168.62
76	-10.0	-7.0	-7.0	-52.0	-23.0	-104.0	28.0	-39.0	168.72
77	23.0	-2.0	15.0	-107.0	127.0	95.0	110.0	-128.0	168.73
78	-44.0	-6.0	15.0	-56.0	43.0	78.0	-23.0	-128.0	168.82
79	80.0	21.0	-3.0	78.0	18.0	27.0	-9.0	25.0	168.73
80	5.0	53.0	126.0	22.0	-62.0	-78.0	127.0	99.0	167.99
81	25.0	-15.0	-36.0	19.0	90.0	-31.0	-23.0	63.0	166.14
82	-11.0	3.0	19.0	8.0	-4.0	-128.0	-52.0	-33.0	163.99
83	127.0	-5.0	-10.0	127.0	43.0	30.0	-103.0	42.0	164.76
84	38.0	11.0	-11.0	127.0	127.0	6.0	-15.0	-128.0	161.44
85	28.0	-30.0	14.0	101.0	21.0	41.0	-15.0	-128.0	167.4
86	5.0	-15.0	21.0	115.0	31.0	127.0	47.0	41.0	167.3
