0	-1.0	14.0	-22.0	-5.0	22.0	127.0	-68.0	-9.0	103.28
1	71.0	8.0	8.0	10.0	-65.0	21.0	17.0	-29.0	116.33
2	-3.0	19.0	-64.0	14.0	-27.0	106.0	1.0	-14.0	126.5
3	-38.0	-19.0	-27.0	20.0	-23.0	127.0	-111.0	-68.0	137.46
4	36.0	-10.0	54.0	-42.0	-4.0	-128.0	-39.0	-24.0	141.6
5	-25.0	19.0	-65.0	38.0	30.0	127.0	127.0	86.0	138.11
6	12.0	10.0	-16.0	-41.0	34.0	28.0	13.0	-61.0	148.25
7	5.0	-37.0	-4.0	6.0	-52.0	96.0	-79.0	-91.0	148.25
8	62.0	-68.0	-22.0	-45.0	60.0	-109.0	6.0	59.0	150.24
9	-25.0	9.0	121.0	5.0	-23.0	-72.0	10.0	-44.0	148.47
10	-10.0	-49.0	112.0	-23.0	-14.0	17.0	-43.0	106.0	161.36
11	-71.0	61.0	38.0	59.0	-28.0	9.0	-30.0	-95.0	152.98
12	93.0	-2.0	-2.0	-17.0	43.0	-72.0	-35.0	71.0	156.88
13	-1.0	-15.0	18.0	13.0	65.0	-5.0	-13.0	84.0	167.82
14	-13.0	5.0	-13.0	-45.0	20.0	-86.0	-83.0	67.0	161.13
15	41.0	-17.0	-55.0	11.0	65.0	-66.0	81.0	-54.0	155.2
16	6.0	6.0	-64.0	-3.0	-9.0	-73.0	-128.0	-24.0	156.88
17	-68.0	-10.0	-59.0	36.0	24.0	32.0	-14.0	-5.0	169.62
18	-36.0	-17.0	13.0	5.0	-104.0	31.0	-33.0	6.0	169.16
19	-1.0	14.0	16.0	6.0	-105.0	84.0	-80.0	24.0	169.16
20	27.0	-27.0	-25.0	72.0	-126.0	42.0	-93.0	60.0	159.58
21	-42.0	2.0	-16.0	-54.0	10.0	75.0	-9.0	1.0	170.14
22	-5.0	-2.0	47.0	24.0	-117.0	24.0	-90.0	-18.0	170.47
23	0.0	-20.0	5.0	9.0	3.0	2.0	69.0	43.0	163.13
24	1.0	0.0	11.0	-30.0	7.0	-5.0	37.0	99.0	163.13
25	1.0	19.0	32.0	-43.0	-27.0	-72.0	127.0	-100.0	170.3
26	-58.0	6.0	40.0	-49.0	127.0	2.0	-16.0	-94.0	162.74
27	-36.0	-5.0	-65.0	100.0	127.0	60.0	58.0	-63.0	151.82
28	24.0	3.0	17.0	75.0	42.0	-68.0	15.0	1.0	153.53
29	-64.0	-1.0	16.0	-30.0	60.0	127.0	1.0	57.0	154.4
30	-42.0	-5.0	16.0	-19.0	-64.0	16.0	62.0	-8.0	154.4
31	19.0	43.0	-115.0	-124.0	65.0	57.0	73.0	-97.0	153.53
32	36.0	46.0	26.0	48.0	-66.0	-42.0	-45.0	44.0	169.62
33	-60.0	-34.0	-22.0	-31.0	-32.0	-55.0	79.0	109.0	170.64
34	58.0	-11.0	6.0	-100.0	-61.0	22.0	-83.0	-56.0	164.99
35	-40.0	-5.0	41.0	61.0	-28.0	115.0	-111.0	-107.0	167.25
36	-58.0	-78.0	-19.0	0.0	-40.0	21.0	-22.0	-25.0	170.64
37	33.0	-6.0	-7.0	4.0	-28.0	-70.0	-20.0	-3.0	170.3
38	8.0	116.0	-17.0	0.0	5.0	57.0	81.0	26.0	161.91
39	33.0	-17.0	53.0	36.0	87.0	-10.0	-22.0	48.0	168.72
40	-6.0	-5.0	39.0	-17.0	60.0	112.0	-21.0	-14.0	164.99
41	-19.0	37.0	44.0	-8.0	127.0	127.0	76.0	-108.0	170.56
42	38.0	10.0	11.0	5.0	0.0	53.0	47.0	71.0	170.0
43	5.0	7.0	-102.0	25.0	127.0	65.0	-40.0	86.0	161.13
44	-8.0	7.0	-128.0	43.0	90.0	75.0	-91.0	27.0	148.47
45	21.0	2.0	0.0	6.0	-5.0	106.0	86.0	52.0	145.52
46	13.0	4.0	-17.0	20.0	32.0	28.0	-56.0	-84.0	143.74
47	0.0	4.0	37.0	18.0	-8.0	94.0	1.0	-45.0	145.4
48	-80.0	3.0	92.0	-29.0	12.0	-128.0	46.0	-3.0	143.74
49	3.0	-6.0	7.0	-40.0	0.0	-122.0	23.0	-3.0	142.74
50	-19.0	57.0	78.0	-44.0	-2.0	56.0	-65.0	-128.0	142.74
51	-13.0	-26.0	-3.0	8.0	127.0	-18.0	29.0	38.0	140.02
52	-3.0	-9.0	-19.0	7.0	-10.0	-128.0	13.0	-45.0	138.11
53	-20.0	-27.0	-15.0	5.0	60.0	127.0	-29.0	108.0	137.46
54	-21.0	29.0	-15.0	-68.0	-104.0	112.0	7.0	-97.0	132.69
55	43.0	9.0	34.0	-4.0	43.0	-68.0	-125.0	104.0	116.33
56	106.0	17.0	2.0	-23.0	77.0	30.0	-65.0	127.0	123.97
57	-18.0	33.0	12.0	-27.0	-90.0	126.0	-63.0	-8.0	121.71
58	72.0	-57.0	-11.0	61.0	-87.0	-95.0	46.0	41.0	121.71
59	11.0	-14.0	18.0	117.0	24.0	64.0	-70.0	-64.0	123.97
60	-45.0	-1.0	-1.0	43.0	-10.0	-66.0	89.0	29.0	129.0
61	-4.0	-18.0	33.0	87.0	-82.0	-26.0	11.0	-33.0	136.63
62	25.0	2.0	-19.0	-28.0	38.0	-51.0	62.0	-119.0	129.0
63	60.0	11.0	-45.0	61.0	-52.0	-98.0	-109.0	22.0	132.69
64	-119.0	2.0	56.0	28.0	-105.0	113.0	-21.0	-7.0	133.48
65	-17.0	8.0	51.0	-8.0	-60.0	6.0	63.0	-23.0	119.66
66	16.0	-17.0	-16.0	-15.0	-12.0	-128.0	11.0	75.0	113.54
67	-52.0	-7.0	-2.0	-26.0	12.0	-70.0	-68.0	41.0	102.8
68	21.0	16.0	-63.0	22.0	78.0	-100.0	-5.0	-19.0	102.2
69	7.0	3.0	12.0	3.0	109.0	-98.0	11.0	-116.0	102.2
70	-115.0	6.0	-14.0	16.0	-50.0	-72.0	28.0	104.0	101.53
71	-53.0	6.0	-52.0	-47.0	0.0	31.0	109.0	39.0	101.06
72	58.0	33.0	56.0	-18.0	33.0	43.0	96.0	7.0	101.98
73	62.0	-34.0	-6.0	-13.0	49.0	-20.0	-51.0	92.0	103.28
74	0.0	-5.0	-4.0	-90.0	38.0	127.0	-24.0	31.0	118.0
75	62.0	-1.0	23.0	35.0	51.0	-128.0	11.0	2.0	114.91
76	127.0	-26.0	70.0	0.0	-66.0	-16.0	-90.0	16.0	130.75
77	16.0	-14.0	-60.0	-28.0	127.0	41.0	-10.0	-12.0	125.33
78	127.0	5.0	32.0	21.0	20.0	-107.0	1.0	69.0	108.94
79	-13.0	16.0	73.0	61.0	32.0	-128.0	2.0	-10.0	114.91
80	4.0	-5.0	5.0	-66.0	91.0	-20.0	-11.0	69.0	101.12
81	13.0	38.0	-4.0	-88.0	26.0	3.0	74.0	-56.0	100.91
82	2.0	7.0	-21.0	-40.0	-1.0	57.0	55.0	29.0	100.91
83	30.0	5.0	0.0	-33.0	98.0	-95.0	15.0	-103.0	101.53
84	-58.0	-18.0	1.0	-27.0	-79.0	104.0	88.0	-63.0	101.27
85	51.0	-19.0	18.0	5.0	76.0	51.0	66.0	55.0	102.35
86	-16.0	-6.0	21.0	127.0	82.0	58.0	-74.0	16.0	101.98
