0	-22.0	47.0	20.0	58.0	-76.0	79.0	-28.0	69.0	133.91
1	-78.0	25.0	-7.0	-64.0	-26.0	96.0	-22.0	-11.0	121.38
2	-49.0	-8.0	14.0	12.0	-30.0	-117.0	16.0	-76.0	128.17
3	-57.0	14.0	-25.0	-43.0	40.0	-71.0	-74.0	-45.0	117.26
4	99.0	-2.0	-8.0	62.0	27.0	-88.0	57.0	-61.0	113.2
5	49.0	-59.0	38.0	22.0	-26.0	-19.0	104.0	27.0	121.38
6	66.0	20.0	25.0	-29.0	52.0	78.0	-50.0	37.0	121.02
7	-72.0	-5.0	-35.0	45.0	53.0	126.0	-19.0	-42.0	109.78
8	30.0	-21.0	-14.0	-20.0	24.0	92.0	106.0	72.0	110.83
9	-27.0	-24.0	28.0	-32.0	109.0	103.0	-12.0	17.0	100.15
10	-128.0	15.0	-9.0	-25.0	-42.0	110.0	99.0	20.0	99.76
11	-57.0	1.0	91.0	-85.0	111.0	9.0	124.0	23.0	98.44
12	-35.0	-81.0	-9.0	-17.0	22.0	95.0	-118.0	108.0	100.56
13	-68.0	23.0	-38.0	83.0	20.0	-80.0	123.0	92.0	99.76
14	38.0	21.0	51.0	-1.0	-74.0	107.0	14.0	-98.0	109.78
15	37.0	-103.0	-25.0	28.0	92.0	-80.0	101.0	4.0	99.84
16	-55.0	3.0	10.0	-41.0	-115.0	-128.0	21.0	10.0	122.41
17	-30.0	-11.0	-25.0	-17.0	27.0	87.0	-128.0	-81.0	124.42
18	15.0	-8.0	69.0	-70.0	35.0	37.0	-8.0	-7.0	110.83
19	36.0	-44.0	-50.0	-67.0	-24.0	-128.0	-2.0	-38.0	111.69
20	3.0	-2.0	17.0	-13.0	60.0	-102.0	-128.0	62.0	107.12
21	16.0	56.0	-14.0	16.0	127.0	61.0	67.0	-91.0	104.16
22	46.0	31.0	63.0	-11.0	-8.0	-54.0	70.0	-26.0	98.65
23	-18.0	47.0	36.0	15.0	55.0	127.0	0.0	-54.0	100.15
24	14.0	-32.0	-23.0	-17.0	50.0	114.0	-86.0	19.0	128.17
25	21.0	16.0	-1.0	-34.0	50.0	-91.0	-28.0	3.0	98.44
26	-4.0	-59.0	-32.0	34.0	44.0	-127.0	8.0	35.0	96.93
27	26.0	-44.0	-7.0	-54.0	-44.0	127.0	27.0	15.0	96.93
28	-3.0	4.0	-22.0	5.0	-31.0	87.0	12.0	-76.0	97.58
29	-66.0	3.0	-9.0	-38.0	-98.0	5.0	-128.0	28.0	97.36
30	-15.0	-4.0	-20.0	-18.0	88.0	-128.0	-99.0	-42.0	99.84
31	-1.0	-4.0	-35.0	-2.0	74.0	-49.0	-28.0	-63.0	117.26
32	-7.0	96.0	-38.0	-17.0	-30.0	-128.0	71.0	-34.0	137.51
33	-108.0	30.0	31.0	-40.0	35.0	127.0	-103.0	-110.0	128.73
34	26.0	8.0	-1.0	28.0	-128.0	-91.0	-128.0	-21.0	137.11
35	-32.0	-27.0	28.0	-25.0	108.0	-23.0	124.0	13.0	128.73
36	-4.0	-7.0	15.0	27.0	-97.0	-128.0	14.0	64.0	137.61
37	-15.0	57.0	-39.0	-90.0	127.0	7.0	90.0	-40.0	134.55
38	-60.0	1.0	30.0	0.0	-15.0	127.0	81.0	27.0	137.51
39	-110.0	8.0	-23.0	13.0	-19.0	-29.0	99.0	-63.0	143.94
40	33.0	-13.0	22.0	-4.0	13.0	-50.0	-128.0	-6.0	139.97
41	23.0	93.0	-29.0	33.0	-15.0	-80.0	-12.0	58.0	147.17
42	-40.0	-53.0	41.0	-40.0	-128.0	-52.0	127.0	98.0	142.93
43	-8.0	-40.0	-50.0	7.0	-116.0	125.0	14.0	-33.0	140.35
44	-22.0	34.0	-47.0	8.0	59.0	-117.0	-10.0	13.0	139.77
45	15.0	-67.0	-12.0	-9.0	18.0	-47.0	26.0	-31.0	151.22
46	21.0	-39.0	-74.0	83.0	-122.0	127.0	-34.0	-1.0	163.28
47	62.0	-48.0	-27.0	55.0	-28.0	-62.0	-15.0	46.0	165.27
48	-34.0	3.0	14.0	33.0	-14.0	113.0	22.0	90.0	147.69
49	77.0	-19.0	-10.0	7.0	-42.0	-23.0	-78.0	-128.0	142.93
50	44.0	37.0	-21.0	0.0	-83.0	25.0	76.0	-94.0	143.94
51	26.0	-9.0	-75.0	4.0	19.0	14.0	78.0	-67.0	160.77
52	14.0	-17.0	12.0	28.0	26.0	33.0	-29.0	31.0	160.77
53	-52.0	-10.0	-29.0	-38.0	107.0	31.0	22.0	-24.0	147.17
54	-39.0	23.0	-69.0	-48.0	127.0	80.0	-1.0	-9.0	145.35
55	12.0	-38.0	60.0	3.0	-115.0	-45.0	-37.0	6.0	160.78
56	39.0	-33.0	-33.0	17.0	-127.0	16.0	-17.0	-11.0	151.22
57	-4.0	3.0	63.0	9.0	-31.0	127.0	127.0	-25.0	168.8
58	-1.0	27.0	60.0	-51.0	102.0	-118.0	-103.0	-85.0	168.56
59	-32.0	-48.0	-20.0	104.0	24.0	10.0	3.0	72.0	168.84
60	69.0	-5.0	-13.0	-51.0	123.0	108.0	-115.0	-13.0	165.36
61	-68.0	11.0	14.0	9.0	-45.0	-109.0	-2.0	100.0	156.02
62	60.0	-10.0	-12.0	-47.0	-117.0	-120.0	13.0	-63.0	157.33
63	-40.0	37.0	21.0	-12.0	-49.0	-11.0	15.0	-35.0	160.78
64	87.0	31.0	-29.0	-79.0	65.0	-19.0	-88.0	-7.0	154.17
65	-32.0	-27.0	15.0	33.0	5.0	110.0	1.0	-10.0	167.94
66	15.0	78.0	23.0	-56.0	127.0	-56.0	-125.0	-38.0	147.13
67	-16.0	-18.0	-10.0	-67.0	-5.0	-70.0	83.0	62.0	168.8
68	33.0	3.0	-19.0	2.0	123.0	-52.0	26.0	-87.0	169.01
69	-55.0	5.0	-52.0	18.0	52.0	116.0	25.0	-27.0	169.39
70	44.0	86.0	9.0	-40.0	-19.0	59.0	-2.0	40.0	169.01
71	-1.0	-26.0	47.0	-78.0	-78.0	77.0	-105.0	3.0	169.71
72	-75.0	21.0	-15.0	27.0	34.0	13.0	-38.0	-37.0	169.71
73	-74.0	26.0	75.0	-37.0	40.0	16.0	-53.0	87.0	169.05
74	-7.0	-25.0	-14.0	39.0	-26.0	125.0	-53.0	75.0	163.28
75	15.0	73.0	44.0	45.0	-89.0	-61.0	-70.0	-42.0	158.27
76	42.0	126.0	-16.0	32.0	-90.0	111.0	7.0	42.0	168.58
77	-23.0	28.0	-6.0	7.0	34.0	-128.0	-8.0	-110.0	164.72
78	-57.0	-2.0	-70.0	35.0	72.0	-128.0	28.0	42.0	167.94
79	33.0	14.0	0.0	54.0	61.0	127.0	83.0	-15.0	156.02
80	40.0	-29.0	-29.0	-91.0	26.0	127.0	-22.0	-114.0	152.29
81	21.0	-1.0	-60.0	-1.0	-31.0	127.0	-47.0	83.0	139.56
82	85.0	23.0	-31.0	74.0	-34.0	21.0	-21.0	-37.0	137.61
83	-33.0	23.0	106.0	76.0	84.0	-18.0	-23.0	4.0	131.86
84	-95.0	-118.0	-5.0	-19.0	59.0	127.0	-29.0	24.0	133.91
85	77.0	-20.0	-38.0	-56.0	-2.0	77.0	-107.0	-10.0	135.06
86	19.0	-53.0	-9.0	-4.0	21.0	-128.0	8.0	127.0	137.11
