0	-111.0	127.0	39.0	113.0	-29.0	2.0	17.0	5.0	57.28
1	38.0	33.0	33.0	16.0	-18.0	-14.0	23.0	1.0	61.11
2	-25.0	-6.0	47.0	-35.0	23.0	7.0	4.0	1.0	62.36
3	22.0	-46.0	102.0	43.0	-7.0	-25.0	23.0	-19.0	72.65
4	32.0	119.0	6.0	98.0	3.0	4.0	8.0	8.0	69.51
5	84.0	-109.0	93.0	0.0	-19.0	21.0	-1.0	-5.0	62.89
6	-13.0	-128.0	-31.0	-26.0	-7.0	-2.0	-8.0	-9.0	67.41
7	56.0	78.0	-66.0	48.0	-4.0	13.0	-7.0	4.0	65.42
8	74.0	46.0	-69.0	-84.0	2.0	-33.0	-12.0	-9.0	67.41
9	-23.0	117.0	-10.0	60.0	1.0	21.0	-1.0	43.0	73.93
10	-85.0	127.0	15.0	105.0	-8.0	5.0	-7.0	-5.0	61.11
11	51.0	-128.0	-4.0	1.0	-4.0	9.0	8.0	2.0	60.12
12	-18.0	82.0	-25.0	27.0	10.0	22.0	6.0	-10.0	61.11
13	4.0	-19.0	16.0	49.0	-14.0	-16.0	-3.0	-4.0	65.36
14	-27.0	-17.0	-4.0	-8.0	-21.0	4.0	-14.0	-11.0	65.42
15	-100.0	-65.0	-121.0	-78.0	-4.0	-15.0	-16.0	7.0	73.77
16	-17.0	54.0	10.0	-4.0	10.0	24.0	-10.0	-28.0	84.85
17	-112.0	89.0	-27.0	-9.0	9.0	-8.0	28.0	-28.0	81.2
18	-10.0	-60.0	0.0	-56.0	-12.0	26.0	29.0	43.0	83.58
19	-74.0	86.0	-81.0	57.0	-51.0	2.0	6.0	3.0	85.76
20	-94.0	125.0	4.0	6.0	-19.0	-15.0	-6.0	-20.0	86.59
21	96.0	-64.0	25.0	83.0	17.0	2.0	-5.0	20.0	87.95
22	105.0	-115.0	90.0	-47.0	14.0	-31.0	31.0	13.0	90.12
23	-54.0	-5.0	2.0	-14.0	-5.0	16.0	-3.0	13.0	91.37
24	-109.0	2.0	-25.0	45.0	-69.0	-24.0	-23.0	13.0	87.62
25	-85.0	86.0	-36.0	-11.0	3.0	11.0	11.0	-3.0	87.62
26	29.0	-128.0	-84.0	43.0	-4.0	6.0	7.0	12.0	89.29
27	60.0	58.0	99.0	32.0	-14.0	-20.0	-16.0	19.0	92.62
28	-48.0	3.0	-23.0	-45.0	29.0	21.0	-32.0	-10.0	92.96
29	-4.0	38.0	-128.0	84.0	-14.0	-6.0	1.0	42.0	92.81
30	-12.0	5.0	-67.0	-38.0	-4.0	-22.0	-16.0	5.0	93.35
31	-128.0	12.0	78.0	-22.0	42.0	10.0	-7.0	-3.0	92.96
32	51.0	-93.0	112.0	-41.0	0.0	-13.0	28.0	2.0	95.42
33	108.0	-46.0	43.0	-30.0	-19.0	3.0	-7.0	-5.0	92.37
34	-68.0	-44.0	-49.0	46.0	-4.0	9.0	-15.0	11.0	92.62
35	-43.0	-128.0	-14.0	45.0	17.0	-3.0	-1.0	13.0	91.61
36	127.0	-46.0	23.0	7.0	-6.0	-14.0	15.0	-31.0	89.11
37	-66.0	109.0	47.0	127.0	-10.0	-16.0	25.0	-2.0	89.29
38	43.0	19.0	-33.0	-34.0	19.0	3.0	9.0	27.0	89.11
39	26.0	103.0	-60.0	-21.0	-3.0	9.0	4.0	6.0	84.85
40	-128.0	35.0	53.0	-70.0	4.0	-28.0	-6.0	21.0	85.11
41	-28.0	-113.0	-106.0	-26.0	23.0	-20.0	-19.0	-14.0	84.83
42	-59.0	117.0	69.0	52.0	-19.0	-18.0	-23.0	-19.0	79.61
43	127.0	-66.0	-95.0	-24.0	45.0	9.0	-27.0	-1.0	82.62
44	127.0	-98.0	83.0	106.0	-28.0	2.0	11.0	-26.0	77.43
45	-29.0	61.0	97.0	-118.0	12.0	2.0	-95.0	-3.0	78.83
46	-109.0	-76.0	-44.0	82.0	12.0	-15.0	7.0	3.0	84.83
47	25.0	-88.0	127.0	27.0	-1.0	-9.0	6.0	-13.0	82.68
48	9.0	-8.0	60.0	31.0	2.0	3.0	-87.0	19.0	79.78
49	85.0	-98.0	-41.0	42.0	-2.0	-35.0	0.0	0.0	82.68
50	-125.0	-15.0	-3.0	-128.0	5.0	-66.0	-35.0	-15.0	81.64
51	-17.0	28.0	95.0	70.0	-9.0	4.0	10.0	12.0	77.43
52	-56.0	31.0	-68.0	-57.0	0.0	-6.0	56.0	15.0	81.64
53	127.0	51.0	-1.0	-44.0	8.0	0.0	-39.0	31.0	79.61
54	127.0	-61.0	12.0	-7.0	17.0	-1.0	-37.0	2.0	75.07
55	38.0	-92.0	-13.0	25.0	57.0	-2.0	9.0	-18.0	76.2
56	-68.0	75.0	-4.0	9.0	4.0	-24.0	12.0	1.0	75.07
57	-94.0	-63.0	50.0	-27.0	13.0	-2.0	-23.0	0.0	73.77
58	-37.0	-88.0	-17.0	-28.0	-6.0	-1.0	9.0	-5.0	68.82
59	-69.0	-43.0	-5.0	-128.0	26.0	-12.0	-7.0	-15.0	62.36
60	-44.0	-96.0	22.0	41.0	-7.0	-18.0	24.0	-55.0	59.93
61	-18.0	94.0	-57.0	11.0	-35.0	12.0	-4.0	-5.0	60.1
62	29.0	-75.0	57.0	-60.0	16.0	4.0	-2.0	0.0	57.16
63	78.0	80.0	60.0	-7.0	21.0	-14.0	-6.0	23.0	61.11
64	87.0	95.0	-60.0	-39.0	-35.0	-11.0	-10.0	-32.0	57.28
65	64.0	-73.0	-47.0	46.0	6.0	23.0	-4.0	-15.0	41.16
66	-89.0	52.0	27.0	26.0	-31.0	10.0	-7.0	-19.0	57.16
67	127.0	109.0	-39.0	-27.0	-3.0	-13.0	-1.0	-19.0	57.49
68	-7.0	98.0	-67.0	54.0	22.0	-5.0	-14.0	1.0	41.88
69	38.0	127.0	100.0	-48.0	-12.0	-16.0	-56.0	14.0	41.16
70	-47.0	-68.0	41.0	61.0	1.0	2.0	-32.0	-43.0	54.92
71	49.0	-123.0	107.0	53.0	-11.0	-6.0	-10.0	-29.0	41.48
72	60.0	127.0	32.0	-90.0	11.0	-6.0	-18.0	2.0	40.41
73	125.0	42.0	-97.0	-44.0	7.0	2.0	-15.0	14.0	40.88
74	-3.0	-120.0	31.0	-82.0	17.0	10.0	21.0	-22.0	40.44
75	-51.0	33.0	127.0	73.0	5.0	-5.0	-1.0	-15.0	40.74
76	103.0	85.0	-7.0	-80.0	10.0	10.0	7.0	-17.0	40.44
77	56.0	54.0	-26.0	19.0	11.0	25.0	9.0	-7.0	41.2
78	44.0	46.0	93.0	-63.0	-20.0	-11.0	26.0	20.0	52.05
79	-2.0	11.0	63.0	22.0	-9.0	1.0	-6.0	-24.0	40.66
80	51.0	-38.0	12.0	-8.0	-2.0	-4.0	-1.0	-6.0	52.7
81	60.0	-16.0	26.0	46.0	-15.0	0.0	-6.0	22.0	52.05
82	19.0	24.0	81.0	109.0	20.0	0.0	-29.0	23.0	40.88
83	-36.0	-14.0	-89.0	-42.0	-11.0	5.0	18.0	4.0	41.48
84	-82.0	127.0	0.0	7.0	17.0	-4.0	-9.0	-19.0	56.79
