0	-108.0	127.0	-74.0	101.0	-20.0	10.0	7.0	-6.0	75.24
1	-125.0	-39.0	-28.0	16.0	11.0	24.0	-1.0	-6.0	65.51
2	20.0	35.0	20.0	-61.0	24.0	8.0	-3.0	10.0	62.59
3	-61.0	-121.0	-31.0	-56.0	20.0	-4.0	-3.0	4.0	65.39
4	113.0	-81.0	-21.0	-37.0	-7.0	-1.0	-11.0	12.0	61.19
5	17.0	-33.0	3.0	-47.0	-10.0	-16.0	-11.0	-3.0	65.51
6	115.0	122.0	10.0	-3.0	6.0	1.0	-21.0	-11.0	62.39
7	-93.0	109.0	72.0	-7.0	-23.0	3.0	2.0	-7.0	57.0
8	63.0	97.0	13.0	46.0	-24.0	2.0	5.0	19.0	57.31
9	-128.0	63.0	41.0	-24.0	26.0	2.0	-10.0	4.0	59.86
10	69.0	-75.0	-2.0	-45.0	-8.0	-4.0	-4.0	3.0	58.43
11	21.0	-40.0	50.0	-75.0	4.0	-4.0	-8.0	-18.0	59.86
12	32.0	127.0	-46.0	91.0	-10.0	-14.0	-9.0	-4.0	57.0
13	-64.0	108.0	85.0	-29.0	-12.0	-6.0	17.0	-13.0	54.59
14	56.0	-53.0	9.0	28.0	-45.0	-2.0	0.0	-9.0	51.3
15	51.0	23.0	-33.0	42.0	39.0	5.0	-3.0	0.0	53.66
16	-78.0	-128.0	-9.0	-76.0	3.0	3.0	-21.0	-28.0	53.66
17	-33.0	-68.0	66.0	13.0	-10.0	-17.0	21.0	-15.0	50.48
18	-84.0	-60.0	22.0	44.0	-4.0	-2.0	-4.0	-3.0	50.19
19	98.0	127.0	51.0	57.0	0.0	4.0	-22.0	-1.0	50.62
20	34.0	127.0	70.0	-13.0	-23.0	-12.0	3.0	-14.0	55.49
21	-4.0	-80.0	-47.0	96.0	17.0	-12.0	-6.0	-3.0	53.47
22	0.0	127.0	11.0	-85.0	62.0	4.0	-12.0	0.0	53.47
23	9.0	-55.0	73.0	72.0	-3.0	-12.0	-24.0	-11.0	52.37
24	-78.0	10.0	30.0	60.0	-1.0	-11.0	0.0	-9.0	50.4
25	-89.0	-65.0	27.0	-34.0	8.0	1.0	-15.0	14.0	50.35
26	127.0	-68.0	19.0	-50.0	-17.0	-2.0	-20.0	16.0	50.19
27	127.0	-3.0	2.0	108.0	34.0	-3.0	-7.0	14.0	51.3
28	-37.0	-19.0	-14.0	-18.0	18.0	-5.0	12.0	-1.0	50.62
29	-20.0	18.0	16.0	73.0	0.0	-7.0	-14.0	-15.0	57.31
30	6.0	62.0	-19.0	44.0	-11.0	-2.0	8.0	9.0	62.39
31	-38.0	93.0	-64.0	-83.0	-9.0	0.0	2.0	-6.0	60.45
32	49.0	-118.0	-88.0	-96.0	-11.0	13.0	-14.0	46.0	69.74
33	34.0	-128.0	10.0	-70.0	-9.0	-17.0	5.0	-29.0	75.79
34	78.0	9.0	-70.0	-59.0	-22.0	0.0	1.0	35.0	64.24
35	-83.0	70.0	-40.0	23.0	-32.0	-16.0	11.0	-13.0	67.58
36	-7.0	70.0	19.0	-33.0	5.0	19.0	-7.0	-8.0	62.59
37	37.0	60.0	15.0	-4.0	24.0	-12.0	20.0	-8.0	78.41
38	-92.0	-34.0	-59.0	32.0	12.0	-27.0	-10.0	6.0	87.65
39	93.0	-128.0	-63.0	7.0	-4.0	6.0	9.0	-6.0	71.15
40	-49.0	60.0	37.0	1.0	-19.0	-1.0	7.0	7.0	73.08
41	-25.0	-90.0	-53.0	36.0	-32.0	3.0	-4.0	-9.0	72.8
42	103.0	-4.0	127.0	10.0	40.0	-20.0	-4.0	-30.0	84.58
43	-128.0	41.0	-122.0	-9.0	18.0	12.0	-11.0	-16.0	87.65
44	91.0	39.0	112.0	-13.0	9.0	-7.0	-26.0	14.0	84.4
45	0.0	-101.0	-128.0	-12.0	2.0	-14.0	-5.0	0.0	71.15
46	43.0	127.0	10.0	21.0	-13.0	-11.0	9.0	-21.0	88.25
47	-44.0	59.0	6.0	-5.0	-18.0	-3.0	-17.0	7.0	99.89
48	-27.0	58.0	-27.0	25.0	-13.0	-2.0	-1.0	-13.0	95.26
49	127.0	33.0	-24.0	-10.0	-44.0	3.0	3.0	-24.0	107.59
50	-23.0	-71.0	72.0	-100.0	5.0	-5.0	-9.0	10.0	107.54
51	19.0	-55.0	-26.0	38.0	-13.0	-1.0	-10.0	21.0	104.83
52	93.0	-19.0	-49.0	0.0	-34.0	-20.0	10.0	22.0	96.09
53	-39.0	-6.0	23.0	1.0	-24.0	3.0	13.0	13.0	99.89
54	-58.0	113.0	72.0	-21.0	-15.0	17.0	7.0	-5.0	107.17
55	-118.0	-115.0	55.0	-10.0	-12.0	-23.0	2.0	7.0	107.54
56	111.0	29.0	13.0	-22.0	12.0	-4.0	-11.0	6.0	108.59
57	127.0	-101.0	38.0	-105.0	-1.0	1.0	-16.0	44.0	108.57
58	60.0	54.0	26.0	8.0	1.0	-31.0	4.0	-8.0	111.18
59	-76.0	67.0	42.0	-30.0	-10.0	-3.0	-20.0	9.0	108.53
60	-85.0	-128.0	-44.0	-15.0	24.0	-20.0	-1.0	-8.0	111.28
61	-65.0	35.0	-46.0	119.0	-16.0	-15.0	-11.0	9.0	108.53
62	-114.0	-128.0	17.0	-6.0	22.0	-1.0	-10.0	-12.0	109.02
63	3.0	13.0	68.0	8.0	16.0	32.0	10.0	10.0	111.28
64	30.0	-80.0	48.0	-26.0	-15.0	-7.0	9.0	-55.0	107.92
65	-66.0	95.0	95.0	-22.0	-12.0	8.0	2.0	-4.0	107.92
66	2.0	-118.0	-77.0	-16.0	10.0	-2.0	4.0	8.0	94.96
67	31.0	-25.0	-14.0	-31.0	4.0	1.0	-12.0	25.0	91.38
68	-77.0	123.0	-73.0	99.0	-6.0	12.0	-1.0	-15.0	85.64
69	92.0	-107.0	-12.0	70.0	21.0	9.0	-1.0	-3.0	86.83
70	-104.0	-28.0	-81.0	-7.0	-18.0	-20.0	32.0	-11.0	94.96
71	45.0	127.0	43.0	-92.0	-5.0	-1.0	-4.0	1.0	104.83
72	-14.0	127.0	-52.0	-44.0	-4.0	-1.0	-5.0	33.0	94.96
73	48.0	94.0	84.0	-36.0	-4.0	-14.0	-25.0	-7.0	88.13
74	43.0	-128.0	-116.0	-30.0	-50.0	3.0	-5.0	8.0	72.8
75	13.0	107.0	-28.0	61.0	16.0	-29.0	15.0	-10.0	80.9
76	-13.0	-126.0	25.0	-33.0	-9.0	-14.0	2.0	-21.0	97.32
77	18.0	116.0	103.0	-34.0	-15.0	2.0	-1.0	25.0	86.83
78	-40.0	-67.0	71.0	60.0	0.0	6.0	3.0	7.0	96.09
79	126.0	50.0	98.0	-58.0	-2.0	2.0	-15.0	20.0	100.72
80	-20.0	127.0	-1.0	-40.0	-1.0	-10.0	20.0	-14.0	95.26
81	71.0	54.0	-119.0	2.0	-3.0	-2.0	-9.0	-22.0	88.73
82	-128.0	-104.0	82.0	127.0	-6.0	18.0	-4.0	-4.0	88.73
83	-65.0	-16.0	-20.0	13.0	2.0	-11.0	-1.0	-5.0	84.4
84	-82.0	-124.0	22.0	28.0	-12.0	10.0	-7.0	-6.0	78.41
85	-26.0	-6.0	79.0	-94.0	-4.0	9.0	-7.0	27.0	71.63
86	72.0	-47.0	14.0	-57.0	5.0	-1.0	3.0	-4.0	94.33
87	2.0	41.0	64.0	102.0	-5.0	6.0	-2.0	-29.0	75.24
