0	-3.0	-122.0	14.0	1.0	-10.0	24.0	-23.0	-3.0	94.76
1	-44.0	70.0	-35.0	-63.0	55.0	53.0	-101.0	33.0	95.43
2	-63.0	-29.0	91.0	-12.0	-39.0	-17.0	127.0	-9.0	95.9
3	127.0	-12.0	9.0	4.0	84.0	-31.0	27.0	23.0	98.69
4	-103.0	83.0	48.0	-20.0	-18.0	-105.0	9.0	-89.0	100.74
5	-20.0	-43.0	-128.0	4.0	-33.0	-6.0	-128.0	-54.0	109.66
6	60.0	-68.0	-7.0	80.0	-15.0	54.0	40.0	72.0	112.23
7	87.0	10.0	-2.0	-114.0	-14.0	13.0	17.0	-99.0	114.47
8	42.0	-107.0	-21.0	-18.0	13.0	-51.0	78.0	15.0	114.47
9	127.0	79.0	14.0	-55.0	5.0	19.0	4.0	89.0	102.11
10	-57.0	80.0	-25.0	118.0	-21.0	5.0	-47.0	1.0	110.59
11	110.0	-75.0	-28.0	101.0	9.0	-38.0	20.0	47.0	104.18
12	127.0	-17.0	33.0	28.0	-25.0	-19.0	-84.0	24.0	98.7
13	-128.0	-20.0	-45.0	34.0	29.0	12.0	40.0	53.0	106.2
14	-128.0	59.0	6.0	-26.0	14.0	-109.0	-1.0	59.0	102.11
15	73.0	-91.0	28.0	46.0	47.0	127.0	-19.0	-41.0	108.2
16	-54.0	-83.0	-11.0	-92.0	-36.0	-34.0	66.0	-43.0	110.59
17	-6.0	56.0	58.0	-88.0	22.0	74.0	-49.0	107.0	109.66
18	106.0	-55.0	10.0	-2.0	-8.0	51.0	-21.0	-21.0	110.68
19	-86.0	103.0	34.0	-128.0	51.0	-49.0	58.0	91.0	116.05
20	67.0	66.0	-53.0	-10.0	24.0	-44.0	1.0	-110.0	116.05
21	-4.0	30.0	19.0	41.0	6.0	54.0	-128.0	-128.0	115.16
22	85.0	85.0	4.0	-39.0	-33.0	37.0	-60.0	127.0	115.25
23	72.0	-37.0	66.0	15.0	47.0	-64.0	-122.0	-66.0	116.89
24	-10.0	111.0	45.0	-50.0	67.0	-66.0	-96.0	66.0	117.85
25	58.0	45.0	-5.0	-45.0	41.0	-19.0	-24.0	35.0	117.66
26	-128.0	97.0	-43.0	99.0	-33.0	-61.0	-62.0	-61.0	117.66
27	-71.0	-84.0	6.0	49.0	5.0	-1.0	19.0	3.0	117.61
28	61.0	127.0	-11.0	-28.0	11.0	127.0	-82.0	-41.0	117.61
29	127.0	-87.0	7.0	18.0	10.0	-6.0	58.0	36.0	113.48
30	63.0	-62.0	34.0	-95.0	-26.0	16.0	91.0	-76.0	112.23
31	-86.0	23.0	-26.0	-74.0	12.0	-99.0	25.0	5.0	108.02
32	31.0	110.0	-11.0	80.0	-13.0	33.0	-84.0	24.0	106.2
33	32.0	-54.0	1.0	-5.0	-18.0	66.0	19.0	17.0	100.74
34	114.0	-37.0	-27.0	-17.0	12.0	-10.0	31.0	4.0	102.16
35	-55.0	90.0	6.0	53.0	-35.0	-86.0	-24.0	-31.0	100.14
36	-47.0	-98.0	48.0	0.0	25.0	-15.0	-64.0	49.0	105.21
37	-38.0	-25.0	0.0	-43.0	-18.0	36.0	-93.0	35.0	97.03
38	-84.0	26.0	35.0	7.0	1.0	13.0	71.0	-22.0	97.03
39	73.0	69.0	-128.0	-31.0	-30.0	13.0	-56.0	-68.0	95.56
40	111.0	11.0	-28.0	123.0	-24.0	-12.0	26.0	-36.0	89.64
41	-88.0	127.0	-16.0	63.0	49.0	63.0	76.0	36.0	95.43
42	127.0	110.0	66.0	-62.0	-14.0	-33.0	127.0	-18.0	89.64
43	2.0	-82.0	-128.0	28.0	79.0	10.0	-128.0	34.0	88.61
44	-107.0	-47.0	2.0	-90.0	10.0	-29.0	15.0	-63.0	94.22
45	19.0	127.0	1.0	45.0	23.0	38.0	-91.0	-43.0	62.84
46	-61.0	-53.0	-26.0	-75.0	3.0	-30.0	96.0	21.0	87.8
47	119.0	92.0	21.0	-103.0	2.0	-112.0	-45.0	41.0	74.72
48	-71.0	-128.0	-14.0	12.0	-77.0	1.0	-128.0	-13.0	84.34
49	-63.0	-39.0	127.0	-13.0	126.0	-5.0	-57.0	-15.0	62.84
50	60.0	-124.0	-106.0	106.0	-10.0	24.0	-83.0	47.0	68.53
51	-125.0	127.0	-87.0	-104.0	-70.0	30.0	10.0	89.0	70.41
52	-19.0	-128.0	-36.0	107.0	-55.0	-38.0	95.0	37.0	65.35
53	23.0	127.0	-1.0	18.0	5.0	-6.0	-30.0	21.0	86.85
54	-95.0	33.0	-38.0	48.0	39.0	-55.0	45.0	69.0	75.35
55	-49.0	-64.0	40.0	81.0	28.0	2.0	-16.0	-17.0	55.18
56	-37.0	53.0	55.0	67.0	-23.0	-16.0	68.0	-33.0	59.0
57	-105.0	-122.0	46.0	-18.0	14.0	-78.0	5.0	-36.0	60.52
58	80.0	13.0	-17.0	10.0	-3.0	-55.0	-70.0	-6.0	55.18
59	63.0	-128.0	-121.0	63.0	-43.0	22.0	-115.0	-38.0	60.4
60	111.0	-45.0	5.0	68.0	10.0	75.0	111.0	1.0	59.0
61	31.0	-44.0	-57.0	66.0	12.0	-15.0	-90.0	74.0	58.27
62	-108.0	72.0	117.0	85.0	84.0	-47.0	-30.0	-73.0	75.35
63	37.0	-94.0	79.0	-45.0	37.0	-52.0	-27.0	-50.0	74.72
64	39.0	120.0	28.0	59.0	25.0	21.0	-26.0	-27.0	58.3
65	45.0	-76.0	-3.0	-41.0	-29.0	-10.0	-76.0	67.0	68.53
66	66.0	-51.0	-63.0	78.0	-4.0	-73.0	38.0	6.0	59.0
67	-26.0	115.0	36.0	97.0	-32.0	58.0	-65.0	-1.0	51.76
68	-104.0	-128.0	-73.0	-110.0	6.0	15.0	-109.0	17.0	49.33
69	63.0	127.0	-5.0	59.0	-19.0	-2.0	-4.0	34.0	50.11
70	2.0	-27.0	-101.0	13.0	-11.0	44.0	-5.0	-7.0	53.59
71	-52.0	56.0	54.0	-44.0	22.0	75.0	45.0	69.0	49.11
72	-40.0	127.0	-10.0	25.0	10.0	90.0	-7.0	60.0	48.6
73	48.0	-41.0	-17.0	12.0	-122.0	-11.0	25.0	17.0	48.6
74	63.0	-128.0	67.0	-30.0	-10.0	-5.0	-35.0	-33.0	49.07
75	127.0	-3.0	-128.0	-28.0	24.0	-36.0	14.0	-26.0	49.11
76	-106.0	-100.0	32.0	-128.0	0.0	-61.0	122.0	33.0	49.33
77	76.0	58.0	73.0	0.0	23.0	4.0	-87.0	-31.0	54.69
78	-1.0	-128.0	127.0	49.0	-47.0	26.0	21.0	-127.0	51.56
79	-125.0	112.0	37.0	-61.0	-36.0	69.0	-68.0	39.0	54.69
80	85.0	-83.0	11.0	127.0	-20.0	106.0	63.0	-75.0	61.78
81	-76.0	61.0	58.0	-2.0	-12.0	7.0	-72.0	15.0	60.4
82	127.0	-70.0	84.0	-77.0	-13.0	-41.0	54.0	35.0	63.28
83	-128.0	113.0	127.0	-13.0	0.0	-10.0	75.0	28.0	73.78
84	32.0	74.0	14.0	19.0	49.0	-32.0	23.0	2.0	94.76
