0	-77.0	52.0	122.0	63.0	-15.0	-29.0	12.0	-56.0	57.49
1	88.0	-128.0	14.0	-69.0	-12.0	-36.0	121.0	70.0	58.2
2	66.0	79.0	-4.0	31.0	-27.0	27.0	-14.0	23.0	57.02
3	8.0	97.0	-89.0	-44.0	21.0	-7.0	34.0	27.0	57.02
4	94.0	-33.0	-9.0	83.0	-4.0	-38.0	-38.0	22.0	58.66
5	-25.0	97.0	-26.0	-128.0	-43.0	14.0	41.0	-41.0	60.11
6	6.0	127.0	-9.0	127.0	2.0	12.0	98.0	-13.0	61.32
7	-128.0	53.0	-77.0	-101.0	7.0	38.0	122.0	78.0	60.56
8	-84.0	127.0	-18.0	57.0	-3.0	14.0	-2.0	58.0	67.86
9	-128.0	-68.0	32.0	-10.0	42.0	-27.0	117.0	-10.0	67.86
10	-7.0	10.0	-14.0	26.0	-14.0	-53.0	-32.0	85.0	61.42
11	-51.0	-123.0	48.0	-5.0	-9.0	8.0	13.0	17.0	72.74
12	77.0	-123.0	-30.0	-42.0	-29.0	79.0	-88.0	30.0	73.75
13	-20.0	-76.0	-96.0	-36.0	-38.0	30.0	-108.0	-7.0	78.99
14	59.0	65.0	4.0	52.0	44.0	-16.0	15.0	-21.0	80.18
15	-106.0	-61.0	-108.0	-31.0	4.0	38.0	-65.0	-81.0	84.46
16	27.0	-95.0	-95.0	5.0	-10.0	14.0	-71.0	-30.0	85.31
17	42.0	14.0	95.0	30.0	7.0	-18.0	1.0	-34.0	92.71
18	74.0	123.0	16.0	20.0	34.0	-82.0	12.0	-28.0	98.62
19	86.0	3.0	-78.0	-45.0	120.0	-73.0	35.0	16.0	98.3
20	98.0	13.0	12.0	-46.0	-11.0	77.0	80.0	-8.0	97.85
21	-128.0	62.0	84.0	-10.0	-56.0	-3.0	43.0	5.0	97.85
22	127.0	106.0	35.0	69.0	-16.0	46.0	-108.0	21.0	97.76
23	-3.0	127.0	-109.0	64.0	63.0	-26.0	-37.0	-85.0	94.74
24	-77.0	-24.0	71.0	-5.0	8.0	-88.0	-70.0	32.0	97.68
25	127.0	55.0	19.0	-23.0	-11.0	-39.0	-128.0	66.0	96.29
26	7.0	-128.0	-24.0	36.0	46.0	-99.0	75.0	28.0	88.11
27	-112.0	72.0	-103.0	-15.0	-10.0	-57.0	-56.0	-8.0	89.36
28	-16.0	-101.0	7.0	26.0	-42.0	52.0	60.0	-6.0	92.71
29	127.0	-123.0	127.0	-41.0	0.0	-2.0	47.0	25.0	94.74
30	127.0	-103.0	7.0	26.0	4.0	-81.0	-8.0	-55.0	92.94
31	-16.0	-78.0	-122.0	-42.0	-43.0	24.0	-128.0	-36.0	91.4
32	-1.0	113.0	-16.0	11.0	2.0	-5.0	28.0	-42.0	89.36
33	-103.0	4.0	127.0	26.0	0.0	-32.0	124.0	-14.0	85.31
34	127.0	-82.0	59.0	48.0	-14.0	-10.0	63.0	23.0	97.99
35	-119.0	-57.0	-96.0	-27.0	-8.0	84.0	94.0	-87.0	98.94
36	-98.0	-47.0	-69.0	27.0	-30.0	18.0	-33.0	46.0	99.68
37	127.0	45.0	58.0	-128.0	-23.0	50.0	-80.0	22.0	102.11
38	127.0	42.0	-2.0	127.0	-59.0	12.0	-37.0	32.0	102.11
39	55.0	-46.0	103.0	-101.0	-105.0	6.0	-81.0	52.0	106.97
40	34.0	-128.0	-23.0	30.0	-11.0	43.0	-107.0	-38.0	103.69
41	-71.0	127.0	-10.0	-45.0	40.0	-28.0	-41.0	9.0	114.79
42	127.0	-35.0	-25.0	-58.0	25.0	-26.0	-31.0	64.0	103.39
43	24.0	29.0	4.0	-85.0	-19.0	33.0	13.0	11.0	115.52
44	126.0	110.0	-5.0	-102.0	110.0	-17.0	-84.0	-94.0	106.74
45	28.0	66.0	12.0	-83.0	6.0	-1.0	53.0	-52.0	109.37
46	51.0	-115.0	57.0	2.0	2.0	19.0	55.0	62.0	110.26
47	42.0	20.0	-116.0	-35.0	14.0	43.0	25.0	19.0	106.04
48	117.0	-105.0	-15.0	74.0	-1.0	-17.0	-80.0	15.0	114.79
49	97.0	127.0	-122.0	10.0	23.0	0.0	-83.0	-49.0	113.2
50	-81.0	-16.0	-40.0	93.0	-52.0	-97.0	127.0	-20.0	109.37
51	-30.0	-68.0	-116.0	-1.0	-27.0	-12.0	7.0	-43.0	105.1
52	117.0	-128.0	-22.0	1.0	-67.0	-14.0	-99.0	-5.0	113.2
53	88.0	115.0	-2.0	-49.0	-7.0	67.0	127.0	28.0	113.2
54	127.0	-97.0	18.0	-19.0	-37.0	-54.0	62.0	-35.0	115.83
55	94.0	-102.0	-47.0	-14.0	-10.0	80.0	-8.0	-6.0	111.98
56	127.0	51.0	127.0	48.0	23.0	15.0	46.0	33.0	115.86
57	-128.0	106.0	13.0	-51.0	-52.0	15.0	104.0	60.0	114.04
58	127.0	-83.0	86.0	4.0	11.0	26.0	-89.0	46.0	115.86
59	112.0	24.0	-67.0	-8.0	-16.0	-6.0	71.0	99.0	115.83
60	-95.0	-1.0	1.0	-74.0	-5.0	-30.0	37.0	-67.0	114.61
61	-122.0	127.0	-41.0	-121.0	20.0	19.0	-89.0	36.0	108.49
62	-18.0	66.0	83.0	-37.0	20.0	-27.0	8.0	51.0	106.74
63	-67.0	-106.0	-8.0	5.0	-24.0	98.0	-11.0	10.0	103.69
64	32.0	-128.0	-4.0	-31.0	63.0	-50.0	-49.0	127.0	106.04
65	73.0	-102.0	-54.0	-36.0	52.0	-18.0	-43.0	52.0	108.49
66	-99.0	11.0	-119.0	-71.0	20.0	12.0	-65.0	31.0	102.85
67	124.0	30.0	-18.0	60.0	-16.0	85.0	-43.0	112.0	100.81
68	127.0	-128.0	-26.0	33.0	28.0	-29.0	112.0	8.0	100.81
69	69.0	98.0	119.0	-56.0	-14.0	71.0	103.0	-28.0	96.58
70	-69.0	127.0	35.0	93.0	-14.0	-39.0	27.0	-90.0	97.68
71	105.0	70.0	19.0	35.0	24.0	-1.0	6.0	109.0	90.53
72	-4.0	63.0	-47.0	-110.0	-57.0	14.0	-5.0	-25.0	91.4
73	127.0	38.0	-9.0	16.0	96.0	28.0	79.0	-15.0	80.75
74	-128.0	79.0	127.0	-10.0	-8.0	-88.0	-34.0	15.0	78.99
75	-128.0	127.0	-43.0	27.0	-53.0	20.0	27.0	116.0	60.92
76	37.0	-128.0	-25.0	-78.0	31.0	-10.0	65.0	51.0	60.92
77	90.0	1.0	7.0	-28.0	-25.0	-63.0	66.0	-19.0	62.79
78	-80.0	75.0	38.0	-21.0	14.0	40.0	107.0	70.0	73.75
79	57.0	98.0	61.0	-49.0	-19.0	127.0	6.0	-17.0	59.56
80	-78.0	-15.0	-32.0	-103.0	-25.0	39.0	-81.0	7.0	72.97
81	63.0	-72.0	-9.0	107.0	4.0	-42.0	12.0	31.0	60.56
82	10.0	37.0	65.0	8.0	11.0	40.0	-54.0	66.0	58.27
83	-95.0	127.0	97.0	-70.0	20.0	26.0	19.0	-17.0	58.66
84	126.0	102.0	-79.0	5.0	1.0	2.0	-3.0	-12.0	57.21
85	-128.0	127.0	-51.0	21.0	-19.0	83.0	23.0	19.0	57.21
86	20.0	93.0	23.0	-24.0	20.0	-56.0	-74.0	95.0	56.84
