0	-124.0	64.0	90.0	-7.0	-34.0	3.0	7.0	-7.0	45.11
1	-5.0	-56.0	50.0	-30.0	-1.0	5.0	-18.0	-2.0	41.85
2	67.0	-48.0	-55.0	-40.0	-5.0	-10.0	21.0	17.0	42.64
3	-14.0	-91.0	-22.0	88.0	-49.0	2.0	-14.0	-19.0	41.85
4	-83.0	-128.0	92.0	-62.0	38.0	-1.0	-1.0	-20.0	48.77
5	39.0	70.0	50.0	29.0	49.0	1.0	11.0	-22.0	47.61
6	28.0	88.0	-43.0	56.0	-2.0	-4.0	-16.0	-5.0	69.78
7	-2.0	-90.0	99.0	-49.0	-40.0	-15.0	6.0	-1.0	76.57
8	-36.0	-10.0	45.0	-43.0	-57.0	-4.0	16.0	-12.0	68.01
9	17.0	110.0	56.0	11.0	-15.0	-7.0	6.0	8.0	73.22
10	96.0	-99.0	-36.0	38.0	22.0	0.0	1.0	-15.0	61.36
11	-128.0	-75.0	-5.0	-16.0	4.0	-3.0	19.0	11.0	70.25
12	-38.0	22.0	62.0	-26.0	13.0	-14.0	-14.0	-6.0	58.38
13	-89.0	-45.0	-43.0	-41.0	-10.0	-7.0	26.0	23.0	63.88
14	-87.0	91.0	-29.0	-31.0	-35.0	18.0	-1.0	-1.0	56.6
15	26.0	-87.0	-14.0	-25.0	9.0	-9.0	0.0	-1.0	45.1
16	2.0	74.0	7.0	13.0	-9.0	3.0	6.0	-56.0	48.74
17	51.0	-45.0	34.0	62.0	3.0	-16.0	-3.0	0.0	63.81
18	-47.0	-1.0	64.0	6.0	20.0	-10.0	0.0	3.0	73.22
19	-14.0	-60.0	-24.0	127.0	18.0	10.0	3.0	-12.0	73.12
20	-107.0	107.0	14.0	-9.0	8.0	19.0	-21.0	22.0	78.12
21	-42.0	54.0	29.0	28.0	-14.0	-14.0	20.0	-9.0	78.55
22	-62.0	-2.0	-7.0	-48.0	-13.0	-2.0	0.0	-5.0	76.96
23	-33.0	73.0	39.0	44.0	12.0	-3.0	4.0	16.0	80.01
24	-72.0	-101.0	-56.0	98.0	12.0	-13.0	1.0	-11.0	82.88
25	-104.0	127.0	-79.0	-39.0	38.0	13.0	7.0	5.0	78.55
26	-1.0	-45.0	95.0	-53.0	10.0	-10.0	4.0	16.0	82.88
27	-46.0	-46.0	17.0	-31.0	4.0	13.0	4.0	-22.0	83.33
28	120.0	73.0	8.0	-14.0	-4.0	0.0	1.0	6.0	84.68
29	-55.0	84.0	-27.0	34.0	-14.0	7.0	-2.0	-2.0	83.4
30	-42.0	54.0	-68.0	-2.0	-6.0	-14.0	7.0	-11.0	92.07
31	-77.0	31.0	-8.0	76.0	25.0	-2.0	-11.0	21.0	95.68
32	100.0	84.0	29.0	64.0	-18.0	-5.0	-13.0	-6.0	100.0
33	80.0	106.0	12.0	31.0	24.0	1.0	-4.0	-19.0	102.82
34	-12.0	60.0	-103.0	-4.0	13.0	-13.0	5.0	5.0	97.7
35	-17.0	32.0	-17.0	29.0	2.0	-7.0	-20.0	1.0	102.82
36	-78.0	50.0	-46.0	31.0	-13.0	7.0	1.0	51.0	101.84
37	-22.0	115.0	94.0	-27.0	-19.0	-14.0	20.0	3.0	99.99
38	-27.0	-128.0	25.0	-41.0	-10.0	3.0	2.0	6.0	98.95
39	-21.0	-52.0	-5.0	-101.0	27.0	4.0	-3.0	24.0	102.43
40	-104.0	127.0	9.0	67.0	7.0	6.0	13.0	1.0	100.0
41	107.0	-21.0	11.0	-22.0	30.0	17.0	-4.0	-16.0	96.66
42	-27.0	105.0	77.0	2.0	60.0	-5.0	2.0	7.0	98.95
43	83.0	18.0	84.0	-20.0	-8.0	6.0	7.0	-3.0	95.38
44	51.0	-99.0	-126.0	-65.0	31.0	-1.0	-28.0	-3.0	89.38
45	-83.0	110.0	-32.0	6.0	-22.0	-7.0	-1.0	2.0	89.38
46	-8.0	21.0	-123.0	89.0	-5.0	-9.0	13.0	-4.0	101.84
47	86.0	0.0	-121.0	75.0	13.0	-22.0	-15.0	7.0	102.14
48	127.0	114.0	89.0	-128.0	-13.0	8.0	1.0	-4.0	97.32
49	-2.0	-128.0	4.0	-7.0	-10.0	18.0	-3.0	9.0	99.29
50	33.0	52.0	8.0	-5.0	-7.0	-8.0	7.0	-5.0	99.99
51	65.0	61.0	21.0	-34.0	-18.0	3.0	18.0	29.0	102.26
52	-10.0	-99.0	-54.0	-12.0	-8.0	15.0	0.0	-11.0	100.76
53	22.0	26.0	-6.0	13.0	47.0	-7.0	-8.0	8.0	102.43
54	24.0	72.0	78.0	29.0	-4.0	2.0	-8.0	17.0	102.57
55	56.0	88.0	-8.0	63.0	4.0	11.0	6.0	6.0	102.2
56	-10.0	-45.0	-63.0	22.0	26.0	-8.0	7.0	1.0	100.75
57	59.0	69.0	-11.0	32.0	-2.0	3.0	3.0	-7.0	93.73
58	51.0	-72.0	-107.0	-46.0	-14.0	5.0	-18.0	-1.0	100.75
59	83.0	-55.0	-1.0	-82.0	-19.0	1.0	1.0	-8.0	95.68
60	-72.0	-89.0	30.0	-64.0	-10.0	-6.0	-1.0	5.0	93.73
61	3.0	-44.0	2.0	-29.0	-5.0	6.0	8.0	27.0	92.07
62	-36.0	127.0	-97.0	-11.0	-6.0	-2.0	6.0	-14.0	88.66
63	74.0	-26.0	-128.0	-16.0	10.0	0.0	0.0	-2.0	96.98
64	-50.0	25.0	25.0	35.0	49.0	8.0	-3.0	-20.0	83.4
65	94.0	-113.0	-34.0	-68.0	19.0	-15.0	-17.0	4.0	83.33
66	-13.0	28.0	127.0	-73.0	-21.0	2.0	-7.0	29.0	81.57
67	37.0	-49.0	54.0	-128.0	-1.0	-9.0	-5.0	-1.0	76.96
68	30.0	122.0	10.0	86.0	-14.0	22.0	-8.0	38.0	70.25
69	91.0	-61.0	-20.0	127.0	-67.0	0.0	-1.0	-25.0	68.01
70	107.0	-25.0	36.0	-28.0	-8.0	3.0	6.0	-20.0	58.65
71	-4.0	51.0	-58.0	70.0	8.0	12.0	-3.0	1.0	48.67
72	48.0	-61.0	-16.0	-71.0	-3.0	9.0	2.0	20.0	50.34
73	6.0	-69.0	-1.0	-60.0	-21.0	7.0	-14.0	16.0	53.4
74	23.0	-54.0	-76.0	-23.0	18.0	-18.0	0.0	0.0	53.4
75	-42.0	-93.0	10.0	94.0	15.0	7.0	3.0	8.0	41.24
76	0.0	-20.0	-124.0	79.0	2.0	3.0	-4.0	10.0	45.1
77	-114.0	-65.0	42.0	-1.0	39.0	-7.0	-6.0	31.0	55.93
78	8.0	67.0	-119.0	-28.0	2.0	18.0	-6.0	-22.0	56.6
79	27.0	-119.0	41.0	-14.0	-11.0	-15.0	16.0	-21.0	58.65
80	80.0	-91.0	10.0	-70.0	-2.0	-1.0	-23.0	4.0	48.74
81	80.0	50.0	-45.0	-30.0	-19.0	1.0	23.0	12.0	48.06
82	77.0	-83.0	74.0	-12.0	-19.0	0.0	1.0	-16.0	42.64
83	-85.0	-50.0	-37.0	86.0	-6.0	-15.0	4.0	27.0	50.34
84	91.0	-81.0	-71.0	-17.0	-19.0	12.0	-18.0	4.0	66.84
85	-128.0	-89.0	46.0	-30.0	-14.0	-5.0	19.0	-15.0	51.83
86	-28.0	127.0	-37.0	-34.0	-4.0	7.0	9.0	-20.0	48.67
87	90.0	97.0	42.0	16.0	53.0	-10.0	-13.0	32.0	40.98
