0	-30.0	127.0	84.0	127.0	-3.0	-23.0	-34.0	-36.0	101.02
1	16.0	32.0	-2.0	-42.0	-37.0	2.0	-47.0	115.0	101.27
2	-107.0	32.0	-92.0	105.0	-23.0	50.0	81.0	-38.0	97.22
3	-92.0	-21.0	-10.0	-45.0	10.0	-2.0	-9.0	-25.0	95.86
4	102.0	-1.0	-24.0	-47.0	-22.0	-52.0	31.0	24.0	90.9
5	-106.0	70.0	32.0	114.0	5.0	39.0	-43.0	-25.0	98.74
6	14.0	77.0	-93.0	-21.0	20.0	-63.0	-25.0	97.0	90.99
7	-83.0	60.0	-28.0	5.0	5.0	-55.0	52.0	-37.0	92.75
8	80.0	5.0	37.0	-12.0	5.0	40.0	-112.0	-24.0	87.92
9	5.0	120.0	75.0	-80.0	-21.0	9.0	-20.0	-87.0	90.99
10	99.0	-44.0	-26.0	26.0	-15.0	-16.0	127.0	9.0	90.46
11	-128.0	-74.0	-6.0	-4.0	21.0	55.0	60.0	76.0	82.64
12	-53.0	65.0	-121.0	-98.0	13.0	24.0	-65.0	-92.0	82.54
13	79.0	-48.0	-5.0	110.0	-41.0	22.0	38.0	24.0	78.03
14	53.0	41.0	-70.0	-121.0	-8.0	-7.0	23.0	0.0	71.66
15	-55.0	40.0	46.0	-51.0	58.0	-6.0	0.0	-20.0	61.36
16	48.0	1.0	122.0	18.0	24.0	-3.0	4.0	21.0	65.75
17	-109.0	76.0	-59.0	12.0	3.0	-20.0	0.0	103.0	67.47
18	-27.0	-72.0	-58.0	-17.0	25.0	37.0	12.0	97.0	75.66
19	-63.0	91.0	-95.0	-36.0	7.0	27.0	7.0	62.0	71.91
20	24.0	57.0	-9.0	-15.0	66.0	-97.0	-39.0	4.0	73.77
21	-34.0	-74.0	32.0	2.0	-54.0	37.0	114.0	74.0	69.98
22	110.0	101.0	13.0	-33.0	22.0	20.0	-53.0	-41.0	63.05
23	-27.0	127.0	32.0	-28.0	-10.0	-116.0	32.0	-12.0	75.91
24	82.0	-30.0	-108.0	53.0	-43.0	16.0	33.0	75.0	79.81
25	101.0	-103.0	16.0	114.0	2.0	-8.0	-78.0	13.0	79.2
26	26.0	127.0	-6.0	51.0	-9.0	95.0	-20.0	-29.0	73.77
27	45.0	-68.0	-42.0	-47.0	-1.0	-128.0	-69.0	39.0	65.77
28	5.0	127.0	-80.0	-56.0	34.0	-85.0	14.0	111.0	65.75
29	-47.0	-38.0	49.0	47.0	-57.0	-15.0	20.0	-22.0	68.2
30	-51.0	-108.0	106.0	19.0	21.0	-50.0	62.0	99.0	65.77
31	72.0	-76.0	-5.0	73.0	-26.0	-34.0	-2.0	20.0	60.72
32	-41.0	127.0	34.0	8.0	-25.0	-17.0	-63.0	-7.0	54.22
33	89.0	-30.0	23.0	-128.0	-3.0	-16.0	-17.0	-4.0	54.5
34	-21.0	-70.0	-41.0	90.0	-13.0	-117.0	-33.0	3.0	45.23
35	59.0	-128.0	107.0	24.0	-2.0	-80.0	-36.0	127.0	47.59
36	53.0	-64.0	-103.0	51.0	5.0	11.0	127.0	59.0	54.09
37	-113.0	127.0	-8.0	-49.0	29.0	-41.0	-18.0	-76.0	51.31
38	114.0	-10.0	-2.0	-74.0	5.0	-5.0	51.0	47.0	52.39
39	53.0	-77.0	-112.0	-70.0	6.0	-42.0	43.0	37.0	51.31
40	-61.0	3.0	52.0	22.0	17.0	-18.0	-22.0	3.0	47.59
41	77.0	39.0	-6.0	10.0	31.0	-31.0	14.0	127.0	52.39
42	-43.0	114.0	-49.0	7.0	-57.0	-40.0	-75.0	49.0	48.44
43	5.0	28.0	-71.0	17.0	-24.0	54.0	31.0	-7.0	54.13
44	90.0	52.0	-11.0	-11.0	55.0	-87.0	5.0	-111.0	54.22
45	-22.0	-100.0	101.0	-120.0	-33.0	52.0	95.0	24.0	57.8
46	-32.0	-79.0	44.0	44.0	-13.0	63.0	1.0	-53.0	61.19
47	-19.0	112.0	-48.0	127.0	33.0	-77.0	-12.0	-48.0	61.36
48	23.0	-128.0	38.0	39.0	-64.0	5.0	-68.0	81.0	48.49
49	-63.0	102.0	-46.0	-80.0	6.0	1.0	-36.0	-3.0	42.96
50	122.0	-115.0	-25.0	-59.0	6.0	5.0	15.0	-2.0	43.93
51	-12.0	117.0	48.0	-44.0	33.0	-11.0	-11.0	108.0	43.17
52	127.0	90.0	-9.0	26.0	-19.0	8.0	42.0	41.0	52.49
53	-72.0	-128.0	4.0	99.0	-19.0	-88.0	26.0	-19.0	61.19
54	127.0	-107.0	-23.0	-111.0	19.0	-15.0	-42.0	4.0	52.98
55	114.0	114.0	16.0	15.0	-45.0	36.0	0.0	60.0	45.23
56	15.0	-128.0	-1.0	81.0	-40.0	20.0	-9.0	2.0	42.96
57	68.0	120.0	-59.0	-21.0	5.0	13.0	12.0	-12.0	52.82
58	-106.0	-80.0	27.0	-20.0	-52.0	3.0	79.0	-82.0	56.78
59	-37.0	-94.0	18.0	-128.0	-15.0	-106.0	-47.0	21.0	56.78
60	112.0	39.0	76.0	-117.0	41.0	-8.0	-6.0	8.0	57.8
61	58.0	95.0	-27.0	-33.0	-30.0	-11.0	75.0	4.0	56.5
62	71.0	21.0	-21.0	17.0	-1.0	7.0	-91.0	3.0	58.89
63	1.0	127.0	-25.0	42.0	59.0	22.0	-22.0	-71.0	68.2
64	-17.0	-54.0	51.0	-83.0	10.0	-31.0	34.0	4.0	71.91
65	-94.0	-98.0	118.0	6.0	-68.0	62.0	49.0	84.0	78.03
66	91.0	53.0	-36.0	13.0	0.0	56.0	10.0	-57.0	82.64
67	-91.0	92.0	63.0	-38.0	-3.0	-34.0	-5.0	35.0	79.62
68	-128.0	13.0	-12.0	6.0	45.0	41.0	87.0	69.0	84.21
69	127.0	85.0	78.0	127.0	-8.0	17.0	127.0	-26.0	85.86
70	109.0	11.0	-16.0	-7.0	28.0	-64.0	91.0	2.0	79.81
71	39.0	110.0	-100.0	-31.0	39.0	51.0	57.0	-79.0	84.26
72	-88.0	90.0	-25.0	-128.0	-105.0	16.0	-18.0	17.0	87.92
73	-43.0	-89.0	40.0	-14.0	-81.0	21.0	-57.0	-37.0	85.81
74	86.0	-113.0	109.0	-128.0	30.0	-3.0	127.0	-14.0	87.48
75	24.0	-113.0	-51.0	-72.0	-29.0	2.0	-49.0	-40.0	85.22
76	99.0	97.0	-128.0	-1.0	-29.0	8.0	24.0	-9.0	90.46
77	-99.0	81.0	118.0	32.0	-49.0	21.0	42.0	-28.0	95.86
78	91.0	89.0	110.0	-3.0	-47.0	-127.0	-18.0	27.0	101.27
79	14.0	23.0	3.0	-17.0	14.0	-35.0	41.0	-69.0	95.75
80	116.0	-90.0	-70.0	56.0	-9.0	-24.0	58.0	76.0	98.74
81	8.0	-87.0	-23.0	-83.0	4.0	75.0	-10.0	15.0	100.03
82	-128.0	127.0	10.0	-48.0	-47.0	-69.0	-26.0	-22.0	100.03
83	-100.0	114.0	-102.0	-28.0	27.0	-24.0	-4.0	11.0	101.28
84	90.0	-108.0	-33.0	52.0	7.0	36.0	20.0	-24.0	102.69
