0	30.0	22.0	29.0	70.0	31.0	9.0	7.0	-2.0	61.36
1	-83.0	106.0	-55.0	-7.0	30.0	7.0	-1.0	-15.0	63.88
2	-2.0	88.0	-29.0	-28.0	-57.0	-2.0	6.0	16.0	45.1
3	-14.0	67.0	-34.0	-41.0	-35.0	-5.0	-23.0	-6.0	48.74
4	-42.0	21.0	-107.0	-68.0	4.0	-13.0	4.0	10.0	48.74
5	86.0	28.0	-32.0	-43.0	-18.0	19.0	4.0	-16.0	45.11
6	0.0	26.0	9.0	16.0	-19.0	-6.0	2.0	4.0	63.81
7	-62.0	-45.0	-6.0	-34.0	3.0	-8.0	-1.0	-22.0	47.61
8	-77.0	-91.0	36.0	-17.0	7.0	11.0	2.0	6.0	58.38
9	-38.0	115.0	-128.0	11.0	-5.0	-14.0	6.0	8.0	45.1
10	-87.0	70.0	-1.0	-49.0	20.0	3.0	-3.0	21.0	41.85
11	-104.0	-25.0	39.0	-60.0	-18.0	-7.0	3.0	-1.0	41.24
12	37.0	64.0	-43.0	-12.0	-14.0	0.0	9.0	-22.0	48.67
13	-28.0	31.0	-45.0	64.0	39.0	10.0	-3.0	29.0	50.34
14	-36.0	-89.0	-71.0	38.0	-14.0	-1.0	6.0	-12.0	51.83
15	-1.0	72.0	-103.0	-65.0	22.0	-4.0	0.0	-56.0	48.77
16	91.0	-61.0	127.0	-28.0	-15.0	7.0	-1.0	27.0	53.4
17	-128.0	127.0	42.0	-31.0	-11.0	7.0	7.0	-6.0	56.6
18	-47.0	97.0	42.0	-12.0	-14.0	-7.0	-20.0	-20.0	40.98
19	-83.0	-99.0	-8.0	-62.0	-10.0	18.0	-2.0	1.0	48.06
20	28.0	-113.0	-17.0	-128.0	38.0	-16.0	-4.0	-1.0	55.93
21	-21.0	122.0	25.0	31.0	18.0	3.0	8.0	22.0	42.64
22	-128.0	-61.0	11.0	76.0	-2.0	-2.0	6.0	3.0	41.85
23	120.0	105.0	50.0	-22.0	10.0	3.0	-13.0	-2.0	48.67
24	-89.0	52.0	-14.0	-34.0	-6.0	-13.0	4.0	6.0	53.4
25	51.0	-55.0	-5.0	-5.0	-22.0	-3.0	11.0	16.0	42.64
26	-2.0	54.0	-20.0	-14.0	-1.0	1.0	18.0	5.0	73.12
27	107.0	-65.0	56.0	-40.0	-10.0	-18.0	7.0	6.0	76.96
28	-55.0	-81.0	14.0	-16.0	26.0	2.0	5.0	-20.0	84.68
29	-10.0	91.0	99.0	56.0	18.0	12.0	-5.0	-25.0	78.12
30	-72.0	-128.0	-11.0	-11.0	-7.0	0.0	-1.0	-2.0	68.01
31	23.0	-45.0	-68.0	-7.0	13.0	3.0	6.0	-21.0	82.88
32	-27.0	127.0	-46.0	94.0	-19.0	22.0	-8.0	38.0	76.96
33	-104.0	-69.0	-79.0	-26.0	-13.0	-15.0	4.0	-16.0	66.84
34	-50.0	-119.0	95.0	-73.0	24.0	-10.0	-18.0	-3.0	68.01
35	39.0	-72.0	-1.0	6.0	49.0	6.0	20.0	20.0	70.25
36	-78.0	32.0	8.0	29.0	-2.0	2.0	-7.0	-5.0	58.65
37	56.0	-54.0	-37.0	28.0	13.0	-10.0	0.0	-22.0	50.34
38	67.0	-90.0	-97.0	32.0	-13.0	-7.0	-1.0	51.0	73.22
39	80.0	-52.0	90.0	-14.0	2.0	-15.0	3.0	-5.0	56.6
40	22.0	-91.0	64.0	-2.0	-5.0	0.0	23.0	4.0	70.25
41	27.0	73.0	92.0	-31.0	49.0	13.0	0.0	-11.0	83.4
42	59.0	-2.0	12.0	29.0	-9.0	-7.0	1.0	-20.0	69.78
43	-107.0	-20.0	10.0	-30.0	-14.0	1.0	-3.0	3.0	88.66
44	74.0	74.0	-24.0	-4.0	-19.0	-10.0	1.0	0.0	83.4
45	51.0	-56.0	4.0	-25.0	-6.0	18.0	1.0	4.0	100.0
46	17.0	50.0	-27.0	75.0	12.0	6.0	-11.0	7.0	95.68
47	-124.0	-93.0	-126.0	79.0	-40.0	-22.0	16.0	32.0	98.95
48	-14.0	54.0	78.0	-64.0	-3.0	-5.0	-14.0	23.0	99.99
49	26.0	110.0	94.0	-53.0	12.0	-4.0	19.0	16.0	100.75
50	-33.0	-128.0	89.0	22.0	19.0	5.0	-17.0	5.0	98.95
51	100.0	61.0	-119.0	-16.0	25.0	-7.0	26.0	-4.0	101.84
52	48.0	-45.0	54.0	98.0	-8.0	1.0	2.0	-15.0	100.75
53	-10.0	-50.0	-121.0	88.0	-1.0	-15.0	-14.0	-11.0	100.76
54	33.0	-99.0	29.0	13.0	-10.0	0.0	1.0	8.0	102.82
55	6.0	-83.0	50.0	-1.0	15.0	-9.0	13.0	17.0	102.14
56	-85.0	-49.0	25.0	-128.0	60.0	0.0	-6.0	-4.0	102.43
57	80.0	-89.0	-7.0	63.0	4.0	-8.0	-6.0	8.0	102.2
58	-13.0	114.0	-37.0	13.0	-6.0	8.0	-4.0	-5.0	101.84
59	-42.0	-21.0	7.0	86.0	-4.0	-2.0	-18.0	12.0	102.43
60	91.0	-10.0	-5.0	2.0	8.0	-14.0	3.0	-7.0	102.57
61	83.0	-128.0	-56.0	-30.0	-19.0	18.0	1.0	27.0	102.82
62	127.0	-45.0	-123.0	-48.0	-5.0	-14.0	7.0	-1.0	102.26
63	77.0	-101.0	-58.0	-29.0	38.0	5.0	-16.0	0.0	97.7
64	-22.0	110.0	34.0	89.0	-2.0	7.0	20.0	9.0	92.07
65	-17.0	0.0	77.0	86.0	-13.0	-14.0	1.0	7.0	99.99
66	83.0	18.0	-54.0	127.0	-8.0	17.0	-18.0	1.0	97.32
67	-4.0	127.0	62.0	-70.0	2.0	-10.0	0.0	5.0	95.38
68	80.0	-99.0	84.0	-23.0	-4.0	-5.0	-8.0	17.0	92.07
69	-42.0	88.0	10.0	6.0	-10.0	-7.0	-3.0	-20.0	95.68
70	-27.0	-1.0	2.0	-71.0	-21.0	1.0	7.0	-8.0	96.66
71	51.0	-87.0	41.0	-30.0	-8.0	4.0	-3.0	-7.0	96.98
72	-8.0	-46.0	-76.0	-41.0	-4.0	7.0	-15.0	29.0	100.0
73	96.0	51.0	-63.0	-9.0	13.0	3.0	19.0	1.0	99.29
74	-72.0	69.0	46.0	-39.0	47.0	-1.0	-28.0	-12.0	93.73
75	-12.0	84.0	-124.0	31.0	8.0	8.0	6.0	2.0	89.38
76	90.0	-44.0	-16.0	34.0	-14.0	-9.0	0.0	-14.0	93.73
77	107.0	25.0	74.0	-20.0	-19.0	2.0	-21.0	-1.0	89.38
78	8.0	127.0	-8.0	44.0	-21.0	-15.0	-4.0	24.0	82.88
79	24.0	-60.0	17.0	35.0	10.0	-1.0	7.0	1.0	83.33
80	3.0	84.0	-43.0	67.0	4.0	3.0	-8.0	-19.0	58.65
81	-46.0	107.0	-22.0	62.0	-67.0	13.0	13.0	-11.0	76.57
82	65.0	-48.0	45.0	-46.0	2.0	-3.0	-13.0	-9.0	83.33
83	-114.0	60.0	30.0	29.0	-49.0	6.0	1.0	31.0	80.01
84	2.0	50.0	10.0	-27.0	-34.0	12.0	21.0	11.0	78.55
85	-36.0	-26.0	8.0	-82.0	9.0	15.0	-14.0	-1.0	81.57
86	94.0	73.0	21.0	-101.0	53.0	-9.0	0.0	-19.0	78.55
87	-5.0	-75.0	-36.0	127.0	27.0	3.0	16.0	-3.0	73.22
