0	19.0	127.0	-69.0	-19.0	0.0	-14.0	3.0	26.0	51.17
1	-1.0	-23.0	-48.0	-63.0	28.0	32.0	9.0	-5.0	50.41
2	127.0	-128.0	69.0	-7.0	0.0	-22.0	-25.0	-1.0	50.4
3	45.0	-91.0	-120.0	1.0	-19.0	-16.0	-79.0	65.0	51.17
4	119.0	-54.0	35.0	110.0	-35.0	36.0	4.0	81.0	50.46
5	-120.0	94.0	-54.0	-13.0	27.0	-19.0	-37.0	29.0	51.79
6	127.0	127.0	28.0	34.0	-22.0	-22.0	-7.0	50.0	55.85
7	86.0	-4.0	59.0	63.0	0.0	0.0	-31.0	-8.0	60.83
8	12.0	127.0	-15.0	19.0	-11.0	6.0	-12.0	-42.0	62.7
9	36.0	95.0	18.0	48.0	26.0	-17.0	3.0	79.0	61.61
10	-83.0	88.0	18.0	-12.0	10.0	16.0	12.0	3.0	63.15
11	127.0	-67.0	29.0	-63.0	-2.0	9.0	5.0	0.0	69.19
12	82.0	127.0	19.0	-18.0	0.0	15.0	27.0	-14.0	69.13
13	16.0	69.0	12.0	8.0	-14.0	10.0	-14.0	-90.0	74.24
14	127.0	80.0	-42.0	-67.0	0.0	13.0	-30.0	-6.0	81.97
15	-119.0	113.0	-53.0	17.0	24.0	-47.0	1.0	18.0	75.91
16	82.0	-75.0	-19.0	83.0	0.0	-29.0	-51.0	12.0	77.68
17	111.0	-70.0	-20.0	-4.0	-1.0	-2.0	1.0	7.0	76.58
18	-1.0	-38.0	-6.0	62.0	48.0	53.0	-21.0	9.0	74.01
19	38.0	127.0	127.0	41.0	1.0	5.0	-48.0	-6.0	71.57
20	-128.0	59.0	45.0	-13.0	-20.0	1.0	-32.0	73.0	71.23
21	92.0	95.0	-38.0	23.0	21.0	7.0	4.0	-49.0	69.13
22	60.0	46.0	48.0	-51.0	-20.0	7.0	-36.0	9.0	66.39
23	-52.0	22.0	26.0	30.0	-22.0	-8.0	-9.0	3.0	71.23
24	-128.0	-13.0	-54.0	-13.0	23.0	-17.0	-2.0	-6.0	65.98
25	39.0	-48.0	99.0	-28.0	6.0	-22.0	-8.0	-10.0	78.47
26	127.0	90.0	39.0	74.0	-1.0	-1.0	-31.0	3.0	93.61
27	-74.0	127.0	-65.0	39.0	-22.0	17.0	-3.0	-12.0	96.77
28	124.0	-97.0	-128.0	-128.0	-1.0	-12.0	10.0	-70.0	96.96
29	59.0	21.0	41.0	-56.0	7.0	1.0	-17.0	-22.0	99.56
30	-73.0	-91.0	28.0	-7.0	-1.0	-21.0	31.0	-4.0	99.82
31	25.0	-12.0	-107.0	-63.0	0.0	-24.0	-70.0	11.0	100.17
32	-128.0	48.0	29.0	74.0	-23.0	14.0	2.0	24.0	100.9
33	-125.0	-83.0	28.0	97.0	-19.0	5.0	2.0	-16.0	100.17
34	51.0	34.0	-25.0	45.0	19.0	-24.0	3.0	1.0	103.62
35	97.0	40.0	-12.0	-38.0	5.0	-12.0	118.0	-48.0	102.04
36	22.0	75.0	36.0	11.0	-12.0	30.0	10.0	-10.0	108.74
37	110.0	29.0	64.0	18.0	-7.0	-4.0	70.0	0.0	103.95
38	85.0	-94.0	18.0	4.0	14.0	12.0	-55.0	43.0	108.5
39	-125.0	-72.0	13.0	-63.0	-11.0	15.0	21.0	20.0	109.88
40	-109.0	28.0	100.0	75.0	24.0	14.0	-17.0	19.0	111.06
41	80.0	-125.0	65.0	1.0	-27.0	22.0	24.0	28.0	110.25
42	-22.0	-89.0	-57.0	-54.0	11.0	15.0	-7.0	55.0	111.56
43	22.0	-67.0	-62.0	-104.0	14.0	-32.0	-1.0	8.0	112.17
44	101.0	-106.0	-1.0	-92.0	-17.0	4.0	3.0	0.0	112.17
45	122.0	-114.0	-89.0	77.0	10.0	0.0	37.0	-2.0	112.3
46	127.0	51.0	-35.0	-22.0	8.0	19.0	-30.0	8.0	112.16
47	127.0	56.0	19.0	-28.0	21.0	-6.0	-4.0	-50.0	111.64
48	40.0	83.0	70.0	127.0	-10.0	5.0	5.0	-41.0	111.64
49	117.0	126.0	-8.0	-72.0	3.0	16.0	-13.0	39.0	111.56
50	127.0	-31.0	-74.0	-28.0	-2.0	9.0	4.0	27.0	112.02
51	127.0	-120.0	81.0	92.0	-2.0	4.0	-14.0	28.0	110.25
52	108.0	41.0	77.0	127.0	10.0	-26.0	-1.0	-17.0	108.74
53	98.0	-59.0	45.0	21.0	-13.0	4.0	-11.0	41.0	100.9
54	-128.0	101.0	65.0	45.0	-3.0	-30.0	17.0	45.0	100.14
55	30.0	87.0	95.0	28.0	-18.0	-3.0	-51.0	-10.0	99.17
56	-32.0	-114.0	7.0	-15.0	10.0	-24.0	25.0	-14.0	84.1
57	54.0	-15.0	30.0	-7.0	34.0	-11.0	-12.0	-15.0	85.22
58	-61.0	15.0	9.0	-46.0	1.0	8.0	-49.0	35.0	96.77
59	118.0	-6.0	70.0	-11.0	-10.0	-2.0	19.0	2.0	81.66
60	33.0	117.0	-84.0	-48.0	19.0	16.0	-43.0	-49.0	79.46
61	21.0	93.0	21.0	-128.0	-15.0	10.0	25.0	2.0	85.22
62	-57.0	79.0	11.0	37.0	-6.0	-6.0	74.0	13.0	82.51
63	17.0	18.0	-54.0	-14.0	-6.0	15.0	-24.0	35.0	78.91
64	122.0	109.0	37.0	71.0	15.0	-38.0	1.0	-42.0	78.91
65	127.0	3.0	-17.0	18.0	42.0	3.0	-68.0	3.0	76.58
66	-128.0	-59.0	51.0	-56.0	22.0	8.0	-47.0	-12.0	81.66
67	-128.0	-46.0	22.0	6.0	4.0	4.0	-31.0	-4.0	96.96
68	-63.0	-82.0	11.0	-2.0	12.0	-16.0	2.0	-11.0	93.61
69	-128.0	93.0	85.0	23.0	-15.0	0.0	6.0	-9.0	95.25
70	15.0	-124.0	33.0	-42.0	-22.0	23.0	-2.0	-10.0	99.17
71	-29.0	-88.0	-24.0	3.0	-22.0	10.0	41.0	-48.0	77.68
72	-84.0	39.0	-87.0	-59.0	-6.0	-37.0	-9.0	19.0	74.24
73	127.0	68.0	-65.0	66.0	-20.0	2.0	-25.0	-35.0	65.98
74	15.0	-123.0	-13.0	-53.0	26.0	-25.0	-52.0	-18.0	62.7
75	28.0	-110.0	-24.0	64.0	5.0	11.0	8.0	-22.0	60.83
76	79.0	-15.0	3.0	48.0	19.0	-33.0	-8.0	-64.0	55.85
77	-91.0	5.0	-75.0	22.0	8.0	1.0	18.0	59.0	53.98
78	-128.0	107.0	38.0	-97.0	27.0	-13.0	20.0	-46.0	55.11
79	-13.0	-91.0	61.0	4.0	-21.0	-12.0	-9.0	10.0	51.18
80	34.0	29.0	-8.0	116.0	-29.0	33.0	-16.0	37.0	52.23
81	-99.0	2.0	27.0	18.0	6.0	2.0	23.0	-4.0	58.31
82	-128.0	-116.0	-37.0	111.0	-24.0	24.0	25.0	-1.0	52.23
83	-18.0	-28.0	-39.0	-32.0	9.0	7.0	-15.0	40.0	51.79
84	102.0	-45.0	78.0	-17.0	38.0	3.0	-4.0	-33.0	50.79
85	-107.0	88.0	-46.0	67.0	-9.0	14.0	-15.0	-1.0	50.4
86	81.0	-82.0	-15.0	-60.0	-3.0	-16.0	-6.0	-28.0	50.34
87	-14.0	-128.0	-56.0	71.0	17.0	-2.0	-16.0	33.0	50.41
