0	22.0	37.0	-6.0	-24.0	54.0	-114.0	-34.0	4.0	169.85
1	6.0	35.0	-3.0	126.0	30.0	66.0	-83.0	13.0	169.85
2	80.0	14.0	-26.0	-33.0	-75.0	-58.0	77.0	-54.0	170.68
3	-17.0	-12.0	-13.0	7.0	10.0	-40.0	127.0	-41.0	170.69
4	5.0	-3.0	85.0	10.0	13.0	-76.0	106.0	83.0	169.98
5	12.0	-17.0	48.0	-16.0	71.0	-128.0	-37.0	-37.0	168.97
6	-56.0	74.0	-30.0	2.0	-66.0	112.0	-18.0	-64.0	168.12
7	-127.0	-60.0	-10.0	41.0	60.0	-128.0	-49.0	-116.0	167.56
8	-18.0	-39.0	-40.0	-7.0	93.0	10.0	127.0	-16.0	163.12
9	20.0	-11.0	1.0	3.0	9.0	48.0	23.0	29.0	160.14
10	89.0	11.0	-9.0	95.0	12.0	58.0	23.0	42.0	152.5
11	-22.0	-22.0	1.0	-49.0	2.0	94.0	127.0	-62.0	158.0
12	103.0	-68.0	-16.0	61.0	-71.0	78.0	38.0	52.0	154.36
13	64.0	10.0	-13.0	-14.0	-3.0	13.0	-100.0	19.0	152.5
14	11.0	-30.0	-42.0	95.0	-128.0	-19.0	19.0	-2.0	156.31
15	-28.0	-125.0	62.0	-19.0	7.0	111.0	127.0	-45.0	151.02
16	17.0	17.0	27.0	-14.0	116.0	-41.0	18.0	41.0	148.33
17	111.0	104.0	-15.0	-19.0	-22.0	98.0	-16.0	6.0	148.83
18	-83.0	-10.0	-10.0	-20.0	-63.0	4.0	-25.0	49.0	145.8
19	73.0	15.0	-24.0	-18.0	-122.0	-84.0	21.0	-15.0	128.2
20	64.0	-51.0	35.0	18.0	73.0	-58.0	82.0	-82.0	144.18
21	35.0	34.0	-25.0	33.0	-2.0	127.0	-20.0	49.0	131.66
22	19.0	-22.0	94.0	-58.0	-28.0	122.0	-34.0	-85.0	131.66
23	-13.0	14.0	8.0	19.0	-112.0	56.0	82.0	15.0	136.46
24	63.0	2.0	16.0	-39.0	-78.0	72.0	11.0	9.0	118.97
25	71.0	47.0	15.0	-6.0	2.0	44.0	-6.0	119.0	120.52
26	-19.0	-93.0	0.0	-6.0	-122.0	-103.0	-54.0	-83.0	116.46
27	-74.0	111.0	-25.0	-30.0	43.0	-128.0	-69.0	-19.0	110.98
28	-101.0	-45.0	94.0	-7.0	-43.0	36.0	-42.0	58.0	118.97
29	-77.0	60.0	31.0	0.0	103.0	54.0	-126.0	-38.0	116.46
30	30.0	8.0	8.0	10.0	-99.0	-57.0	18.0	-11.0	113.7
31	-24.0	-75.0	0.0	-18.0	121.0	-106.0	-53.0	127.0	113.82
32	-21.0	-27.0	-9.0	31.0	9.0	5.0	-124.0	-87.0	107.9
33	-5.0	43.0	-34.0	1.0	-31.0	90.0	64.0	-39.0	106.29
34	21.0	20.0	3.0	-19.0	17.0	-128.0	-12.0	52.0	106.15
35	30.0	-22.0	-8.0	-81.0	13.0	-8.0	-8.0	-18.0	103.16
36	122.0	8.0	-37.0	-11.0	98.0	-103.0	-1.0	-19.0	103.85
37	-3.0	-32.0	59.0	15.0	82.0	-128.0	-38.0	20.0	103.16
38	18.0	18.0	26.0	-39.0	-7.0	-81.0	25.0	73.0	102.89
39	1.0	-11.0	40.0	36.0	13.0	97.0	1.0	-72.0	102.47
40	26.0	18.0	-5.0	68.0	127.0	-106.0	30.0	-22.0	102.5
41	69.0	18.0	-7.0	27.0	40.0	73.0	-15.0	30.0	102.42
42	-59.0	32.0	-11.0	-8.0	17.0	23.0	-47.0	-37.0	102.42
43	-12.0	22.0	42.0	-6.0	-53.0	12.0	69.0	-126.0	102.89
44	-18.0	-16.0	-26.0	0.0	-41.0	127.0	56.0	40.0	106.29
45	-29.0	-28.0	23.0	-42.0	-20.0	48.0	20.0	-41.0	107.9
46	12.0	-4.0	-28.0	26.0	-113.0	108.0	5.0	127.0	110.08
47	-1.0	-13.0	18.0	127.0	-128.0	-73.0	65.0	13.0	110.98
48	39.0	43.0	-6.0	86.0	22.0	89.0	-128.0	-31.0	121.69
49	31.0	41.0	-8.0	100.0	33.0	120.0	-58.0	2.0	124.41
50	-35.0	-13.0	42.0	-52.0	39.0	81.0	-58.0	127.0	124.41
51	-35.0	104.0	-24.0	-10.0	46.0	19.0	-102.0	-24.0	132.18
52	3.0	-28.0	-26.0	15.0	65.0	96.0	52.0	127.0	134.65
53	64.0	-15.0	-22.0	2.0	-50.0	127.0	72.0	-66.0	124.45
54	-12.0	51.0	19.0	-88.0	12.0	4.0	110.0	11.0	124.45
55	-5.0	-5.0	-31.0	24.0	-23.0	-58.0	70.0	15.0	132.18
56	25.0	71.0	7.0	40.0	-128.0	-70.0	126.0	-75.0	142.78
57	58.0	-110.0	4.0	10.0	-54.0	11.0	-4.0	31.0	145.67
58	-34.0	-21.0	38.0	18.0	20.0	-54.0	29.0	49.0	129.87
59	-128.0	-4.0	-15.0	-4.0	-10.0	-44.0	25.0	-36.0	140.67
60	3.0	86.0	-22.0	-21.0	80.0	12.0	58.0	-75.0	144.18
61	-13.0	-10.0	54.0	58.0	-22.0	38.0	-50.0	-10.0	127.28
62	-61.0	46.0	4.0	42.0	-11.0	-82.0	-56.0	-61.0	148.33
63	-22.0	27.0	-2.0	-31.0	19.0	49.0	58.0	127.0	145.67
64	98.0	-15.0	16.0	5.0	127.0	-47.0	-15.0	-43.0	148.83
65	-22.0	82.0	15.0	-81.0	-63.0	127.0	-30.0	19.0	151.13
66	-18.0	-34.0	0.0	0.0	13.0	-22.0	8.0	119.0	151.02
67	-39.0	-6.0	2.0	126.0	-18.0	-30.0	95.0	-58.0	150.02
68	-58.0	13.0	-32.0	11.0	13.0	-2.0	13.0	10.0	160.14
69	61.0	47.0	-25.0	-60.0	-50.0	-56.0	20.0	35.0	159.24
70	-22.0	-35.0	24.0	-12.0	58.0	34.0	53.0	-4.0	154.36
71	-83.0	-20.0	8.0	9.0	43.0	-81.0	68.0	35.0	158.05
72	-7.0	-24.0	44.0	3.0	5.0	3.0	-49.0	-86.0	160.77
73	10.0	4.0	-1.0	23.0	-24.0	50.0	47.0	-31.0	160.77
74	96.0	16.0	2.0	-3.0	6.0	38.0	41.0	27.0	163.12
75	12.0	27.0	70.0	17.0	-107.0	-61.0	92.0	-37.0	165.05
76	-78.0	50.0	85.0	31.0	-90.0	80.0	-8.0	127.0	166.2
77	111.0	49.0	4.0	-22.0	96.0	-38.0	-20.0	98.0	168.97
78	-12.0	64.0	-21.0	-5.0	-57.0	-128.0	8.0	43.0	169.98
79	-15.0	-14.0	-12.0	-79.0	-29.0	-119.0	-1.0	-4.0	170.72
80	12.0	23.0	-85.0	-16.0	14.0	127.0	-60.0	-39.0	170.78
81	26.0	12.0	11.0	-24.0	18.0	-29.0	19.0	-29.0	170.96
82	8.0	55.0	-23.0	2.0	-4.0	-65.0	67.0	20.0	170.92
83	-68.0	29.0	23.0	-41.0	-53.0	82.0	-4.0	63.0	170.92
84	-42.0	5.0	-19.0	-81.0	116.0	58.0	49.0	-54.0	170.69
85	15.0	-5.0	-7.0	-1.0	9.0	96.0	-128.0	-41.0	170.68
86	-5.0	20.0	95.0	-3.0	-128.0	51.0	6.0	1.0	170.39
87	39.0	11.0	17.0	38.0	-18.0	102.0	24.0	99.0	169.33
