0	38.0	-33.0	4.0	24.0	31.0	127.0	-15.0	-22.0	168.74
1	43.0	-53.0	0.0	-36.0	-42.0	127.0	26.0	127.0	168.75
2	-91.0	40.0	1.0	-41.0	35.0	127.0	-83.0	-9.0	168.69
3	6.0	8.0	9.0	5.0	0.0	-128.0	-40.0	-128.0	167.98
4	-28.0	48.0	-22.0	108.0	-58.0	127.0	-72.0	-23.0	167.13
5	48.0	-4.0	-10.0	-13.0	-19.0	-85.0	34.0	-12.0	168.63
6	57.0	-11.0	1.0	28.0	44.0	-128.0	100.0	11.0	167.98
7	70.0	62.0	2.0	3.0	31.0	-120.0	-32.0	88.0	168.53
8	-98.0	-50.0	-20.0	6.0	34.0	29.0	-23.0	20.0	165.79
9	-109.0	3.0	23.0	-9.0	-33.0	122.0	-28.0	-39.0	166.23
10	19.0	-16.0	19.0	-8.0	-34.0	17.0	63.0	-23.0	166.23
11	-7.0	-10.0	-27.0	-41.0	1.0	-9.0	-97.0	-36.0	159.53
12	28.0	-17.0	9.0	14.0	42.0	17.0	107.0	-41.0	165.27
13	37.0	21.0	4.0	0.0	-28.0	15.0	-85.0	2.0	164.72
14	27.0	-8.0	91.0	6.0	-80.0	-102.0	33.0	-31.0	157.98
15	49.0	-41.0	-7.0	-12.0	-57.0	-128.0	57.0	-23.0	136.29
16	-34.0	-11.0	3.0	45.0	34.0	-15.0	-52.0	-62.0	136.29
17	6.0	32.0	-11.0	6.0	0.0	107.0	-128.0	27.0	145.99
18	-65.0	-21.0	-12.0	-14.0	-128.0	-19.0	-100.0	-67.0	132.12
19	-7.0	-5.0	30.0	44.0	16.0	-15.0	127.0	-29.0	146.2
20	31.0	55.0	42.0	-19.0	91.0	-37.0	-26.0	33.0	133.21
21	-18.0	7.0	-2.0	-12.0	31.0	-95.0	26.0	29.0	150.05
22	-18.0	-10.0	-12.0	58.0	20.0	-119.0	4.0	38.0	145.99
23	95.0	5.0	11.0	7.0	-29.0	127.0	-18.0	76.0	139.19
24	-45.0	-16.0	-33.0	-14.0	53.0	95.0	-83.0	6.0	127.68
25	-69.0	36.0	-35.0	-40.0	-84.0	44.0	100.0	46.0	127.68
26	12.0	-22.0	17.0	-37.0	110.0	-4.0	19.0	-36.0	142.56
27	13.0	62.0	34.0	17.0	127.0	27.0	55.0	-35.0	136.87
28	-11.0	-2.0	35.0	-46.0	15.0	115.0	0.0	-84.0	128.18
29	2.0	4.0	-7.0	-54.0	12.0	-128.0	-17.0	45.0	123.62
30	79.0	-7.0	-6.0	44.0	-41.0	-71.0	-46.0	56.0	128.18
31	23.0	18.0	33.0	2.0	-18.0	89.0	-27.0	127.0	136.87
32	19.0	-3.0	11.0	61.0	-100.0	19.0	90.0	-25.0	121.35
33	-5.0	-23.0	-9.0	-106.0	-120.0	-16.0	-7.0	-128.0	119.93
34	25.0	-8.0	-2.0	86.0	-65.0	-128.0	60.0	-6.0	124.24
35	-28.0	-83.0	4.0	2.0	124.0	-92.0	70.0	-29.0	119.93
36	-29.0	-6.0	-8.0	23.0	-54.0	-121.0	-23.0	57.0	111.17
37	-116.0	-1.0	6.0	-4.0	56.0	31.0	-13.0	96.0	118.56
38	52.0	32.0	-49.0	11.0	19.0	64.0	4.0	15.0	111.17
39	-16.0	-33.0	-6.0	-36.0	-64.0	50.0	-20.0	-70.0	104.09
40	-91.0	11.0	60.0	0.0	55.0	-96.0	-7.0	-29.0	95.68
41	43.0	-10.0	0.0	127.0	-15.0	120.0	-46.0	59.0	98.78
42	48.0	-12.0	100.0	12.0	-33.0	-42.0	-48.0	67.0	95.68
43	68.0	-10.0	-61.0	-88.0	-94.0	-128.0	57.0	81.0	100.2
44	-94.0	-60.0	-7.0	34.0	67.0	54.0	-45.0	-128.0	100.28
45	22.0	21.0	10.0	113.0	-13.0	-57.0	-44.0	-60.0	104.69
46	-30.0	-17.0	-44.0	-36.0	35.0	2.0	2.0	80.0	95.68
47	-60.0	40.0	-11.0	3.0	-72.0	-7.0	25.0	43.0	100.2
48	4.0	48.0	32.0	-5.0	17.0	29.0	-24.0	43.0	95.68
49	-45.0	32.0	-2.0	2.0	42.0	49.0	52.0	-43.0	95.33
50	-19.0	42.0	-27.0	35.0	-45.0	-26.0	-87.0	-2.0	110.08
51	-21.0	-45.0	16.0	-10.0	-20.0	65.0	-27.0	91.0	104.69
52	9.0	10.0	-35.0	-22.0	127.0	110.0	-15.0	88.0	110.08
53	-108.0	-9.0	-16.0	6.0	32.0	-39.0	-15.0	29.0	107.75
54	20.0	-46.0	-8.0	18.0	-94.0	-102.0	30.0	-27.0	115.93
55	49.0	-2.0	2.0	14.0	-18.0	-114.0	-32.0	-90.0	97.04
56	18.0	-12.0	8.0	-2.0	5.0	10.0	100.0	-5.0	115.93
57	86.0	11.0	1.0	-6.0	-28.0	-68.0	9.0	52.0	114.98
58	14.0	-8.0	-41.0	-60.0	-62.0	-114.0	-108.0	-56.0	112.38
59	58.0	5.0	1.0	-40.0	-18.0	109.0	66.0	-7.0	121.35
60	-1.0	-12.0	1.0	-19.0	127.0	28.0	-51.0	7.0	147.57
61	-99.0	65.0	-17.0	15.0	-62.0	-10.0	12.0	-23.0	139.65
62	19.0	63.0	-8.0	27.0	-18.0	-23.0	-114.0	-5.0	159.44
63	-26.0	-32.0	32.0	-2.0	-7.0	101.0	58.0	-43.0	146.2
64	-28.0	-16.0	41.0	-29.0	2.0	-16.0	49.0	-95.0	162.12
65	-1.0	-1.0	-1.0	-39.0	-21.0	-116.0	-27.0	18.0	155.4
66	-34.0	-22.0	23.0	-27.0	-1.0	122.0	16.0	76.0	153.5
67	64.0	7.0	65.0	-34.0	-95.0	-85.0	-72.0	61.0	153.76
68	-30.0	5.0	-17.0	-13.0	49.0	98.0	-4.0	-3.0	156.5
69	-18.0	1.0	2.0	-2.0	-18.0	-42.0	-72.0	-50.0	153.76
70	-30.0	35.0	42.0	3.0	103.0	-69.0	3.0	68.0	156.5
71	-81.0	-34.0	-38.0	18.0	-94.0	-77.0	15.0	-46.0	160.87
72	49.0	-22.0	-33.0	-25.0	12.0	-102.0	56.0	52.0	144.86
73	-90.0	9.0	15.0	25.0	-70.0	-88.0	114.0	-128.0	151.2
74	30.0	-28.0	-21.0	24.0	-8.0	-39.0	82.0	-22.0	159.53
75	64.0	3.0	22.0	-13.0	15.0	45.0	-55.0	-2.0	162.49
76	14.0	14.0	2.0	-15.0	-4.0	127.0	5.0	53.0	162.49
77	13.0	-65.0	3.0	51.0	94.0	107.0	-117.0	45.0	165.52
78	23.0	117.0	-3.0	20.0	-117.0	-120.0	-11.0	0.0	167.72
79	-42.0	85.0	-36.0	-7.0	-45.0	-16.0	-102.0	61.0	167.13
80	44.0	7.0	29.0	6.0	-1.0	-116.0	94.0	12.0	168.46
81	20.0	62.0	-37.0	-20.0	-18.0	54.0	-44.0	-19.0	168.1
82	13.0	37.0	-22.0	1.0	25.0	-101.0	-33.0	-35.0	168.63
83	10.0	-6.0	14.0	11.0	127.0	127.0	107.0	-6.0	168.74
