0	-23.0	-76.0	-8.0	-5.0	-10.0	83.0	68.0	40.0	166.05
1	29.0	-14.0	-12.0	-35.0	-10.0	-31.0	37.0	-26.0	167.89
2	-72.0	-19.0	-9.0	74.0	-24.0	38.0	-25.0	18.0	167.89
3	-9.0	8.0	21.0	-8.0	62.0	4.0	-18.0	-102.0	168.15
4	-7.0	41.0	19.0	7.0	44.0	-70.0	-64.0	-128.0	167.73
5	-44.0	-6.0	8.0	39.0	-86.0	-31.0	60.0	-36.0	167.76
6	-21.0	-61.0	-10.0	127.0	0.0	-1.0	0.0	-4.0	167.54
7	-42.0	23.0	-3.0	-61.0	61.0	-128.0	15.0	-22.0	167.18
8	22.0	7.0	-23.0	127.0	-17.0	-120.0	3.0	33.0	167.03
9	-7.0	43.0	11.0	28.0	13.0	63.0	24.0	84.0	167.67
10	17.0	0.0	82.0	14.0	127.0	74.0	61.0	62.0	167.67
11	5.0	-1.0	-9.0	8.0	127.0	-23.0	127.0	-36.0	167.03
12	24.0	-28.0	-23.0	19.0	15.0	-39.0	90.0	-71.0	166.07
13	106.0	13.0	-2.0	-69.0	-128.0	-14.0	16.0	-10.0	167.76
14	-27.0	15.0	10.0	35.0	-23.0	127.0	-11.0	-3.0	166.84
15	-36.0	-7.0	2.0	-128.0	124.0	-74.0	-75.0	38.0	161.5
16	10.0	32.0	26.0	-66.0	127.0	44.0	9.0	53.0	164.47
17	-12.0	-20.0	104.0	-18.0	-5.0	-13.0	24.0	49.0	165.15
18	84.0	-49.0	-6.0	32.0	21.0	-103.0	10.0	-83.0	167.39
19	-5.0	1.0	-28.0	-10.0	59.0	98.0	-80.0	-127.0	167.89
20	-91.0	121.0	7.0	-10.0	28.0	101.0	-56.0	22.0	168.51
21	-31.0	7.0	12.0	-87.0	0.0	86.0	-108.0	37.0	168.51
22	11.0	-6.0	-8.0	21.0	53.0	115.0	60.0	-83.0	167.89
23	107.0	-16.0	60.0	-103.0	-79.0	24.0	86.0	40.0	166.07
24	48.0	-4.0	11.0	37.0	-91.0	-14.0	-26.0	-30.0	158.98
25	-12.0	-6.0	26.0	127.0	-79.0	-128.0	-125.0	47.0	157.77
26	-91.0	-42.0	9.0	20.0	-110.0	-88.0	-61.0	76.0	161.95
27	-23.0	-6.0	11.0	22.0	-91.0	102.0	-37.0	29.0	161.4
28	-51.0	-19.0	-4.0	57.0	22.0	44.0	127.0	-22.0	167.24
29	63.0	18.0	-15.0	-61.0	6.0	58.0	106.0	-28.0	163.95
30	-13.0	49.0	7.0	2.0	61.0	-128.0	-56.0	-20.0	163.03
31	-7.0	77.0	-10.0	119.0	-42.0	38.0	-11.0	17.0	163.42
32	-20.0	43.0	-41.0	-1.0	-114.0	61.0	-91.0	-72.0	163.95
33	-32.0	0.0	34.0	-10.0	-41.0	1.0	22.0	-88.0	156.36
34	-59.0	-32.0	-29.0	-13.0	-128.0	38.0	-81.0	25.0	158.23
35	34.0	27.0	5.0	26.0	127.0	0.0	79.0	53.0	161.5
36	70.0	-10.0	-6.0	42.0	93.0	-116.0	93.0	-67.0	154.98
37	-13.0	-12.0	13.0	47.0	85.0	-70.0	-18.0	-36.0	151.31
38	-91.0	-1.0	127.0	17.0	127.0	-104.0	-29.0	-31.0	151.82
39	53.0	-96.0	8.0	-60.0	74.0	-4.0	-123.0	84.0	151.31
40	29.0	4.0	-74.0	-43.0	97.0	127.0	32.0	-20.0	149.07
41	-83.0	-31.0	-26.0	127.0	99.0	74.0	-26.0	76.0	147.0
42	-60.0	0.0	-22.0	47.0	127.0	77.0	-15.0	-47.0	154.27
43	10.0	79.0	6.0	-62.0	-54.0	-128.0	7.0	29.0	149.13
44	20.0	84.0	-8.0	21.0	-51.0	-55.0	-76.0	-66.0	127.7
45	-52.0	-96.0	14.0	-16.0	-85.0	127.0	69.0	-17.0	141.54
46	-21.0	-14.0	-10.0	-52.0	-4.0	68.0	79.0	-5.0	138.65
47	-42.0	-12.0	2.0	82.0	16.0	-96.0	3.0	-121.0	141.95
48	20.0	-27.0	30.0	41.0	50.0	-26.0	92.0	127.0	148.16
49	73.0	-99.0	16.0	80.0	74.0	106.0	-25.0	-35.0	138.9
50	81.0	-25.0	-35.0	-34.0	-20.0	127.0	71.0	54.0	127.52
51	-38.0	5.0	-53.0	-4.0	-121.0	26.0	-6.0	-31.0	118.01
52	-54.0	25.0	-13.0	-9.0	44.0	-88.0	-125.0	75.0	144.22
53	-42.0	2.0	-19.0	-5.0	19.0	0.0	-100.0	17.0	126.58
54	0.0	-14.0	23.0	-42.0	19.0	96.0	127.0	15.0	117.84
55	54.0	-13.0	-22.0	-62.0	-51.0	-68.0	51.0	-34.0	143.0
56	-13.0	-3.0	4.0	-16.0	-79.0	-24.0	-69.0	35.0	142.99
57	55.0	-4.0	60.0	-5.0	15.0	71.0	83.0	-68.0	141.95
58	22.0	16.0	21.0	-121.0	127.0	-103.0	-61.0	54.0	140.41
59	17.0	-55.0	0.0	-1.0	15.0	60.0	127.0	-27.0	142.64
60	82.0	-67.0	13.0	34.0	124.0	-8.0	-10.0	-61.0	126.58
61	29.0	-1.0	4.0	-10.0	49.0	-39.0	-70.0	-17.0	125.85
62	19.0	-48.0	-6.0	-1.0	108.0	34.0	22.0	-70.0	120.96
63	29.0	97.0	-10.0	-42.0	-71.0	39.0	51.0	-37.0	138.65
64	14.0	27.0	46.0	56.0	-100.0	127.0	-61.0	18.0	149.22
65	-40.0	11.0	5.0	14.0	-121.0	-20.0	-4.0	75.0	146.12
66	-7.0	-31.0	-4.0	-8.0	-10.0	26.0	-75.0	-38.0	125.3
67	-62.0	-13.0	-74.0	27.0	0.0	-73.0	49.0	0.0	118.63
68	-27.0	18.0	-25.0	97.0	-2.0	38.0	15.0	127.0	117.84
69	-128.0	12.0	-3.0	-1.0	-85.0	-40.0	58.0	84.0	125.3
70	-7.0	19.0	-23.0	-19.0	95.0	-128.0	-109.0	121.0	127.7
71	-15.0	90.0	119.0	17.0	57.0	51.0	29.0	127.0	143.22
72	53.0	-18.0	21.0	44.0	90.0	-105.0	14.0	-28.0	144.22
73	15.0	-17.0	-23.0	7.0	127.0	20.0	-7.0	-36.0	146.12
74	-12.0	-13.0	-6.0	-13.0	127.0	-128.0	-97.0	-2.0	138.15
75	-58.0	12.0	-54.0	-61.0	22.0	-5.0	29.0	127.0	118.63
76	12.0	4.0	-13.0	-2.0	9.0	101.0	-58.0	79.0	134.38
77	-25.0	97.0	-25.0	14.0	-79.0	11.0	93.0	-18.0	142.64
78	-5.0	3.0	-17.0	23.0	21.0	83.0	71.0	-128.0	148.16
79	-72.0	15.0	-31.0	110.0	-2.0	26.0	-64.0	127.0	153.0
80	-42.0	3.0	127.0	-16.0	-128.0	-83.0	-27.0	71.0	157.77
81	34.0	-68.0	-9.0	-5.0	24.0	0.0	-43.0	-72.0	154.27
82	15.0	18.0	-22.0	38.0	-2.0	-67.0	0.0	-120.0	154.98
83	20.0	-4.0	-12.0	87.0	-77.0	31.0	-82.0	2.0	163.42
84	7.0	-16.0	19.0	57.0	127.0	-8.0	-53.0	53.0	164.47
85	51.0	8.0	13.0	21.0	55.0	9.0	28.0	-120.0	164.12
