0	54.0	-128.0	-101.0	51.0	-3.0	6.0	4.0	-17.0	129.34
1	87.0	-82.0	89.0	28.0	14.0	5.0	-13.0	9.0	130.97
2	127.0	-42.0	-50.0	20.0	13.0	-32.0	3.0	-32.0	130.97
3	127.0	42.0	-113.0	-7.0	5.0	-5.0	9.0	28.0	122.59
4	-81.0	51.0	12.0	-16.0	2.0	-8.0	-1.0	-33.0	131.39
5	-119.0	3.0	-15.0	-128.0	19.0	-2.0	2.0	14.0	125.29
6	-105.0	-50.0	-82.0	-19.0	-12.0	8.0	-6.0	-16.0	124.26
7	102.0	-46.0	-89.0	127.0	-5.0	-11.0	-3.0	5.0	131.98
8	-99.0	19.0	54.0	-7.0	-6.0	-9.0	-19.0	28.0	132.98
9	-110.0	78.0	29.0	-14.0	7.0	9.0	7.0	-32.0	131.98
10	84.0	-15.0	-55.0	-23.0	-14.0	10.0	4.0	33.0	132.88
11	-81.0	56.0	28.0	78.0	27.0	-26.0	3.0	-10.0	131.82
12	-105.0	20.0	79.0	-42.0	-9.0	-22.0	5.0	-45.0	131.35
13	-128.0	-82.0	110.0	33.0	-6.0	6.0	14.0	55.0	131.97
14	10.0	-67.0	55.0	127.0	3.0	-11.0	-5.0	0.0	131.82
15	-78.0	-24.0	-128.0	30.0	-11.0	0.0	11.0	-20.0	132.06
16	-46.0	93.0	37.0	17.0	10.0	0.0	6.0	-39.0	126.01
17	62.0	127.0	106.0	-122.0	-9.0	-7.0	-1.0	-9.0	118.62
18	-128.0	10.0	-44.0	-11.0	15.0	-37.0	4.0	-8.0	128.65
19	-92.0	-81.0	-11.0	-3.0	-34.0	26.0	1.0	43.0	132.06
20	30.0	-22.0	-16.0	33.0	0.0	-9.0	-4.0	-25.0	130.1
21	45.0	-128.0	5.0	0.0	-30.0	-10.0	-6.0	43.0	124.26
22	127.0	37.0	18.0	85.0	-42.0	-22.0	14.0	8.0	120.05
23	36.0	-128.0	-37.0	114.0	8.0	-9.0	0.0	-6.0	117.39
24	16.0	-20.0	76.0	-10.0	-7.0	-22.0	-3.0	-6.0	109.18
25	127.0	-72.0	47.0	34.0	9.0	3.0	11.0	37.0	112.29
26	85.0	59.0	126.0	20.0	-9.0	19.0	-9.0	9.0	106.48
27	-128.0	-69.0	23.0	43.0	1.0	6.0	-2.0	46.0	108.14
28	-4.0	-94.0	1.0	66.0	5.0	-2.0	-9.0	17.0	121.21
29	-63.0	127.0	-6.0	43.0	-19.0	-14.0	-7.0	18.0	122.02
30	41.0	127.0	100.0	10.0	35.0	20.0	9.0	-39.0	118.62
31	127.0	127.0	-128.0	-19.0	-2.0	-2.0	-10.0	-10.0	112.29
32	-36.0	127.0	26.0	6.0	-6.0	4.0	-13.0	29.0	109.59
33	-128.0	-39.0	40.0	-38.0	-6.0	-10.0	-4.0	-34.0	82.22
34	-51.0	-16.0	78.0	-122.0	-9.0	-23.0	-5.0	40.0	95.72
35	43.0	-5.0	88.0	-38.0	-4.0	2.0	-4.0	40.0	101.85
36	-52.0	-83.0	14.0	72.0	10.0	0.0	-1.0	-56.0	98.99
37	-99.0	-105.0	78.0	37.0	6.0	7.0	-5.0	9.0	101.85
38	-50.0	-24.0	45.0	-34.0	1.0	12.0	-7.0	-42.0	108.97
39	110.0	-100.0	107.0	-5.0	-36.0	-1.0	-2.0	73.0	100.55
40	29.0	122.0	43.0	61.0	4.0	25.0	10.0	31.0	84.64
41	-13.0	33.0	11.0	-24.0	-17.0	-23.0	13.0	28.0	100.55
42	-45.0	115.0	-4.0	-8.0	2.0	-14.0	-1.0	-6.0	66.47
43	71.0	-98.0	11.0	-43.0	5.0	-5.0	-12.0	33.0	109.18
44	25.0	-128.0	51.0	-72.0	-15.0	3.0	-4.0	23.0	104.87
45	116.0	127.0	-26.0	26.0	4.0	0.0	-18.0	-33.0	95.72
46	-74.0	56.0	-11.0	12.0	-7.0	11.0	-7.0	-6.0	102.33
47	-17.0	-62.0	34.0	47.0	-1.0	28.0	-7.0	29.0	66.03
48	30.0	-128.0	-101.0	30.0	25.0	-2.0	2.0	11.0	65.59
49	-74.0	87.0	-24.0	8.0	-2.0	4.0	-5.0	26.0	68.89
50	-128.0	44.0	72.0	4.0	-3.0	-8.0	5.0	-31.0	68.44
51	-115.0	-46.0	-103.0	-45.0	-2.0	28.0	-6.0	-11.0	101.1
52	42.0	-83.0	55.0	19.0	6.0	-10.0	-6.0	-19.0	104.87
53	82.0	29.0	23.0	-14.0	-15.0	4.0	-21.0	-31.0	102.58
54	80.0	108.0	-113.0	-13.0	-15.0	2.0	0.0	-10.0	100.98
55	-44.0	127.0	-37.0	-36.0	-22.0	-7.0	-17.0	-67.0	82.6
56	-114.0	13.0	-113.0	12.0	0.0	0.0	4.0	-16.0	68.89
57	-128.0	34.0	6.0	34.0	2.0	0.0	7.0	-3.0	65.59
58	-36.0	127.0	111.0	-37.0	-2.0	4.0	-3.0	53.0	61.87
59	-54.0	127.0	-60.0	-10.0	-4.0	-17.0	1.0	11.0	64.08
60	-89.0	4.0	-60.0	-28.0	-32.0	-4.0	-1.0	-1.0	57.21
61	-45.0	43.0	-5.0	45.0	12.0	-11.0	31.0	-11.0	64.08
62	-23.0	-82.0	52.0	-11.0	31.0	-2.0	-3.0	72.0	67.48
63	41.0	-86.0	35.0	42.0	-2.0	-1.0	9.0	-28.0	65.77
64	-70.0	14.0	-37.0	20.0	-3.0	10.0	-22.0	7.0	66.47
65	-69.0	-128.0	-68.0	15.0	4.0	10.0	-9.0	27.0	66.91
66	95.0	-104.0	-67.0	-60.0	-11.0	23.0	-18.0	14.0	65.45
67	46.0	-39.0	24.0	23.0	-24.0	-10.0	-17.0	0.0	68.44
68	84.0	-50.0	-35.0	56.0	6.0	6.0	17.0	-14.0	83.23
69	97.0	70.0	-22.0	-34.0	1.0	-3.0	-12.0	-106.0	65.83
70	-128.0	26.0	84.0	-105.0	2.0	-6.0	-3.0	-5.0	74.33
71	113.0	82.0	4.0	-24.0	4.0	8.0	-14.0	22.0	98.55
72	-3.0	-58.0	-123.0	24.0	15.0	-6.0	0.0	9.0	74.33
73	51.0	4.0	127.0	72.0	2.0	3.0	9.0	28.0	99.55
74	-23.0	-122.0	52.0	-51.0	-4.0	-17.0	-3.0	15.0	102.05
75	-43.0	-93.0	-101.0	4.0	0.0	-10.0	13.0	-48.0	102.33
76	-40.0	-72.0	-108.0	37.0	-4.0	-5.0	-17.0	-87.0	75.38
77	-1.0	-128.0	-62.0	1.0	-7.0	-6.0	2.0	-4.0	65.83
78	64.0	33.0	-4.0	-96.0	-4.0	10.0	8.0	12.0	76.4
79	99.0	-42.0	-101.0	21.0	5.0	-15.0	-6.0	5.0	82.22
80	-28.0	-128.0	23.0	14.0	-9.0	-3.0	5.0	32.0	108.97
81	127.0	-14.0	112.0	-44.0	9.0	-40.0	15.0	-18.0	115.83
82	118.0	-43.0	1.0	-11.0	18.0	-4.0	19.0	10.0	121.21
83	-44.0	46.0	1.0	-21.0	26.0	3.0	-13.0	31.0	130.1
