0	125.0	29.0	73.0	-72.0	-12.0	-13.0	-5.0	-38.0	54.18
1	-38.0	83.0	-82.0	1.0	6.0	30.0	-9.0	-37.0	47.44
2	-100.0	-80.0	24.0	-5.0	12.0	6.0	4.0	-6.0	52.27
3	-45.0	56.0	127.0	117.0	0.0	1.0	-1.0	-81.0	65.69
4	78.0	121.0	-27.0	14.0	1.0	-18.0	8.0	119.0	61.34
5	0.0	-84.0	-125.0	76.0	6.0	-8.0	-12.0	-2.0	62.38
6	127.0	-128.0	11.0	-6.0	16.0	1.0	-4.0	-122.0	65.69
7	-94.0	-23.0	29.0	-67.0	6.0	-3.0	-9.0	84.0	61.34
8	102.0	-50.0	113.0	-4.0	21.0	17.0	-12.0	33.0	68.99
9	-56.0	44.0	-11.0	97.0	33.0	8.0	7.0	19.0	70.3
10	127.0	111.0	14.0	-54.0	-5.0	-16.0	-7.0	60.0	70.79
11	103.0	-55.0	11.0	24.0	-3.0	9.0	-50.0	2.0	68.99
12	-120.0	98.0	-128.0	-30.0	-10.0	2.0	0.0	-20.0	73.75
13	7.0	33.0	-48.0	-20.0	-9.0	21.0	-20.0	-63.0	73.75
14	-128.0	-28.0	84.0	-28.0	2.0	3.0	-7.0	-17.0	86.19
15	-31.0	127.0	-29.0	42.0	14.0	-8.0	-6.0	26.0	86.19
16	55.0	-19.0	49.0	-29.0	29.0	8.0	7.0	4.0	84.97
17	-85.0	-128.0	-1.0	15.0	25.0	18.0	-26.0	25.0	110.67
18	0.0	81.0	-42.0	-20.0	-9.0	4.0	20.0	-86.0	110.67
19	-38.0	71.0	-47.0	7.0	-29.0	10.0	-5.0	14.0	98.59
20	-128.0	-19.0	-122.0	-24.0	-23.0	7.0	-2.0	9.0	109.79
21	6.0	79.0	51.0	127.0	22.0	-12.0	-15.0	4.0	123.44
22	127.0	121.0	66.0	-25.0	8.0	-3.0	-7.0	101.0	129.99
23	127.0	-67.0	-7.0	6.0	20.0	7.0	-33.0	-31.0	129.91
24	69.0	127.0	-16.0	24.0	13.0	-4.0	3.0	-11.0	135.2
25	-78.0	100.0	-17.0	-85.0	-1.0	-20.0	-13.0	-12.0	135.2
26	-118.0	-62.0	14.0	-65.0	12.0	-3.0	-13.0	-26.0	130.9
27	1.0	18.0	-3.0	30.0	-5.0	-21.0	16.0	81.0	129.99
28	20.0	-45.0	-49.0	8.0	10.0	2.0	8.0	-27.0	124.6
29	-81.0	15.0	-57.0	4.0	-4.0	9.0	10.0	-81.0	123.28
30	119.0	31.0	-29.0	-2.0	-10.0	-2.0	15.0	2.0	120.04
31	-45.0	27.0	34.0	-16.0	-18.0	6.0	-3.0	20.0	122.19
32	-128.0	2.0	-90.0	-128.0	-12.0	-6.0	-12.0	39.0	93.62
33	127.0	-119.0	127.0	-66.0	5.0	-8.0	11.0	2.0	117.56
34	30.0	-56.0	73.0	-11.0	-3.0	-13.0	80.0	13.0	130.01
35	42.0	87.0	22.0	-20.0	-13.0	5.0	-14.0	-21.0	118.32
36	-48.0	35.0	29.0	-117.0	32.0	-3.0	9.0	-17.0	118.32
37	70.0	-33.0	10.0	33.0	-26.0	-14.0	6.0	1.0	122.19
38	84.0	7.0	-21.0	-6.0	31.0	16.0	-12.0	16.0	102.17
39	-95.0	-4.0	66.0	-28.0	-6.0	-9.0	11.0	3.0	123.97
40	81.0	107.0	39.0	12.0	5.0	24.0	5.0	-49.0	123.44
41	5.0	19.0	-65.0	42.0	-36.0	5.0	0.0	-23.0	99.33
42	82.0	29.0	72.0	-53.0	-15.0	-19.0	49.0	-11.0	108.19
43	3.0	-100.0	-9.0	-51.0	12.0	9.0	-1.0	-25.0	100.99
44	-79.0	-111.0	-92.0	16.0	7.0	-11.0	-9.0	-38.0	102.17
45	-33.0	127.0	4.0	5.0	4.0	15.0	-8.0	40.0	87.6
46	-2.0	-30.0	-117.0	-38.0	-6.0	14.0	-15.0	27.0	111.45
47	-93.0	75.0	5.0	42.0	-6.0	6.0	4.0	-16.0	93.62
48	49.0	61.0	-86.0	-4.0	-5.0	2.0	85.0	-16.0	100.99
49	-128.0	-24.0	-14.0	-9.0	-8.0	9.0	-57.0	29.0	89.03
50	-67.0	-2.0	-20.0	-3.0	0.0	20.0	-17.0	23.0	84.97
51	107.0	-39.0	25.0	-25.0	1.0	-8.0	13.0	15.0	80.48
52	89.0	127.0	-76.0	102.0	-7.0	9.0	24.0	-1.0	80.48
53	-86.0	1.0	-13.0	40.0	-22.0	-5.0	-51.0	-8.0	82.66
54	-10.0	51.0	-5.0	16.0	8.0	-9.0	-18.0	-77.0	76.56
55	-20.0	15.0	101.0	2.0	6.0	-33.0	0.0	15.0	66.57
56	3.0	-113.0	58.0	5.0	-10.0	-10.0	2.0	-64.0	59.79
57	44.0	26.0	22.0	23.0	5.0	18.0	49.0	-87.0	63.14
58	94.0	-128.0	-74.0	-19.0	-2.0	-5.0	-21.0	-9.0	59.65
59	-128.0	-31.0	127.0	-3.0	9.0	-10.0	10.0	-54.0	52.27
60	-65.0	-128.0	-33.0	-4.0	3.0	15.0	7.0	35.0	42.59
61	-73.0	6.0	-31.0	-31.0	6.0	-30.0	25.0	-4.0	35.35
62	62.0	-4.0	29.0	94.0	-21.0	-30.0	-17.0	-29.0	35.22
63	127.0	92.0	100.0	11.0	8.0	0.0	-25.0	-3.0	34.13
64	12.0	-41.0	3.0	9.0	-10.0	-4.0	4.0	-23.0	22.88
65	112.0	-60.0	29.0	-32.0	18.0	0.0	0.0	-13.0	34.38
66	79.0	16.0	107.0	-69.0	3.0	6.0	5.0	3.0	34.13
67	-57.0	-59.0	-24.0	-17.0	-11.0	12.0	-9.0	-4.0	41.81
68	5.0	15.0	60.0	40.0	-7.0	-15.0	0.0	-14.0	35.5
69	127.0	80.0	127.0	-10.0	9.0	2.0	33.0	58.0	23.11
70	-119.0	-95.0	-63.0	27.0	-2.0	-12.0	-102.0	-16.0	34.53
71	-37.0	18.0	26.0	-14.0	-3.0	-38.0	13.0	6.0	35.5
72	-113.0	127.0	-23.0	-34.0	7.0	8.0	-29.0	15.0	35.22
73	-128.0	-128.0	-55.0	70.0	4.0	-12.0	23.0	17.0	46.26
74	-77.0	127.0	35.0	14.0	-11.0	23.0	81.0	19.0	51.64
75	119.0	49.0	84.0	20.0	11.0	6.0	-8.0	-3.0	34.38
76	127.0	-20.0	-118.0	-128.0	-13.0	3.0	41.0	-85.0	41.37
77	107.0	20.0	-29.0	-44.0	-1.0	-11.0	-53.0	-24.0	42.97
78	-128.0	-128.0	41.0	127.0	21.0	-6.0	13.0	24.0	42.97
79	-82.0	62.0	-13.0	1.0	-11.0	-21.0	46.0	42.0	44.86
80	127.0	44.0	-55.0	-6.0	-3.0	5.0	40.0	34.0	39.43
81	-9.0	-57.0	38.0	76.0	16.0	17.0	-9.0	-20.0	41.37
82	-44.0	-60.0	28.0	122.0	4.0	7.0	41.0	-48.0	46.26
83	104.0	58.0	-99.0	31.0	-6.0	11.0	-5.0	-72.0	59.79
84	10.0	-97.0	-1.0	-6.0	15.0	5.0	6.0	35.0	46.2
85	34.0	-115.0	37.0	-17.0	0.0	9.0	2.0	-33.0	51.64
