0	67.0	11.0	62.0	11.0	4.0	-4.0	-5.0	-37.0	144.98
1	-56.0	89.0	-119.0	-68.0	9.0	3.0	-16.0	-3.0	133.55
2	86.0	17.0	47.0	15.0	4.0	24.0	-43.0	20.0	108.47
3	-47.0	27.0	18.0	-128.0	-14.0	8.0	122.0	-17.0	105.56
4	126.0	-13.0	127.0	-21.0	1.0	30.0	1.0	4.0	128.41
5	-42.0	38.0	20.0	-19.0	0.0	-10.0	10.0	24.0	116.33
6	17.0	-68.0	-34.0	18.0	0.0	-50.0	-14.0	3.0	120.89
7	116.0	24.0	103.0	43.0	18.0	26.0	-38.0	-75.0	124.26
8	-104.0	23.0	-19.0	-74.0	-30.0	84.0	-30.0	52.0	138.5
9	127.0	-128.0	107.0	-17.0	10.0	-11.0	-49.0	-47.0	124.09
10	48.0	76.0	5.0	16.0	13.0	-4.0	-34.0	26.0	133.56
11	-91.0	-64.0	-25.0	-109.0	17.0	-28.0	9.0	-25.0	110.42
12	-45.0	-28.0	122.0	-15.0	14.0	-29.0	50.0	-12.0	120.89
13	112.0	6.0	-128.0	-63.0	8.0	-10.0	-24.0	-17.0	116.33
14	-96.0	-50.0	-65.0	49.0	-10.0	-36.0	15.0	16.0	106.94
15	-56.0	52.0	-25.0	-47.0	-74.0	7.0	-50.0	127.0	106.94
16	14.0	-17.0	62.0	-13.0	4.0	-53.0	-95.0	21.0	104.39
17	127.0	59.0	13.0	-2.0	23.0	90.0	2.0	-39.0	102.39
18	-102.0	-46.0	-29.0	-106.0	-4.0	32.0	-1.0	-26.0	99.76
19	43.0	103.0	19.0	10.0	-21.0	-35.0	-14.0	-120.0	99.76
20	127.0	-36.0	104.0	127.0	-89.0	-12.0	-22.0	8.0	98.0
21	-48.0	3.0	-5.0	-128.0	2.0	15.0	-4.0	34.0	70.11
22	-56.0	63.0	-87.0	-25.0	15.0	49.0	-128.0	-37.0	98.0
23	-23.0	-128.0	12.0	75.0	-10.0	0.0	-69.0	51.0	60.09
24	-128.0	6.0	-25.0	9.0	-6.0	-13.0	-6.0	-2.0	71.14
25	42.0	-42.0	14.0	-21.0	-2.0	7.0	-35.0	23.0	98.97
26	-128.0	-64.0	45.0	-114.0	-36.0	12.0	37.0	-60.0	58.46
27	96.0	33.0	-29.0	62.0	4.0	38.0	-106.0	-30.0	58.12
28	0.0	-69.0	1.0	1.0	-13.0	-12.0	-3.0	40.0	58.0
29	0.0	-1.0	-4.0	17.0	20.0	-42.0	-57.0	70.0	55.78
30	-112.0	-70.0	120.0	21.0	10.0	17.0	51.0	-14.0	57.43
31	-128.0	97.0	-128.0	-20.0	-18.0	0.0	8.0	-52.0	63.61
32	-128.0	60.0	118.0	28.0	4.0	-4.0	76.0	-9.0	67.98
33	127.0	-128.0	67.0	102.0	-27.0	2.0	30.0	32.0	64.55
34	-118.0	-31.0	-2.0	25.0	-13.0	-29.0	27.0	61.0	57.43
35	-73.0	127.0	-104.0	-24.0	34.0	32.0	-29.0	9.0	58.12
36	-74.0	-118.0	61.0	-19.0	-9.0	-28.0	10.0	-17.0	68.93
37	48.0	26.0	-128.0	-44.0	4.0	-9.0	-123.0	90.0	95.87
38	-126.0	122.0	-62.0	10.0	-13.0	18.0	2.0	-56.0	72.28
39	36.0	58.0	-11.0	13.0	29.0	32.0	-6.0	-21.0	97.18
40	112.0	-119.0	-107.0	-128.0	-47.0	65.0	64.0	90.0	93.48
41	-100.0	-107.0	80.0	-46.0	-15.0	-11.0	-24.0	7.0	95.87
42	-127.0	127.0	10.0	-12.0	7.0	-11.0	-32.0	-32.0	60.09
43	127.0	-94.0	-4.0	14.0	-9.0	17.0	-14.0	42.0	70.11
44	-77.0	-46.0	72.0	47.0	17.0	-33.0	-37.0	-33.0	72.28
45	127.0	-50.0	13.0	36.0	23.0	-6.0	95.0	-15.0	93.48
46	-25.0	4.0	-47.0	-7.0	-29.0	11.0	-123.0	-18.0	68.93
47	12.0	-62.0	-104.0	-34.0	3.0	17.0	-10.0	-5.0	94.07
48	-74.0	-16.0	76.0	91.0	3.0	-13.0	-40.0	-23.0	99.44
49	-19.0	62.0	19.0	3.0	4.0	13.0	-34.0	-99.0	96.97
50	32.0	90.0	-35.0	2.0	-14.0	-58.0	-67.0	93.0	99.44
51	61.0	-27.0	-107.0	9.0	-7.0	-6.0	31.0	4.0	99.63
52	11.0	104.0	58.0	8.0	35.0	20.0	18.0	-27.0	100.66
53	67.0	127.0	-106.0	19.0	-11.0	0.0	-20.0	65.0	114.69
54	-51.0	-128.0	16.0	5.0	35.0	-3.0	-23.0	65.0	122.74
55	-35.0	0.0	-8.0	3.0	-22.0	5.0	48.0	-3.0	130.04
56	50.0	-77.0	33.0	-11.0	-9.0	-13.0	26.0	-2.0	129.6
57	-12.0	127.0	112.0	3.0	-9.0	7.0	-81.0	0.0	142.67
58	20.0	-108.0	95.0	106.0	-5.0	-33.0	-15.0	-28.0	145.58
59	-15.0	25.0	-33.0	113.0	-6.0	7.0	27.0	18.0	145.69
60	54.0	90.0	-18.0	80.0	-59.0	17.0	-67.0	58.0	145.58
61	32.0	-84.0	-128.0	-19.0	32.0	-79.0	-17.0	-45.0	145.52
62	63.0	-128.0	-6.0	91.0	-50.0	37.0	35.0	4.0	133.55
63	2.0	-128.0	70.0	-117.0	-5.0	-8.0	44.0	-47.0	129.6
64	127.0	-91.0	23.0	-116.0	8.0	2.0	-22.0	33.0	124.09
65	0.0	-19.0	-128.0	13.0	4.0	-31.0	-53.0	22.0	136.48
66	8.0	-37.0	-107.0	-13.0	8.0	96.0	-27.0	28.0	108.47
67	112.0	-13.0	87.0	-45.0	1.0	-74.0	0.0	40.0	144.98
68	-95.0	-55.0	-53.0	-2.0	3.0	-10.0	-27.0	26.0	131.92
69	-128.0	106.0	33.0	27.0	31.0	-7.0	-60.0	37.0	144.85
70	82.0	-50.0	22.0	49.0	0.0	12.0	89.0	7.0	129.46
71	113.0	-128.0	-112.0	-13.0	-13.0	8.0	-40.0	33.0	117.63
72	-107.0	-76.0	19.0	105.0	24.0	-2.0	22.0	-52.0	130.04
73	42.0	40.0	7.0	-32.0	-17.0	35.0	54.0	2.0	120.6
74	127.0	15.0	-109.0	7.0	2.0	-9.0	49.0	94.0	135.16
75	58.0	66.0	0.0	-114.0	1.0	-11.0	3.0	9.0	128.55
76	-89.0	-76.0	-18.0	-46.0	-6.0	4.0	-69.0	-20.0	143.8
77	39.0	126.0	36.0	-53.0	4.0	2.0	69.0	-35.0	131.19
78	-33.0	127.0	37.0	70.0	-7.0	6.0	-24.0	20.0	139.48
79	-128.0	113.0	16.0	-27.0	-3.0	22.0	37.0	-5.0	124.26
80	127.0	40.0	-128.0	80.0	15.0	-7.0	-22.0	12.0	138.5
81	-63.0	-88.0	-9.0	14.0	55.0	4.0	-52.0	-17.0	142.67
82	119.0	108.0	-76.0	-11.0	31.0	8.0	-78.0	-12.0	140.48
83	48.0	-76.0	79.0	-34.0	40.0	-12.0	79.0	26.0	142.26
84	-10.0	88.0	-14.0	-24.0	-9.0	-33.0	-7.0	75.0	142.26
85	14.0	-6.0	-128.0	-1.0	-3.0	-87.0	11.0	-2.0	135.16
