0	-118.0	-128.0	-23.0	11.0	-2.0	-5.0	-6.0	76.0	41.99
1	21.0	-46.0	39.0	-26.0	13.0	-11.0	-14.0	71.0	48.22
2	23.0	37.0	35.0	14.0	4.0	-11.0	-70.0	13.0	52.61
3	-70.0	-96.0	-59.0	22.0	-6.0	-1.0	-7.0	-11.0	58.48
4	34.0	-68.0	54.0	-91.0	19.0	9.0	-1.0	-68.0	42.7
5	-128.0	29.0	4.0	12.0	-17.0	12.0	4.0	21.0	52.61
6	-53.0	53.0	-19.0	-49.0	0.0	24.0	6.0	46.0	56.46
7	37.0	6.0	-5.0	40.0	-2.0	-11.0	53.0	-8.0	70.12
8	66.0	55.0	115.0	14.0	3.0	-13.0	1.0	16.0	70.71
9	28.0	84.0	53.0	0.0	10.0	-1.0	-10.0	44.0	70.27
10	-18.0	35.0	58.0	17.0	3.0	-4.0	-36.0	26.0	71.38
11	21.0	-11.0	-37.0	5.0	-44.0	-2.0	10.0	-51.0	90.52
12	-19.0	62.0	-62.0	-84.0	-9.0	15.0	17.0	11.0	99.47
13	95.0	-100.0	-80.0	12.0	-4.0	-5.0	-3.0	0.0	92.03
14	85.0	-113.0	19.0	-29.0	-1.0	14.0	5.0	-30.0	86.05
15	0.0	96.0	-99.0	-5.0	4.0	-2.0	-9.0	1.0	97.29
16	-18.0	-8.0	71.0	-14.0	0.0	-3.0	-6.0	-3.0	98.76
17	121.0	-60.0	-31.0	-21.0	14.0	-13.0	-4.0	-46.0	89.12
18	84.0	-35.0	-70.0	11.0	-1.0	10.0	-16.0	-52.0	93.64
19	50.0	-51.0	-128.0	7.0	-14.0	2.0	3.0	-1.0	99.62
20	62.0	38.0	-34.0	0.0	-4.0	14.0	-3.0	-22.0	102.5
21	-22.0	127.0	7.0	-51.0	2.0	-9.0	9.0	11.0	102.57
22	-66.0	-37.0	-37.0	-34.0	-8.0	3.0	15.0	68.0	106.9
23	-104.0	-104.0	-92.0	44.0	-6.0	-1.0	-1.0	7.0	106.9
24	-71.0	34.0	4.0	14.0	6.0	32.0	5.0	-23.0	119.24
25	-58.0	50.0	-3.0	-32.0	-14.0	-4.0	-2.0	69.0	121.47
26	127.0	-10.0	-89.0	-46.0	-2.0	-2.0	0.0	-12.0	116.8
27	126.0	103.0	38.0	38.0	13.0	-13.0	6.0	6.0	105.08
28	7.0	-9.0	-5.0	-10.0	5.0	1.0	8.0	1.0	105.08
29	-3.0	24.0	-40.0	-11.0	23.0	-42.0	-5.0	-35.0	100.2
30	-33.0	3.0	44.0	8.0	18.0	8.0	16.0	-40.0	103.93
31	-76.0	-112.0	79.0	57.0	-8.0	-10.0	-12.0	10.0	108.11
32	-35.0	-66.0	-128.0	-14.0	-4.0	-7.0	3.0	-23.0	122.95
33	127.0	-29.0	22.0	-14.0	-6.0	-3.0	39.0	1.0	127.04
34	-58.0	-105.0	109.0	14.0	9.0	-9.0	5.0	-31.0	128.49
35	19.0	112.0	19.0	99.0	12.0	7.0	-14.0	22.0	132.96
36	-126.0	112.0	-8.0	-48.0	-12.0	-8.0	-40.0	0.0	131.66
37	63.0	-22.0	-23.0	67.0	-10.0	14.0	-1.0	4.0	127.93
38	33.0	-58.0	-113.0	25.0	-7.0	13.0	-19.0	39.0	131.15
39	-128.0	-84.0	1.0	-86.0	1.0	-3.0	-1.0	-17.0	133.62
40	-89.0	66.0	-64.0	-4.0	-13.0	11.0	12.0	18.0	133.68
41	66.0	54.0	-69.0	56.0	6.0	8.0	-8.0	-8.0	133.93
42	-36.0	52.0	127.0	-2.0	30.0	-6.0	-5.0	-28.0	133.68
43	-35.0	107.0	-42.0	8.0	-5.0	0.0	-7.0	-2.0	130.55
44	41.0	-75.0	-34.0	-18.0	-1.0	-2.0	-11.0	-23.0	133.16
45	70.0	-98.0	-71.0	22.0	-3.0	4.0	-3.0	-28.0	133.88
46	4.0	41.0	-53.0	-128.0	6.0	-3.0	45.0	15.0	133.93
47	65.0	73.0	76.0	-7.0	-11.0	4.0	-7.0	3.0	131.66
48	58.0	-48.0	-102.0	-34.0	1.0	12.0	-7.0	-17.0	121.47
49	-128.0	-83.0	60.0	50.0	3.0	-1.0	5.0	-13.0	127.04
50	-3.0	3.0	30.0	20.0	-15.0	9.0	20.0	49.0	127.93
51	88.0	-66.0	27.0	5.0	-1.0	4.0	42.0	-23.0	115.06
52	72.0	-127.0	-50.0	47.0	3.0	-6.0	-2.0	65.0	119.24
53	77.0	37.0	63.0	38.0	-16.0	-9.0	1.0	-23.0	116.8
54	33.0	127.0	-95.0	-16.0	2.0	-1.0	1.0	9.0	109.77
55	62.0	89.0	5.0	-20.0	-12.0	-10.0	-1.0	45.0	125.43
56	68.0	-128.0	53.0	-6.0	-3.0	-11.0	12.0	-48.0	123.36
57	108.0	101.0	107.0	34.0	6.0	-6.0	7.0	-77.0	119.47
58	-38.0	46.0	-67.0	47.0	9.0	-22.0	-10.0	70.0	104.64
59	-19.0	-69.0	-14.0	-38.0	10.0	-1.0	-4.0	-63.0	102.57
60	36.0	75.0	36.0	83.0	12.0	1.0	15.0	-35.0	99.54
61	-128.0	119.0	0.0	-6.0	5.0	-11.0	-4.0	12.0	93.12
62	120.0	-10.0	-40.0	3.0	-6.0	0.0	0.0	47.0	93.64
63	29.0	-23.0	9.0	-83.0	-13.0	16.0	-11.0	28.0	86.05
64	-108.0	56.0	68.0	75.0	1.0	-9.0	23.0	64.0	89.12
65	127.0	72.0	-61.0	-11.0	-14.0	10.0	-3.0	44.0	70.71
66	9.0	-68.0	52.0	30.0	-8.0	8.0	-1.0	-37.0	71.68
67	46.0	-70.0	-7.0	34.0	-23.0	13.0	-4.0	26.0	94.37
68	97.0	-24.0	54.0	-42.0	9.0	21.0	-4.0	9.0	71.68
69	127.0	91.0	70.0	-128.0	-16.0	24.0	-16.0	17.0	87.47
70	-59.0	54.0	25.0	71.0	-1.0	-13.0	-1.0	-34.0	99.47
71	2.0	83.0	-35.0	-90.0	0.0	4.0	-62.0	37.0	95.84
72	37.0	93.0	32.0	-9.0	12.0	-17.0	-4.0	9.0	97.29
73	-128.0	-12.0	-110.0	56.0	-15.0	-7.0	-4.0	-5.0	93.12
74	-63.0	-40.0	37.0	-52.0	15.0	-7.0	35.0	-60.0	70.6
75	111.0	-128.0	-14.0	73.0	-6.0	-1.0	7.0	-34.0	70.27
76	-88.0	105.0	-27.0	-26.0	-12.0	6.0	2.0	48.0	60.44
77	20.0	102.0	-11.0	35.0	-3.0	13.0	-14.0	12.0	54.84
78	-128.0	-128.0	-40.0	14.0	11.0	5.0	7.0	16.0	54.34
79	70.0	53.0	37.0	-78.0	-8.0	2.0	-4.0	40.0	54.84
80	-38.0	-17.0	-63.0	-22.0	19.0	6.0	28.0	-48.0	53.86
81	-128.0	-92.0	58.0	-30.0	13.0	6.0	15.0	-10.0	41.99
82	-79.0	-91.0	-37.0	-104.0	14.0	-4.0	-5.0	-52.0	41.9
