0	-74.0	127.0	-86.0	97.0	-34.0	2.0	21.0	105.0	54.42
1	-77.0	-85.0	79.0	-81.0	-55.0	-21.0	-21.0	15.0	47.12
2	112.0	-35.0	-57.0	-1.0	13.0	-4.0	-79.0	-11.0	47.83
3	78.0	7.0	-29.0	-29.0	35.0	-7.0	-47.0	11.0	46.58
4	-19.0	-89.0	24.0	-57.0	32.0	-33.0	-56.0	-4.0	46.43
5	-12.0	-103.0	55.0	9.0	-37.0	-20.0	98.0	-30.0	46.41
6	69.0	86.0	-114.0	12.0	27.0	41.0	-57.0	-5.0	47.83
7	-57.0	1.0	-16.0	-29.0	-12.0	-20.0	117.0	-9.0	54.42
8	0.0	-128.0	-28.0	127.0	6.0	33.0	-10.0	-64.0	55.8
9	16.0	43.0	-96.0	-38.0	-2.0	-42.0	-19.0	-32.0	61.7
10	55.0	109.0	-37.0	-13.0	4.0	-24.0	29.0	75.0	63.01
11	-20.0	-52.0	-6.0	109.0	3.0	35.0	-39.0	44.0	64.68
12	65.0	103.0	39.0	10.0	-5.0	-84.0	52.0	-87.0	84.32
13	45.0	53.0	3.0	-128.0	27.0	-23.0	-36.0	-43.0	71.25
14	58.0	-37.0	-14.0	0.0	4.0	27.0	-12.0	-28.0	91.84
15	127.0	-49.0	127.0	6.0	-2.0	5.0	9.0	-7.0	102.65
16	-128.0	127.0	43.0	-50.0	-13.0	71.0	-56.0	-3.0	107.69
17	-74.0	-25.0	11.0	-66.0	-27.0	-32.0	15.0	19.0	106.43
18	-20.0	85.0	-36.0	-19.0	-28.0	26.0	-9.0	-46.0	103.54
19	68.0	103.0	-6.0	92.0	-39.0	39.0	8.0	33.0	104.25
20	-81.0	-35.0	116.0	0.0	-23.0	14.0	24.0	31.0	90.63
21	127.0	-45.0	-27.0	5.0	-39.0	-23.0	-12.0	2.0	106.56
22	-105.0	-109.0	-25.0	-38.0	81.0	-10.0	-49.0	20.0	96.77
23	-98.0	125.0	71.0	-26.0	-10.0	-22.0	-128.0	40.0	106.52
24	-103.0	21.0	110.0	3.0	63.0	22.0	83.0	5.0	106.43
25	-127.0	-112.0	-47.0	-14.0	31.0	5.0	31.0	-48.0	102.65
26	-117.0	-128.0	-7.0	10.0	-53.0	-47.0	38.0	-6.0	105.14
27	69.0	29.0	3.0	-4.0	-13.0	0.0	-15.0	-18.0	97.88
28	-48.0	-52.0	51.0	-16.0	-42.0	16.0	72.0	27.0	103.54
29	104.0	115.0	78.0	-20.0	20.0	-36.0	-46.0	59.0	108.89
30	127.0	119.0	5.0	-52.0	-24.0	2.0	-50.0	21.0	111.67
31	-21.0	-108.0	-12.0	27.0	-29.0	-30.0	96.0	-46.0	112.97
32	-39.0	88.0	56.0	9.0	20.0	26.0	-97.0	52.0	113.81
33	75.0	35.0	-4.0	29.0	-13.0	-66.0	20.0	-10.0	116.31
34	-128.0	42.0	-49.0	12.0	27.0	-37.0	-74.0	8.0	123.95
35	104.0	29.0	21.0	15.0	38.0	4.0	56.0	22.0	118.79
36	45.0	-98.0	28.0	47.0	-8.0	9.0	13.0	-15.0	128.37
37	-5.0	4.0	-19.0	-16.0	7.0	14.0	-15.0	-22.0	130.09
38	18.0	-66.0	-15.0	-31.0	-31.0	-37.0	-55.0	-11.0	119.38
39	-8.0	70.0	33.0	-39.0	32.0	39.0	12.0	107.0	113.81
40	13.0	-42.0	-3.0	3.0	12.0	-30.0	49.0	2.0	119.38
41	-14.0	78.0	26.0	19.0	-19.0	-1.0	-128.0	-42.0	129.69
42	72.0	-3.0	-49.0	-2.0	-58.0	-9.0	-93.0	-33.0	126.4
43	-107.0	-18.0	-22.0	-47.0	-10.0	11.0	-8.0	-21.0	127.43
44	110.0	-37.0	86.0	-13.0	45.0	9.0	-128.0	55.0	130.98
45	22.0	-60.0	-111.0	2.0	2.0	-94.0	-10.0	-18.0	127.43
46	87.0	-17.0	-65.0	5.0	2.0	-16.0	-123.0	-42.0	131.42
47	98.0	-42.0	-37.0	-1.0	18.0	6.0	12.0	-18.0	131.45
48	110.0	53.0	75.0	21.0	-13.0	-8.0	56.0	4.0	131.02
49	70.0	-18.0	-17.0	81.0	-46.0	18.0	23.0	-5.0	131.02
50	-18.0	126.0	31.0	23.0	-23.0	52.0	87.0	4.0	131.42
51	-24.0	41.0	-17.0	-23.0	10.0	13.0	-105.0	14.0	123.83
52	-13.0	-128.0	-26.0	10.0	11.0	-69.0	22.0	101.0	128.37
53	-43.0	-46.0	13.0	23.0	17.0	-22.0	-23.0	-59.0	118.79
54	1.0	-22.0	127.0	-23.0	-55.0	-32.0	-55.0	-16.0	109.62
55	77.0	51.0	-4.0	-32.0	7.0	-97.0	-1.0	17.0	109.62
56	-127.0	54.0	5.0	101.0	-32.0	-13.0	-21.0	28.0	108.63
57	99.0	-62.0	11.0	43.0	-1.0	83.0	-26.0	-18.0	104.4
58	127.0	8.0	-43.0	-18.0	-50.0	-13.0	-86.0	-54.0	103.43
59	68.0	127.0	14.0	1.0	-8.0	-2.0	12.0	-43.0	104.4
60	127.0	38.0	32.0	-13.0	-23.0	8.0	-100.0	-54.0	92.93
61	47.0	-62.0	-51.0	17.0	-1.0	74.0	-126.0	63.0	96.6
62	63.0	59.0	93.0	-93.0	-13.0	-42.0	6.0	-74.0	84.32
63	-74.0	19.0	38.0	-15.0	17.0	-31.0	21.0	58.0	104.6
64	95.0	-48.0	-49.0	-25.0	6.0	11.0	48.0	36.0	96.57
65	105.0	-67.0	11.0	18.0	-5.0	112.0	-50.0	-20.0	96.6
66	27.0	7.0	-110.0	-23.0	30.0	-68.0	-9.0	53.0	96.57
67	-103.0	66.0	-60.0	1.0	16.0	46.0	36.0	0.0	70.96
68	-75.0	-16.0	1.0	110.0	5.0	103.0	8.0	-2.0	64.16
69	108.0	-1.0	6.0	38.0	-21.0	48.0	-107.0	-30.0	65.6
70	54.0	60.0	41.0	-11.0	-1.0	-87.0	13.0	26.0	62.0
71	-19.0	-58.0	9.0	-81.0	23.0	-43.0	-57.0	34.0	62.47
72	-3.0	50.0	-48.0	27.0	-6.0	-4.0	65.0	-14.0	62.47
73	76.0	82.0	7.0	-66.0	25.0	-35.0	76.0	24.0	65.6
74	127.0	-42.0	18.0	3.0	4.0	-17.0	106.0	-70.0	69.92
75	-28.0	109.0	-28.0	4.0	-36.0	24.0	101.0	4.0	69.92
76	-5.0	-24.0	-44.0	2.0	-3.0	-41.0	-89.0	18.0	63.01
77	-86.0	17.0	120.0	3.0	-10.0	22.0	-56.0	45.0	56.28
78	87.0	63.0	-92.0	61.0	21.0	1.0	-73.0	-46.0	55.8
79	127.0	80.0	-32.0	-128.0	5.0	-31.0	0.0	37.0	52.05
80	-128.0	-38.0	-29.0	39.0	-11.0	-5.0	13.0	38.0	53.56
81	-126.0	41.0	-19.0	61.0	-14.0	12.0	-128.0	-17.0	46.58
82	-1.0	22.0	38.0	-15.0	-2.0	0.0	-15.0	1.0	52.05
83	78.0	-20.0	-22.0	14.0	93.0	-5.0	-36.0	-72.0	51.1
