0	-128.0	-42.0	11.0	-4.0	-3.0	-64.0	63.0	-61.0	107.55
1	54.0	-47.0	12.0	-6.0	21.0	2.0	-64.0	-14.0	105.44
2	103.0	26.0	0.0	55.0	-20.0	2.0	-128.0	-18.0	107.36
3	-57.0	-29.0	-20.0	-99.0	-124.0	23.0	126.0	17.0	105.44
4	18.0	27.0	106.0	20.0	23.0	-10.0	-71.0	-35.0	115.03
5	-38.0	-121.0	39.0	17.0	-2.0	-2.0	-49.0	26.0	119.13
6	127.0	-110.0	-15.0	-32.0	-18.0	20.0	101.0	44.0	104.04
7	-128.0	-113.0	8.0	-76.0	15.0	3.0	32.0	-35.0	101.18
8	-41.0	93.0	85.0	-16.0	7.0	10.0	-40.0	3.0	101.08
9	-29.0	-98.0	-30.0	-4.0	-1.0	13.0	14.0	21.0	101.08
10	-6.0	10.0	-3.0	12.0	-2.0	-109.0	7.0	-22.0	107.55
11	-128.0	-16.0	-47.0	30.0	3.0	-6.0	98.0	-15.0	103.05
12	9.0	-98.0	1.0	-1.0	7.0	3.0	95.0	104.0	112.86
13	-109.0	55.0	-37.0	-64.0	2.0	-23.0	127.0	24.0	109.33
14	58.0	15.0	-76.0	-99.0	1.0	32.0	65.0	-74.0	111.18
15	-85.0	-66.0	82.0	27.0	28.0	113.0	-71.0	-8.0	119.65
16	-92.0	24.0	17.0	-1.0	-17.0	-34.0	113.0	123.0	109.33
17	-117.0	7.0	104.0	0.0	7.0	6.0	-81.0	-93.0	113.99
18	47.0	24.0	15.0	19.0	-7.0	2.0	66.0	30.0	103.97
19	-101.0	89.0	-29.0	14.0	-9.0	-54.0	-110.0	25.0	119.65
20	118.0	-29.0	-34.0	-27.0	-13.0	19.0	0.0	-16.0	123.45
21	-75.0	48.0	10.0	5.0	37.0	24.0	4.0	-15.0	120.95
22	50.0	-25.0	-26.0	0.0	8.0	-33.0	46.0	6.0	125.61
23	-21.0	127.0	-5.0	-21.0	4.0	-36.0	-43.0	-25.0	124.43
24	80.0	101.0	-16.0	96.0	18.0	29.0	-38.0	34.0	132.36
25	-111.0	-94.0	-4.0	28.0	13.0	-14.0	42.0	-18.0	133.27
26	33.0	-89.0	27.0	-20.0	2.0	15.0	-22.0	-2.0	132.36
27	76.0	7.0	-19.0	-18.0	-24.0	4.0	-85.0	-5.0	128.54
28	-34.0	-66.0	87.0	75.0	10.0	-5.0	-50.0	-25.0	121.91
29	122.0	-14.0	-98.0	-37.0	-18.0	4.0	-7.0	123.0	128.54
30	-56.0	58.0	-11.0	-40.0	-25.0	-46.0	-20.0	-88.0	124.43
31	-74.0	58.0	4.0	12.0	-4.0	34.0	43.0	-34.0	133.37
32	85.0	-74.0	-57.0	20.0	1.0	16.0	-27.0	12.0	130.59
33	-69.0	-39.0	41.0	3.0	5.0	-27.0	-19.0	106.0	133.27
34	75.0	14.0	17.0	-37.0	-5.0	-33.0	18.0	-90.0	132.51
35	-88.0	-28.0	-25.0	-11.0	68.0	4.0	-43.0	44.0	132.89
36	49.0	48.0	-116.0	-32.0	-7.0	-84.0	-39.0	77.0	131.75
37	75.0	-128.0	12.0	-4.0	-6.0	-59.0	55.0	-15.0	130.59
38	120.0	96.0	39.0	7.0	-2.0	51.0	-115.0	2.0	126.43
39	73.0	-12.0	-21.0	28.0	-43.0	21.0	106.0	118.0	123.45
40	22.0	-90.0	37.0	9.0	45.0	-57.0	-93.0	-52.0	113.99
41	-72.0	-128.0	-18.0	-9.0	-30.0	33.0	42.0	32.0	102.83
42	34.0	65.0	-10.0	20.0	0.0	20.0	6.0	-57.0	104.04
43	-20.0	-70.0	-38.0	-8.0	31.0	-2.0	-4.0	22.0	97.74
44	71.0	71.0	-54.0	-10.0	18.0	8.0	-54.0	46.0	100.79
45	-71.0	127.0	-55.0	-16.0	-4.0	20.0	-51.0	8.0	86.63
46	110.0	127.0	18.0	7.0	21.0	-5.0	12.0	-63.0	99.82
47	41.0	-97.0	100.0	13.0	48.0	-11.0	-9.0	56.0	77.32
48	-69.0	25.0	-15.0	-36.0	1.0	-38.0	-47.0	-28.0	94.11
49	92.0	15.0	-66.0	127.0	-34.0	55.0	33.0	1.0	97.0
50	127.0	-81.0	-26.0	-38.0	14.0	5.0	-26.0	4.0	100.79
51	-58.0	-15.0	41.0	-22.0	10.0	-17.0	-43.0	22.0	100.91
52	84.0	-5.0	-68.0	-27.0	-11.0	-18.0	83.0	49.0	71.21
53	-128.0	34.0	-12.0	1.0	-20.0	14.0	46.0	-27.0	94.11
54	127.0	-3.0	30.0	19.0	11.0	18.0	69.0	64.0	65.12
55	-57.0	43.0	23.0	-56.0	-31.0	5.0	-36.0	-28.0	86.63
56	57.0	-108.0	28.0	96.0	9.0	1.0	15.0	-45.0	97.31
57	-14.0	-38.0	19.0	-24.0	1.0	-71.0	-71.0	7.0	77.67
58	-36.0	-43.0	9.0	-10.0	-15.0	1.0	-22.0	87.0	75.33
59	127.0	38.0	58.0	27.0	-53.0	-59.0	127.0	-64.0	91.05
60	8.0	3.0	-38.0	-11.0	24.0	-12.0	-90.0	-12.0	67.78
61	97.0	-128.0	55.0	84.0	23.0	79.0	-38.0	9.0	74.04
62	-82.0	114.0	-128.0	7.0	12.0	3.0	-34.0	-17.0	65.47
63	-2.0	127.0	-2.0	4.0	-20.0	14.0	24.0	27.0	75.33
64	-2.0	-94.0	8.0	-18.0	16.0	-51.0	-20.0	-22.0	64.65
65	70.0	7.0	-19.0	-27.0	-8.0	8.0	38.0	-20.0	64.29
66	-56.0	-41.0	49.0	38.0	-3.0	-8.0	13.0	-72.0	63.46
67	-79.0	-54.0	54.0	-28.0	6.0	11.0	-34.0	50.0	60.32
68	13.0	-28.0	46.0	-42.0	-53.0	-48.0	-36.0	87.0	58.6
69	23.0	24.0	-36.0	-3.0	7.0	98.0	-39.0	56.0	61.7
70	127.0	4.0	127.0	-2.0	-6.0	-8.0	3.0	-17.0	60.32
71	-63.0	-45.0	-1.0	-50.0	-5.0	19.0	-124.0	10.0	61.88
72	117.0	19.0	-118.0	41.0	14.0	-57.0	10.0	0.0	64.33
73	-90.0	-86.0	31.0	16.0	-12.0	-26.0	-51.0	27.0	64.96
74	0.0	-96.0	-50.0	-31.0	-27.0	-53.0	14.0	-9.0	59.31
75	22.0	11.0	-116.0	13.0	14.0	30.0	-110.0	-98.0	58.45
76	66.0	-114.0	-41.0	8.0	-3.0	-29.0	-10.0	41.0	58.44
77	-7.0	33.0	-9.0	4.0	13.0	26.0	-20.0	-8.0	58.45
78	0.0	-6.0	18.0	-41.0	27.0	-29.0	23.0	5.0	58.6
79	37.0	-72.0	-12.0	69.0	-32.0	20.0	98.0	-68.0	64.29
80	-98.0	25.0	11.0	-22.0	12.0	55.0	88.0	-57.0	60.55
81	-17.0	-84.0	6.0	1.0	-7.0	3.0	-72.0	9.0	64.96
82	-1.0	-128.0	-105.0	16.0	-4.0	16.0	3.0	-99.0	63.46
83	127.0	127.0	49.0	-29.0	-31.0	88.0	-84.0	-22.0	65.12
84	86.0	-124.0	29.0	48.0	-10.0	-4.0	-84.0	21.0	74.04
85	-5.0	121.0	9.0	26.0	68.0	6.0	-66.0	-84.0	97.31
86	-18.0	0.0	-26.0	10.0	-22.0	-15.0	35.0	-24.0	103.05
