0	41.0	-6.0	25.0	-94.0	-19.0	-5.0	-18.0	-33.0	166.46
1	-107.0	-42.0	-3.0	-13.0	-61.0	-73.0	105.0	-105.0	155.22
2	6.0	1.0	4.0	-15.0	-101.0	-49.0	0.0	50.0	166.46
3	-3.0	-30.0	40.0	105.0	-4.0	35.0	-32.0	-64.0	168.71
4	22.0	-13.0	90.0	22.0	64.0	-94.0	7.0	36.0	168.35
5	22.0	-9.0	1.0	-16.0	122.0	-42.0	-103.0	79.0	168.18
6	21.0	101.0	-2.0	127.0	63.0	72.0	-64.0	-110.0	154.7
7	41.0	-83.0	46.0	42.0	-49.0	30.0	14.0	4.0	138.77
8	127.0	-84.0	-29.0	-22.0	-85.0	-47.0	-16.0	-24.0	139.17
9	-42.0	56.0	-8.0	-25.0	84.0	21.0	-122.0	-40.0	149.5
10	13.0	-40.0	-36.0	39.0	-77.0	127.0	42.0	127.0	162.59
11	53.0	22.0	20.0	15.0	-87.0	40.0	-81.0	-105.0	142.03
12	71.0	-1.0	3.0	10.0	-32.0	91.0	127.0	-15.0	154.7
13	24.0	-81.0	-46.0	115.0	74.0	-104.0	-11.0	127.0	136.44
14	24.0	-54.0	7.0	16.0	-117.0	-106.0	10.0	5.0	133.29
15	127.0	12.0	2.0	-69.0	-59.0	50.0	2.0	34.0	129.97
16	-14.0	-12.0	17.0	102.0	40.0	-72.0	-72.0	-99.0	112.55
17	-83.0	-9.0	45.0	77.0	-34.0	-90.0	42.0	86.0	108.33
18	20.0	-13.0	-4.0	-13.0	-16.0	127.0	4.0	-13.0	131.75
19	58.0	-6.0	4.0	0.0	127.0	-30.0	-36.0	12.0	135.39
20	-3.0	-12.0	-29.0	0.0	-128.0	-118.0	4.0	87.0	131.03
21	-41.0	21.0	-25.0	-36.0	-75.0	24.0	-81.0	-126.0	116.38
22	11.0	7.0	-3.0	-17.0	52.0	-42.0	51.0	116.0	108.49
23	40.0	-6.0	-1.0	69.0	127.0	-58.0	33.0	-128.0	110.63
24	-83.0	-3.0	100.0	-3.0	72.0	127.0	85.0	-99.0	108.98
25	17.0	46.0	-20.0	0.0	-21.0	79.0	-36.0	67.0	108.18
26	51.0	26.0	1.0	14.0	104.0	-118.0	74.0	100.0	110.79
27	-55.0	17.0	-4.0	77.0	63.0	56.0	127.0	92.0	109.42
28	42.0	7.0	7.0	-52.0	30.0	127.0	-33.0	-5.0	112.37
29	127.0	-12.0	-3.0	-13.0	123.0	62.0	39.0	127.0	111.99
30	-24.0	-23.0	-39.0	111.0	3.0	75.0	-25.0	-74.0	108.49
31	127.0	-38.0	-36.0	-4.0	54.0	124.0	-31.0	-6.0	109.42
32	11.0	20.0	1.0	-78.0	123.0	42.0	127.0	3.0	106.89
33	-61.0	-83.0	98.0	-36.0	52.0	-21.0	14.0	35.0	110.79
34	30.0	-26.0	-5.0	15.0	-62.0	127.0	-22.0	10.0	106.18
35	-31.0	66.0	13.0	20.0	-73.0	-99.0	-13.0	40.0	106.18
36	-17.0	-10.0	-5.0	10.0	-44.0	-87.0	-94.0	105.0	111.99
37	106.0	-26.0	-21.0	-26.0	4.0	73.0	-79.0	15.0	129.97
38	15.0	8.0	46.0	-25.0	-61.0	-48.0	-13.0	-27.0	130.29
39	51.0	-9.0	0.0	-44.0	-24.0	-88.0	0.0	45.0	129.7
40	56.0	-2.0	66.0	60.0	-128.0	125.0	-20.0	14.0	129.08
41	123.0	-17.0	36.0	-95.0	20.0	104.0	-11.0	54.0	131.75
42	-47.0	32.0	-12.0	28.0	-75.0	127.0	28.0	98.0	139.17
43	19.0	17.0	-8.0	65.0	111.0	126.0	-4.0	115.0	135.39
44	125.0	92.0	11.0	19.0	127.0	67.0	-17.0	53.0	138.66
45	24.0	11.0	-30.0	16.0	-127.0	-94.0	2.0	-10.0	133.29
46	-47.0	33.0	-28.0	-39.0	-40.0	126.0	-2.0	127.0	135.54
47	51.0	25.0	6.0	-68.0	127.0	-104.0	-25.0	92.0	142.03
48	-15.0	7.0	0.0	21.0	14.0	-107.0	59.0	24.0	138.77
49	-42.0	-23.0	-12.0	20.0	-100.0	34.0	97.0	37.0	136.12
50	-71.0	-31.0	10.0	-101.0	84.0	103.0	24.0	-44.0	135.98
51	-43.0	50.0	7.0	105.0	-3.0	-128.0	103.0	-15.0	144.46
52	-24.0	-62.0	-8.0	109.0	13.0	127.0	58.0	-30.0	154.48
53	16.0	-81.0	10.0	67.0	-40.0	106.0	48.0	-110.0	163.68
54	38.0	82.0	-15.0	127.0	64.0	-118.0	29.0	20.0	164.32
55	10.0	20.0	-39.0	122.0	12.0	8.0	24.0	127.0	162.59
56	35.0	27.0	5.0	-13.0	14.0	30.0	4.0	-8.0	149.5
57	55.0	-14.0	30.0	114.0	-108.0	-103.0	47.0	-6.0	152.9
58	34.0	66.0	-39.0	-56.0	-96.0	4.0	107.0	35.0	152.9
59	30.0	88.0	23.0	-33.0	40.0	-19.0	-128.0	-102.0	173.09
60	24.0	-7.0	7.0	96.0	98.0	79.0	-103.0	98.0	170.59
61	-43.0	-3.0	1.0	-26.0	57.0	-86.0	-74.0	63.0	172.43
62	-73.0	-41.0	4.0	0.0	14.0	-4.0	58.0	97.0	169.38
63	9.0	9.0	-9.0	0.0	106.0	84.0	-20.0	-8.0	172.68
64	8.0	35.0	-4.0	-29.0	83.0	8.0	12.0	72.0	173.18
65	-100.0	37.0	0.0	25.0	-73.0	127.0	-9.0	127.0	173.09
66	22.0	-5.0	18.0	82.0	61.0	-24.0	-16.0	-6.0	173.48
67	58.0	127.0	4.0	-24.0	95.0	48.0	28.0	-44.0	173.57
68	-73.0	-5.0	23.0	71.0	114.0	83.0	10.0	2.0	172.96
69	29.0	-55.0	102.0	0.0	-49.0	102.0	-9.0	8.0	172.43
70	19.0	0.0	113.0	-10.0	127.0	-88.0	86.0	-7.0	170.52
71	29.0	-20.0	45.0	3.0	-81.0	-24.0	127.0	23.0	170.59
72	9.0	41.0	6.0	-47.0	-89.0	-14.0	-53.0	77.0	168.71
73	-2.0	2.0	105.0	28.0	127.0	-99.0	63.0	46.0	172.96
74	-33.0	16.0	109.0	-11.0	-120.0	33.0	-22.0	-83.0	171.27
75	-29.0	9.0	-14.0	-68.0	116.0	-21.0	50.0	-128.0	169.38
76	127.0	14.0	4.0	17.0	127.0	-70.0	-25.0	63.0	168.35
77	-105.0	101.0	-19.0	28.0	44.0	84.0	97.0	-112.0	162.67
78	-3.0	79.0	-5.0	73.0	127.0	27.0	87.0	-63.0	154.13
79	29.0	54.0	-29.0	-27.0	72.0	-83.0	-79.0	92.0	168.07
80	-37.0	104.0	127.0	57.0	9.0	62.0	21.0	127.0	165.61
81	-36.0	42.0	-25.0	-11.0	39.0	127.0	-22.0	92.0	165.61
82	30.0	54.0	-32.0	-26.0	107.0	120.0	-11.0	-14.0	149.64
83	-20.0	-9.0	19.0	27.0	-112.0	65.0	101.0	-12.0	142.71
84	-75.0	18.0	10.0	-42.0	-77.0	-128.0	-124.0	-27.0	168.34
