0	40.0	6.0	-13.0	22.0	-46.0	112.0	9.0	-44.0	177.94
1	-22.0	9.0	4.0	8.0	0.0	127.0	-19.0	21.0	176.83
2	-64.0	-2.0	15.0	-3.0	33.0	127.0	17.0	56.0	176.53
3	1.0	-3.0	54.0	16.0	127.0	-35.0	-19.0	25.0	177.76
4	17.0	-51.0	127.0	14.0	127.0	42.0	-79.0	0.0	177.94
5	100.0	11.0	-5.0	79.0	77.0	-67.0	-38.0	-48.0	176.92
6	127.0	51.0	-3.0	55.0	76.0	-71.0	-55.0	-40.0	175.5
7	-16.0	1.0	49.0	1.0	-128.0	106.0	41.0	-112.0	178.27
8	92.0	33.0	36.0	56.0	93.0	-24.0	0.0	41.0	176.33
9	-3.0	-48.0	5.0	125.0	29.0	-63.0	-55.0	30.0	171.1
10	-20.0	-7.0	104.0	53.0	127.0	-14.0	55.0	-128.0	173.12
11	116.0	-67.0	0.0	16.0	39.0	101.0	86.0	41.0	175.44
12	123.0	-22.0	-15.0	-79.0	38.0	127.0	-78.0	120.0	168.02
13	10.0	-33.0	10.0	-31.0	-6.0	75.0	127.0	21.0	168.73
14	-128.0	114.0	-8.0	-114.0	-72.0	127.0	127.0	22.0	163.76
15	-35.0	15.0	21.0	-9.0	127.0	0.0	40.0	27.0	162.18
16	-127.0	16.0	-7.0	120.0	127.0	-47.0	-12.0	-8.0	153.92
17	-128.0	-7.0	-13.0	-3.0	109.0	-128.0	-15.0	-127.0	135.93
18	125.0	-9.0	-21.0	-34.0	44.0	-87.0	-47.0	-4.0	129.16
19	127.0	-34.0	-8.0	94.0	-89.0	87.0	88.0	16.0	131.49
20	-6.0	-8.0	-39.0	34.0	127.0	25.0	-16.0	52.0	130.23
21	24.0	8.0	12.0	75.0	102.0	-117.0	-58.0	-112.0	132.37
22	-5.0	42.0	-24.0	115.0	-46.0	127.0	127.0	-80.0	143.1
23	29.0	-92.0	-12.0	-9.0	-81.0	44.0	6.0	18.0	130.44
24	60.0	-25.0	-21.0	-123.0	-39.0	-47.0	-128.0	-60.0	135.93
25	-84.0	-8.0	-6.0	-31.0	73.0	83.0	44.0	77.0	145.01
26	-14.0	20.0	-47.0	-57.0	127.0	-56.0	127.0	34.0	131.06
27	12.0	127.0	33.0	25.0	-11.0	77.0	-6.0	20.0	151.47
28	12.0	-22.0	29.0	84.0	80.0	42.0	118.0	9.0	153.33
29	-26.0	22.0	68.0	116.0	-52.0	-4.0	-26.0	-30.0	133.02
30	127.0	-128.0	3.0	8.0	26.0	124.0	-48.0	2.0	131.06
31	82.0	4.0	1.0	59.0	-68.0	103.0	-37.0	-29.0	132.48
32	-106.0	0.0	127.0	-20.0	20.0	-110.0	9.0	41.0	131.49
33	42.0	-9.0	38.0	10.0	16.0	-117.0	-15.0	44.0	126.96
34	0.0	51.0	-2.0	54.0	73.0	-99.0	21.0	-19.0	124.04
35	-10.0	-50.0	3.0	-18.0	-115.0	-86.0	-44.0	-4.0	122.56
36	30.0	-75.0	-61.0	10.0	31.0	-56.0	-36.0	-24.0	122.21
37	12.0	75.0	-5.0	-3.0	-23.0	127.0	64.0	77.0	122.04
38	35.0	-58.0	-14.0	127.0	-51.0	47.0	14.0	49.0	122.18
39	89.0	100.0	5.0	127.0	103.0	-86.0	64.0	-69.0	122.18
40	-128.0	47.0	127.0	11.0	113.0	-16.0	99.0	-111.0	125.88
41	-22.0	28.0	13.0	-3.0	60.0	78.0	10.0	61.0	125.2
42	36.0	63.0	23.0	-128.0	-88.0	27.0	20.0	-28.0	124.86
43	110.0	94.0	-73.0	15.0	28.0	20.0	21.0	-8.0	127.01
44	74.0	-13.0	36.0	119.0	-124.0	127.0	81.0	59.0	122.21
45	11.0	-77.0	7.0	81.0	-109.0	29.0	20.0	127.0	123.28
46	-34.0	-21.0	-13.0	127.0	-11.0	-37.0	-79.0	-53.0	124.86
47	-46.0	-24.0	122.0	127.0	60.0	-18.0	63.0	-69.0	125.2
48	39.0	-113.0	-17.0	127.0	127.0	54.0	-56.0	-34.0	128.15
49	71.0	-22.0	-90.0	61.0	-107.0	127.0	81.0	-5.0	134.1
50	38.0	-25.0	-14.0	40.0	15.0	-14.0	23.0	-44.0	127.01
51	-17.0	102.0	2.0	-25.0	127.0	126.0	-32.0	4.0	153.33
52	-11.0	115.0	107.0	-60.0	109.0	77.0	41.0	53.0	133.02
53	-16.0	-33.0	-25.0	-92.0	7.0	44.0	-55.0	-4.0	140.42
54	-85.0	28.0	60.0	13.0	102.0	72.0	57.0	-1.0	155.61
55	-127.0	12.0	32.0	29.0	22.0	0.0	23.0	63.0	160.15
56	10.0	-40.0	-24.0	-2.0	127.0	-98.0	10.0	-53.0	153.92
57	22.0	3.0	-23.0	-25.0	127.0	-21.0	127.0	126.0	144.9
58	-83.0	127.0	-12.0	-29.0	58.0	-84.0	-25.0	98.0	131.49
59	-53.0	93.0	-2.0	-51.0	108.0	100.0	120.0	25.0	143.1
60	80.0	9.0	-16.0	-3.0	61.0	127.0	-34.0	-46.0	148.35
61	-83.0	-50.0	-3.0	94.0	123.0	127.0	-23.0	-2.0	148.35
62	-36.0	3.0	-16.0	-84.0	70.0	114.0	0.0	-32.0	162.65
63	35.0	21.0	-17.0	27.0	54.0	32.0	8.0	45.0	159.14
64	82.0	127.0	15.0	14.0	-89.0	-70.0	13.0	3.0	155.28
65	24.0	54.0	4.0	-3.0	-128.0	16.0	-41.0	31.0	163.76
66	35.0	55.0	127.0	127.0	-62.0	46.0	-89.0	37.0	161.21
67	-31.0	17.0	32.0	-59.0	-102.0	-9.0	126.0	-100.0	156.72
68	43.0	34.0	-6.0	-3.0	24.0	34.0	118.0	127.0	160.15
69	-9.0	-18.0	-9.0	56.0	108.0	-55.0	83.0	2.0	159.14
70	0.0	5.0	121.0	-10.0	127.0	-107.0	-128.0	111.0	164.08
71	-25.0	10.0	-16.0	49.0	-39.0	82.0	-52.0	75.0	164.08
72	21.0	1.0	-21.0	-30.0	22.0	75.0	83.0	101.0	168.73
73	-3.0	47.0	-47.0	42.0	63.0	125.0	-33.0	-2.0	168.18
74	-22.0	14.0	-39.0	-26.0	-4.0	-6.0	-70.0	0.0	168.22
75	-60.0	76.0	-5.0	11.0	-38.0	-73.0	-66.0	13.0	164.22
76	89.0	-44.0	40.0	54.0	28.0	-86.0	21.0	-87.0	169.31
77	24.0	21.0	15.0	30.0	127.0	127.0	-23.0	-55.0	168.45
78	115.0	127.0	-22.0	54.0	7.0	-128.0	93.0	14.0	169.01
79	51.0	8.0	127.0	127.0	-115.0	-128.0	8.0	127.0	169.31
80	39.0	1.0	-24.0	127.0	45.0	-16.0	-37.0	3.0	171.1
81	-22.0	-77.0	-13.0	-8.0	80.0	75.0	-6.0	-128.0	175.44
82	-42.0	32.0	-12.0	-34.0	7.0	127.0	58.0	7.0	176.33
