0	0.0	-38.0	23.0	13.0	-97.0	122.0	-15.0	56.0	110.96
1	-92.0	12.0	-3.0	30.0	92.0	127.0	23.0	46.0	122.71
2	-10.0	24.0	34.0	127.0	-64.0	-16.0	-33.0	-124.0	112.41
3	-66.0	-10.0	-24.0	24.0	47.0	7.0	75.0	-22.0	102.63
4	-7.0	-19.0	92.0	-5.0	30.0	41.0	-110.0	-35.0	102.89
5	5.0	5.0	-24.0	-45.0	127.0	-83.0	22.0	100.0	118.91
6	-10.0	-8.0	-24.0	-5.0	70.0	-91.0	28.0	69.0	121.14
7	-32.0	-36.0	4.0	18.0	-128.0	43.0	-1.0	-37.0	128.75
8	-32.0	-10.0	-12.0	23.0	8.0	-82.0	-2.0	9.0	130.89
9	127.0	20.0	-24.0	-14.0	-64.0	-68.0	90.0	51.0	128.75
10	-14.0	-4.0	-38.0	-17.0	43.0	-4.0	-33.0	71.0	119.1
11	62.0	1.0	14.0	48.0	-89.0	91.0	-1.0	-110.0	114.7
12	48.0	-42.0	-61.0	17.0	86.0	17.0	38.0	-2.0	119.1
13	-14.0	-7.0	-24.0	71.0	-116.0	13.0	67.0	-77.0	129.12
14	6.0	77.0	127.0	24.0	127.0	61.0	-9.0	0.0	129.01
15	13.0	26.0	10.0	42.0	-98.0	-46.0	21.0	46.0	135.08
16	33.0	68.0	24.0	-121.0	89.0	-123.0	49.0	-16.0	134.52
17	-49.0	42.0	-19.0	-9.0	127.0	-112.0	-33.0	-11.0	125.49
18	-109.0	-17.0	4.0	-9.0	-116.0	20.0	95.0	43.0	130.98
19	78.0	-20.0	-32.0	13.0	-15.0	127.0	-52.0	98.0	134.98
20	42.0	12.0	-56.0	127.0	0.0	54.0	-52.0	22.0	134.52
21	-26.0	-8.0	25.0	57.0	120.0	111.0	-65.0	93.0	135.08
22	-106.0	-15.0	-38.0	5.0	46.0	-128.0	-68.0	-52.0	135.15
23	-18.0	-2.0	-39.0	6.0	58.0	127.0	-78.0	-65.0	142.61
24	-31.0	-38.0	-12.0	61.0	-26.0	-51.0	-27.0	-52.0	150.33
25	127.0	-11.0	32.0	-12.0	-116.0	-123.0	24.0	6.0	164.6
26	-2.0	-10.0	-7.0	2.0	97.0	127.0	23.0	-39.0	167.41
27	121.0	27.0	-12.0	19.0	22.0	61.0	64.0	-128.0	166.33
28	58.0	3.0	10.0	-19.0	79.0	27.0	44.0	-54.0	164.6
29	23.0	-3.0	22.0	-90.0	62.0	-128.0	-98.0	58.0	163.89
30	-4.0	17.0	12.0	19.0	-76.0	33.0	68.0	-127.0	163.14
31	-12.0	-16.0	38.0	-11.0	7.0	18.0	-13.0	-55.0	165.45
32	11.0	-34.0	-8.0	127.0	-115.0	127.0	54.0	127.0	161.97
33	-57.0	-21.0	30.0	-30.0	-42.0	25.0	62.0	-1.0	155.45
34	-50.0	5.0	-15.0	66.0	29.0	-3.0	-33.0	-5.0	150.81
35	-4.0	42.0	-13.0	3.0	-4.0	107.0	127.0	18.0	156.63
36	75.0	56.0	-31.0	41.0	127.0	53.0	15.0	-25.0	155.45
37	-2.0	127.0	34.0	1.0	58.0	-56.0	-110.0	-15.0	158.2
38	7.0	27.0	-14.0	-59.0	5.0	-38.0	-43.0	-36.0	159.31
39	15.0	-6.0	-13.0	46.0	-102.0	36.0	20.0	9.0	159.79
40	-72.0	-10.0	12.0	-17.0	-46.0	-118.0	64.0	65.0	165.18
41	-18.0	49.0	17.0	65.0	16.0	107.0	-3.0	100.0	164.04
42	-12.0	-17.0	-19.0	-30.0	-128.0	-52.0	83.0	56.0	164.04
43	-7.0	54.0	30.0	14.0	-28.0	111.0	-36.0	65.0	167.81
44	0.0	1.0	-6.0	-51.0	40.0	127.0	-36.0	71.0	167.81
45	-10.0	127.0	16.0	45.0	127.0	90.0	19.0	-16.0	167.07
46	89.0	-28.0	107.0	0.0	19.0	-54.0	-34.0	5.0	165.38
47	48.0	115.0	30.0	-67.0	-35.0	-33.0	13.0	-6.0	165.99
48	43.0	-30.0	47.0	56.0	86.0	54.0	0.0	125.0	167.41
49	3.0	38.0	-13.0	-11.0	22.0	-6.0	49.0	-128.0	166.33
50	-31.0	-11.0	38.0	-25.0	7.0	111.0	127.0	55.0	165.01
51	89.0	-9.0	30.0	-59.0	-56.0	15.0	-39.0	-128.0	167.27
52	39.0	31.0	17.0	121.0	23.0	127.0	-3.0	-128.0	166.37
53	-57.0	-12.0	17.0	-74.0	-22.0	122.0	-52.0	-11.0	167.07
54	-81.0	12.0	127.0	4.0	115.0	53.0	-54.0	-11.0	167.98
55	62.0	2.0	-30.0	11.0	28.0	-14.0	22.0	127.0	165.01
56	6.0	-20.0	127.0	-73.0	-52.0	-15.0	67.0	-5.0	167.47
57	-29.0	-39.0	-24.0	113.0	127.0	-46.0	95.0	35.0	165.57
58	71.0	-90.0	-33.0	16.0	42.0	-56.0	98.0	42.0	151.58
59	110.0	-2.0	12.0	37.0	-21.0	-42.0	0.0	108.0	158.2
60	-4.0	127.0	-39.0	2.0	-98.0	84.0	66.0	77.0	161.97
61	127.0	-28.0	32.0	94.0	70.0	-68.0	127.0	125.0	159.79
62	31.0	51.0	0.0	1.0	-4.0	-64.0	-52.0	127.0	143.44
63	31.0	-68.0	10.0	-71.0	-29.0	66.0	-41.0	-49.0	143.44
64	8.0	27.0	-21.0	-11.0	-89.0	-106.0	41.0	-114.0	145.47
65	19.0	-22.0	127.0	-39.0	64.0	18.0	-89.0	127.0	151.58
66	-109.0	20.0	-13.0	37.0	127.0	60.0	-43.0	-52.0	159.67
67	-54.0	50.0	-52.0	14.0	32.0	59.0	49.0	-54.0	163.14
68	-12.0	-15.0	20.0	-17.0	44.0	41.0	127.0	11.0	160.0
69	-91.0	-51.0	-22.0	48.0	-115.0	127.0	-27.0	34.0	165.38
70	5.0	50.0	26.0	23.0	127.0	26.0	-19.0	-51.0	162.69
71	127.0	-17.0	31.0	-28.0	-97.0	-82.0	109.0	96.0	152.73
72	38.0	-74.0	-14.0	-45.0	28.0	-6.0	-52.0	-39.0	150.81
73	-5.0	-39.0	-13.0	-23.0	123.0	-128.0	62.0	-104.0	138.52
74	127.0	36.0	12.0	-24.0	-35.0	65.0	-15.0	9.0	147.29
75	-31.0	-55.0	14.0	-28.0	-1.0	84.0	24.0	-58.0	142.61
76	6.0	52.0	-7.0	-86.0	90.0	67.0	-13.0	58.0	134.4
77	15.0	36.0	31.0	6.0	-22.0	115.0	-11.0	-34.0	134.11
78	56.0	-26.0	13.0	15.0	83.0	43.0	127.0	17.0	132.61
79	-54.0	127.0	-8.0	61.0	127.0	114.0	88.0	-11.0	134.4
80	-28.0	-1.0	-28.0	-41.0	46.0	107.0	127.0	-10.0	130.98
81	-106.0	-8.0	-8.0	7.0	-128.0	-128.0	-1.0	127.0	130.18
82	11.0	-43.0	47.0	-17.0	31.0	1.0	75.0	-23.0	110.96
83	76.0	72.0	-17.0	72.0	65.0	83.0	42.0	-38.0	114.48
84	-31.0	56.0	-22.0	-83.0	-1.0	125.0	-51.0	42.0	118.91
85	71.0	-22.0	12.0	25.0	31.0	-91.0	38.0	6.0	122.71
86	-4.0	39.0	43.0	57.0	-102.0	126.0	-14.0	-6.0	130.18
87	-30.0	52.0	44.0	-30.0	97.0	-112.0	11.0	-25.0	114.7
