0	-33.0	15.0	7.0	-82.0	-62.0	104.0	74.0	4.0	119.36
1	-59.0	11.0	69.0	18.0	40.0	96.0	-23.0	-13.0	142.04
2	30.0	-2.0	-14.0	18.0	-97.0	123.0	-33.0	-38.0	142.38
3	8.0	31.0	28.0	127.0	-47.0	38.0	-8.0	-61.0	129.22
4	-33.0	37.0	-9.0	-4.0	-101.0	127.0	34.0	-11.0	140.96
5	-41.0	127.0	120.0	-30.0	86.0	111.0	102.0	69.0	117.16
6	103.0	20.0	11.0	-32.0	102.0	26.0	48.0	127.0	120.57
7	19.0	-32.0	19.0	15.0	106.0	-28.0	-23.0	-56.0	144.63
8	5.0	-58.0	-1.0	-28.0	45.0	-6.0	-3.0	120.0	146.81
9	-49.0	-17.0	12.0	-5.0	106.0	37.0	-92.0	23.0	145.68
10	127.0	27.0	7.0	-7.0	31.0	-14.0	-29.0	40.0	119.92
11	7.0	-23.0	19.0	-30.0	89.0	-45.0	89.0	-16.0	138.8
12	17.0	12.0	4.0	25.0	37.0	-22.0	58.0	-128.0	135.64
13	26.0	51.0	2.0	87.0	31.0	25.0	62.0	-86.0	126.6
14	21.0	20.0	7.0	-65.0	86.0	5.0	8.0	-86.0	132.83
15	127.0	-17.0	-41.0	1.0	127.0	-38.0	62.0	-109.0	124.36
16	29.0	17.0	23.0	-6.0	102.0	111.0	17.0	14.0	132.83
17	3.0	51.0	127.0	49.0	115.0	108.0	-31.0	13.0	147.08
18	-95.0	25.0	20.0	-57.0	22.0	104.0	127.0	-38.0	149.74
19	127.0	-14.0	126.0	15.0	-47.0	77.0	15.0	-37.0	156.21
20	3.0	-9.0	111.0	51.0	-54.0	18.0	127.0	20.0	158.08
21	-27.0	109.0	21.0	125.0	-40.0	-128.0	67.0	47.0	164.36
22	-50.0	-6.0	-2.0	127.0	50.0	-45.0	41.0	4.0	162.93
23	38.0	6.0	-17.0	86.0	-59.0	-22.0	-128.0	5.0	162.81
24	18.0	22.0	4.0	0.0	58.0	84.0	-16.0	-16.0	162.97
25	40.0	0.0	2.0	-28.0	-44.0	127.0	127.0	18.0	164.36
26	-19.0	127.0	-9.0	-30.0	-1.0	127.0	-7.0	-123.0	165.9
27	95.0	1.0	-26.0	-102.0	-128.0	115.0	38.0	-37.0	162.97
28	46.0	22.0	-5.0	-128.0	-23.0	-92.0	17.0	103.0	166.1
29	127.0	-34.0	-10.0	-18.0	-54.0	92.0	-29.0	40.0	166.06
30	18.0	-8.0	-2.0	18.0	43.0	-84.0	13.0	0.0	166.13
31	38.0	-8.0	6.0	-28.0	44.0	127.0	28.0	5.0	166.17
32	30.0	-57.0	-41.0	26.0	0.0	107.0	-116.0	68.0	168.14
33	-11.0	-13.0	-5.0	127.0	10.0	-1.0	7.0	-13.0	166.13
34	-33.0	25.0	20.0	3.0	127.0	-5.0	105.0	48.0	167.91
35	-41.0	-23.0	-12.0	-69.0	-3.0	84.0	50.0	126.0	166.91
36	14.0	13.0	0.0	-26.0	20.0	21.0	-92.0	41.0	167.42
37	127.0	8.0	12.0	2.0	-128.0	-128.0	28.0	-109.0	167.48
38	-38.0	22.0	-1.0	127.0	127.0	108.0	8.0	-44.0	166.17
39	62.0	9.0	-2.0	-69.0	-41.0	-3.0	74.0	-14.0	168.38
40	53.0	5.0	-32.0	19.0	-6.0	37.0	-31.0	-106.0	168.21
41	-67.0	7.0	-9.0	-8.0	-34.0	85.0	122.0	2.0	168.14
42	-14.0	-14.0	-8.0	-65.0	45.0	19.0	-27.0	-103.0	168.21
43	-19.0	-8.0	-6.0	-27.0	51.0	18.0	-39.0	25.0	167.48
44	62.0	-34.0	127.0	87.0	5.0	-92.0	-98.0	91.0	165.9
45	21.0	-34.0	25.0	-8.0	37.0	25.0	127.0	127.0	166.06
46	115.0	-4.0	4.0	105.0	-102.0	127.0	-22.0	82.0	166.02
47	7.0	2.0	-20.0	-17.0	-62.0	51.0	93.0	127.0	165.34
48	62.0	12.0	-9.0	-27.0	-75.0	127.0	23.0	127.0	165.46
49	9.0	-32.0	-9.0	-28.0	-23.0	100.0	83.0	20.0	159.91
50	8.0	-34.0	-8.0	13.0	-54.0	127.0	127.0	-128.0	159.83
51	-1.0	118.0	-8.0	127.0	-32.0	-77.0	90.0	-18.0	154.89
52	-19.0	0.0	-1.0	-52.0	109.0	90.0	15.0	-20.0	160.97
53	24.0	13.0	5.0	-52.0	127.0	127.0	-68.0	-14.0	160.97
54	3.0	25.0	11.0	26.0	-97.0	101.0	-92.0	-103.0	160.95
55	-73.0	20.0	16.0	-26.0	-10.0	5.0	89.0	22.0	154.89
56	-41.0	-1.0	-17.0	4.0	51.0	-99.0	-31.0	127.0	150.0
57	-21.0	12.0	-6.0	0.0	-47.0	-36.0	-56.0	-47.0	158.08
58	27.0	0.0	20.0	25.0	-75.0	92.0	24.0	73.0	159.83
59	-20.0	26.0	-9.0	8.0	127.0	-47.0	-56.0	21.0	152.99
60	5.0	2.0	-9.0	127.0	39.0	127.0	-1.0	126.0	151.78
61	-26.0	24.0	-10.0	-6.0	35.0	-62.0	-89.0	40.0	146.81
62	-12.0	-23.0	-10.0	10.0	127.0	127.0	127.0	-30.0	140.75
63	1.0	25.0	-26.0	73.0	-128.0	85.0	0.0	51.0	143.22
64	38.0	-58.0	-23.0	19.0	6.0	-115.0	34.0	-92.0	146.75
65	83.0	-1.0	-6.0	18.0	-82.0	-32.0	-78.0	-53.0	126.6
66	46.0	1.0	124.0	-8.0	64.0	-92.0	-39.0	-64.0	142.38
67	17.0	26.0	-23.0	2.0	27.0	101.0	50.0	-10.0	139.11
68	-21.0	-4.0	11.0	42.0	-59.0	-10.0	34.0	-56.0	119.92
69	-46.0	-14.0	120.0	-6.0	115.0	127.0	23.0	5.0	113.59
70	-14.0	-23.0	29.0	27.0	71.0	-17.0	-1.0	18.0	113.79
71	-67.0	-19.0	-5.0	-113.0	-49.0	127.0	-68.0	127.0	114.26
72	30.0	3.0	16.0	-7.0	-23.0	-36.0	-16.0	7.0	113.59
73	-21.0	-6.0	20.0	27.0	6.0	-128.0	-78.0	73.0	114.26
74	-19.0	127.0	-7.0	19.0	58.0	-117.0	-69.0	-3.0	124.36
75	27.0	127.0	3.0	-3.0	127.0	-6.0	15.0	117.0	124.68
76	35.0	116.0	1.0	51.0	109.0	100.0	-84.0	-4.0	144.02
77	30.0	12.0	-30.0	11.0	-88.0	-10.0	93.0	127.0	142.5
78	24.0	6.0	-15.0	67.0	50.0	-65.0	11.0	40.0	143.2
79	33.0	26.0	23.0	-65.0	64.0	-4.0	25.0	127.0	156.45
80	-53.0	-4.0	-19.0	-65.0	127.0	98.0	79.0	31.0	149.74
81	1.0	-11.0	-17.0	127.0	109.0	-69.0	127.0	-18.0	150.0
82	-33.0	-22.0	-20.0	27.0	102.0	-80.0	-8.0	-47.0	143.2
83	16.0	-9.0	114.0	49.0	127.0	-100.0	-16.0	65.0	145.68
84	24.0	127.0	4.0	112.0	0.0	0.0	127.0	127.0	139.19
85	-20.0	-3.0	-26.0	-102.0	-40.0	-33.0	35.0	41.0	124.03
86	27.0	12.0	100.0	10.0	32.0	127.0	127.0	-109.0	124.03
87	14.0	90.0	-1.0	8.0	84.0	-77.0	-23.0	-44.0	138.8
