0	-2.0	6.0	-15.0	77.0	-18.0	127.0	-86.0	114.0	141.81
1	-35.0	-53.0	1.0	-6.0	13.0	-75.0	66.0	32.0	145.37
2	1.0	18.0	-6.0	15.0	69.0	-91.0	21.0	-99.0	144.36
3	18.0	-17.0	-5.0	1.0	0.0	-5.0	-112.0	24.0	141.83
4	6.0	7.0	26.0	45.0	127.0	49.0	-48.0	-3.0	137.32
5	-64.0	-12.0	35.0	-18.0	-2.0	89.0	24.0	-5.0	136.12
6	2.0	-41.0	16.0	127.0	52.0	0.0	77.0	-128.0	141.83
7	-18.0	-36.0	-34.0	36.0	104.0	45.0	12.0	-115.0	131.1
8	-16.0	17.0	-7.0	127.0	13.0	127.0	127.0	68.0	130.4
9	-11.0	-3.0	-10.0	2.0	18.0	127.0	74.0	-12.0	124.75
10	-3.0	56.0	-45.0	-34.0	-41.0	-86.0	127.0	-125.0	113.58
11	108.0	-67.0	-4.0	-28.0	80.0	-94.0	26.0	63.0	117.14
12	-39.0	-39.0	-49.0	-11.0	-43.0	-113.0	100.0	16.0	112.96
13	12.0	-8.0	-5.0	47.0	74.0	65.0	1.0	127.0	113.52
14	39.0	-26.0	12.0	58.0	-10.0	-128.0	53.0	-92.0	112.96
15	-37.0	-36.0	-18.0	69.0	-79.0	89.0	-11.0	85.0	113.39
16	21.0	-12.0	-4.0	23.0	-75.0	80.0	-22.0	-73.0	117.14
17	-1.0	57.0	1.0	-24.0	63.0	-75.0	5.0	-22.0	113.58
18	-3.0	-44.0	33.0	-9.0	55.0	108.0	-68.0	-29.0	117.96
19	29.0	-17.0	127.0	15.0	27.0	127.0	127.0	35.0	113.68
20	-14.0	5.0	27.0	-27.0	65.0	-81.0	-2.0	127.0	126.52
21	-38.0	-40.0	-7.0	34.0	37.0	32.0	50.0	-77.0	128.11
22	-24.0	75.0	-6.0	13.0	23.0	127.0	127.0	-128.0	124.42
23	-3.0	57.0	3.0	84.0	-5.0	-73.0	43.0	-6.0	122.26
24	-9.0	5.0	65.0	26.0	24.0	-65.0	68.0	52.0	124.75
25	-64.0	5.0	-15.0	17.0	13.0	37.0	127.0	-92.0	131.1
26	-16.0	-20.0	127.0	-5.0	68.0	63.0	5.0	-3.0	130.4
27	56.0	-4.0	-4.0	-4.0	104.0	-62.0	-128.0	-22.0	132.27
28	-14.0	127.0	-5.0	23.0	7.0	24.0	18.0	-26.0	136.32
29	1.0	-46.0	-6.0	15.0	127.0	-4.0	26.0	17.0	144.36
30	44.0	19.0	13.0	-44.0	-74.0	127.0	29.0	-97.0	143.08
31	6.0	-9.0	-6.0	49.0	39.0	99.0	-53.0	127.0	146.82
32	-28.0	-35.0	33.0	-109.0	90.0	88.0	-128.0	-20.0	154.39
33	18.0	123.0	49.0	20.0	-15.0	108.0	0.0	-67.0	158.86
34	15.0	30.0	-18.0	22.0	67.0	16.0	12.0	11.0	156.39
35	87.0	-45.0	7.0	-36.0	-71.0	88.0	-40.0	-92.0	158.71
36	-17.0	-59.0	-6.0	61.0	-34.0	89.0	-86.0	0.0	162.34
37	126.0	-33.0	122.0	-22.0	127.0	-73.0	127.0	-18.0	164.38
38	-14.0	-13.0	1.0	15.0	-12.0	96.0	2.0	82.0	164.09
39	42.0	-16.0	-26.0	78.0	62.0	-66.0	-124.0	77.0	168.84
40	29.0	6.0	55.0	-41.0	-19.0	-44.0	72.0	-71.0	165.24
41	-50.0	3.0	-55.0	-41.0	52.0	61.0	-5.0	16.0	168.44
42	-28.0	80.0	-15.0	-40.0	-122.0	-52.0	12.0	-22.0	165.05
43	27.0	10.0	-34.0	56.0	127.0	59.0	45.0	-31.0	165.24
44	42.0	-7.0	-55.0	-43.0	127.0	46.0	-128.0	-20.0	162.34
45	-62.0	25.0	-5.0	127.0	27.0	-12.0	6.0	-25.0	162.0
46	32.0	18.0	121.0	54.0	127.0	127.0	22.0	91.0	152.95
47	17.0	111.0	-6.0	49.0	92.0	113.0	45.0	127.0	160.31
48	-54.0	-20.0	-8.0	24.0	108.0	93.0	-65.0	-81.0	162.75
49	127.0	1.0	-10.0	-22.0	69.0	99.0	67.0	-50.0	167.06
50	-28.0	40.0	-7.0	72.0	35.0	65.0	127.0	41.0	174.76
51	-9.0	-10.0	19.0	41.0	58.0	127.0	-22.0	127.0	171.19
52	-14.0	-10.0	-5.0	77.0	97.0	13.0	55.0	96.0	172.52
53	1.0	6.0	-14.0	116.0	-18.0	36.0	5.0	12.0	172.44
54	-23.0	6.0	127.0	56.0	69.0	9.0	17.0	23.0	171.49
55	50.0	127.0	65.0	-4.0	83.0	-128.0	-65.0	100.0	171.86
56	73.0	-7.0	-18.0	28.0	127.0	9.0	-70.0	16.0	176.25
57	17.0	14.0	-7.0	117.0	37.0	78.0	32.0	33.0	176.65
58	108.0	-3.0	2.0	22.0	24.0	4.0	127.0	-93.0	176.25
59	127.0	10.0	127.0	-94.0	78.0	43.0	29.0	0.0	171.75
60	127.0	10.0	-6.0	26.0	49.0	105.0	26.0	-69.0	171.19
61	90.0	-5.0	-29.0	24.0	-91.0	127.0	-128.0	100.0	170.68
62	-65.0	71.0	-7.0	-27.0	-10.0	113.0	127.0	15.0	171.49
63	127.0	-25.0	15.0	11.0	75.0	127.0	117.0	-35.0	172.52
64	-3.0	35.0	49.0	35.0	-15.0	-114.0	37.0	-7.0	168.32
65	68.0	14.0	127.0	127.0	62.0	-4.0	73.0	-78.0	163.27
66	6.0	-10.0	7.0	34.0	-73.0	58.0	21.0	-20.0	168.84
67	29.0	127.0	-13.0	96.0	79.0	44.0	-22.0	127.0	170.47
68	63.0	-47.0	-26.0	-109.0	-18.0	64.0	42.0	-29.0	167.47
69	11.0	127.0	127.0	-128.0	-83.0	-113.0	31.0	127.0	167.47
70	30.0	10.0	-38.0	127.0	98.0	119.0	-36.0	127.0	164.38
71	72.0	13.0	34.0	127.0	79.0	20.0	1.0	35.0	158.71
72	-53.0	-50.0	123.0	-33.0	127.0	79.0	34.0	-73.0	158.04
73	66.0	-5.0	-32.0	-68.0	127.0	-4.0	127.0	-5.0	148.19
74	127.0	125.0	-13.0	24.0	-5.0	93.0	74.0	99.0	151.69
75	-86.0	-40.0	-11.0	-68.0	-34.0	127.0	-36.0	-81.0	158.04
76	-22.0	127.0	19.0	-16.0	127.0	127.0	35.0	-3.0	150.06
77	-103.0	7.0	-7.0	57.0	47.0	56.0	-15.0	88.0	154.39
78	127.0	-8.0	72.0	32.0	127.0	73.0	79.0	32.0	150.06
79	-62.0	-10.0	2.0	-38.0	-128.0	-41.0	127.0	-96.0	145.37
80	2.0	127.0	18.0	23.0	24.0	-4.0	6.0	-6.0	137.03
81	127.0	-41.0	2.0	-22.0	127.0	-62.0	-84.0	21.0	136.12
82	-24.0	28.0	-6.0	22.0	13.0	16.0	35.0	17.0	132.27
