0	44.0	-1.0	30.0	-1.0	65.0	-102.0	-105.0	87.0	99.84
1	77.0	-48.0	-70.0	104.0	-15.0	127.0	-86.0	-37.0	97.58
2	69.0	3.0	47.0	-47.0	59.0	-62.0	-128.0	19.0	97.36
3	-32.0	37.0	-50.0	-32.0	60.0	37.0	-29.0	90.0	96.93
4	-30.0	-9.0	-12.0	-4.0	40.0	-128.0	-10.0	-37.0	96.93
5	-55.0	-44.0	-8.0	17.0	-116.0	127.0	57.0	-34.0	100.15
6	66.0	73.0	-33.0	-43.0	24.0	127.0	78.0	42.0	109.78
7	15.0	-39.0	51.0	35.0	-115.0	127.0	101.0	4.0	110.83
8	33.0	-13.0	-1.0	-51.0	35.0	9.0	-17.0	10.0	98.44
9	-57.0	15.0	106.0	83.0	50.0	-52.0	21.0	23.0	110.83
10	15.0	25.0	-1.0	-29.0	27.0	77.0	-38.0	-31.0	107.12
11	30.0	-7.0	12.0	58.0	-128.0	127.0	-8.0	92.0	113.2
12	42.0	-19.0	14.0	-56.0	-74.0	25.0	-29.0	64.0	124.42
13	-74.0	-53.0	-60.0	-34.0	107.0	-128.0	0.0	-24.0	128.17
14	19.0	3.0	-50.0	33.0	-14.0	-47.0	99.0	20.0	137.51
15	12.0	30.0	69.0	-54.0	92.0	31.0	67.0	-11.0	137.51
16	14.0	34.0	-74.0	-20.0	-24.0	7.0	-8.0	24.0	140.35
17	-95.0	-38.0	9.0	-11.0	-26.0	-29.0	70.0	-91.0	134.55
18	-57.0	-10.0	-27.0	-40.0	-128.0	-11.0	127.0	-1.0	133.91
19	-3.0	-118.0	-29.0	62.0	-42.0	-23.0	-128.0	-27.0	128.17
20	-128.0	26.0	21.0	-78.0	-97.0	96.0	-28.0	-63.0	142.93
21	36.0	11.0	-69.0	-67.0	-5.0	-128.0	127.0	-7.0	139.77
22	37.0	-29.0	0.0	8.0	-45.0	127.0	71.0	-87.0	142.93
23	-32.0	47.0	-29.0	-56.0	127.0	33.0	1.0	4.0	145.35
24	-1.0	57.0	63.0	-41.0	-122.0	14.0	12.0	6.0	147.17
25	87.0	-2.0	-23.0	39.0	-127.0	103.0	-74.0	83.0	143.94
26	-34.0	23.0	-9.0	18.0	-31.0	-120.0	26.0	3.0	137.61
27	23.0	31.0	-38.0	54.0	123.0	10.0	81.0	-85.0	143.94
28	21.0	-5.0	-38.0	-85.0	109.0	87.0	8.0	-6.0	151.22
29	-16.0	-11.0	-6.0	45.0	123.0	-70.0	8.0	3.0	160.78
30	33.0	3.0	-29.0	27.0	-42.0	16.0	-22.0	-26.0	147.69
31	21.0	-4.0	-52.0	-38.0	-89.0	-19.0	-34.0	-94.0	156.02
32	40.0	-67.0	-75.0	-17.0	-76.0	-61.0	-70.0	40.0	154.17
33	-15.0	20.0	15.0	-17.0	102.0	-45.0	-115.0	-38.0	163.28
34	-27.0	37.0	-9.0	-67.0	-49.0	127.0	76.0	-9.0	164.72
35	-60.0	-8.0	28.0	74.0	35.0	-23.0	-21.0	58.0	156.02
36	3.0	47.0	-19.0	-2.0	5.0	-118.0	14.0	-54.0	157.33
37	-33.0	96.0	23.0	-17.0	34.0	125.0	-19.0	98.0	160.77
38	16.0	-8.0	-14.0	22.0	84.0	127.0	-37.0	127.0	151.22
39	14.0	8.0	15.0	3.0	52.0	110.0	-118.0	75.0	160.78
40	-57.0	-44.0	-15.0	28.0	-117.0	-117.0	83.0	72.0	165.36
41	44.0	-5.0	-12.0	-64.0	-8.0	95.0	14.0	-15.0	168.8
42	15.0	56.0	60.0	7.0	55.0	108.0	-1.0	-25.0	167.94
43	26.0	23.0	91.0	7.0	61.0	107.0	-53.0	-128.0	165.27
44	-40.0	-17.0	-31.0	7.0	53.0	21.0	-125.0	17.0	169.01
45	26.0	-27.0	-25.0	9.0	13.0	110.0	28.0	-76.0	169.71
46	-68.0	21.0	-9.0	-38.0	-31.0	-128.0	99.0	-42.0	169.39
47	-23.0	-59.0	60.0	0.0	-78.0	111.0	-22.0	-21.0	169.05
48	-75.0	-10.0	-22.0	-12.0	26.0	77.0	25.0	-7.0	168.8
49	-40.0	23.0	-5.0	-9.0	-2.0	-91.0	7.0	31.0	168.84
50	-1.0	-103.0	44.0	-19.0	22.0	-80.0	-28.0	-67.0	167.94
51	85.0	5.0	-21.0	45.0	-115.0	-80.0	3.0	100.0	168.58
52	-1.0	-81.0	-35.0	28.0	-19.0	127.0	22.0	37.0	169.01
53	38.0	27.0	-29.0	32.0	27.0	127.0	90.0	-35.0	169.71
54	-49.0	-20.0	-32.0	-13.0	-26.0	-128.0	-128.0	46.0	168.56
55	-52.0	-21.0	-7.0	-18.0	88.0	-50.0	-103.0	13.0	163.28
56	-35.0	-59.0	-14.0	15.0	-19.0	80.0	-2.0	-63.0	152.29
57	99.0	-48.0	-10.0	16.0	111.0	-128.0	-12.0	35.0	160.77
58	-66.0	23.0	17.0	-37.0	-83.0	87.0	124.0	-42.0	139.56
59	-22.0	-53.0	10.0	-90.0	26.0	61.0	-107.0	69.0	158.27
60	-32.0	-2.0	-13.0	-40.0	20.0	-109.0	-99.0	-110.0	147.17
61	-15.0	1.0	75.0	13.0	-30.0	-88.0	-28.0	-11.0	147.13
62	-68.0	16.0	-39.0	33.0	52.0	-71.0	124.0	-114.0	137.11
63	60.0	-25.0	28.0	4.0	-30.0	-19.0	-53.0	27.0	135.06
64	-72.0	86.0	-16.0	12.0	-98.0	114.0	-23.0	28.0	131.86
65	-39.0	-18.0	-7.0	5.0	21.0	-127.0	22.0	72.0	122.41
66	-4.0	-33.0	-35.0	-25.0	-34.0	78.0	-103.0	-40.0	128.73
67	49.0	14.0	-20.0	-91.0	44.0	92.0	123.0	-13.0	137.11
68	39.0	3.0	36.0	-79.0	18.0	-80.0	104.0	-63.0	139.97
69	21.0	-27.0	22.0	28.0	127.0	125.0	-47.0	62.0	128.73
70	15.0	14.0	-25.0	0.0	-90.0	-18.0	-2.0	-10.0	137.61
71	-110.0	78.0	-14.0	9.0	108.0	5.0	-50.0	-10.0	133.91
72	-4.0	-4.0	14.0	-17.0	59.0	-54.0	-2.0	-42.0	121.38
73	46.0	-26.0	38.0	-40.0	24.0	59.0	16.0	-38.0	117.26
74	-4.0	28.0	41.0	2.0	72.0	-128.0	-128.0	-76.0	100.56
75	-55.0	8.0	-38.0	27.0	-31.0	-91.0	15.0	-110.0	98.65
76	-18.0	-40.0	-23.0	-51.0	-28.0	-56.0	14.0	108.0	99.84
77	-108.0	-32.0	63.0	-25.0	127.0	-49.0	-88.0	27.0	104.16
78	77.0	126.0	-47.0	33.0	40.0	126.0	27.0	-61.0	100.15
79	33.0	1.0	25.0	76.0	-44.0	113.0	13.0	-98.0	109.78
80	-8.0	21.0	14.0	-48.0	-26.0	79.0	-15.0	-33.0	121.38
81	-78.0	31.0	-9.0	83.0	-15.0	13.0	26.0	13.0	121.02
82	-22.0	3.0	-20.0	-1.0	19.0	-52.0	83.0	15.0	117.26
83	-7.0	93.0	-10.0	55.0	74.0	116.0	-78.0	-45.0	98.44
84	26.0	-24.0	20.0	-4.0	34.0	-117.0	106.0	62.0	111.69
85	-7.0	-2.0	-25.0	34.0	50.0	-128.0	-128.0	42.0	99.76
86	62.0	4.0	31.0	-70.0	127.0	16.0	-12.0	-81.0	99.76
