0	46.0	5.0	-53.0	-21.0	-46.0	-40.0	12.0	-118.0	128.43
1	8.0	-22.0	-97.0	96.0	72.0	-48.0	23.0	23.0	131.55
2	-17.0	5.0	-4.0	97.0	46.0	-13.0	32.0	48.0	142.27
3	2.0	-26.0	7.0	-10.0	-23.0	77.0	-17.0	51.0	143.97
4	-4.0	-25.0	-2.0	-22.0	-112.0	-88.0	-2.0	-63.0	147.39
5	-57.0	-13.0	41.0	-32.0	28.0	-115.0	22.0	1.0	154.79
6	34.0	10.0	-54.0	-39.0	23.0	-35.0	-64.0	15.0	145.14
7	-19.0	32.0	-6.0	82.0	-61.0	8.0	28.0	-35.0	135.45
8	-1.0	-38.0	32.0	24.0	-91.0	33.0	-13.0	9.0	136.72
9	-36.0	1.0	37.0	-11.0	45.0	1.0	-27.0	50.0	138.55
10	-77.0	1.0	47.0	5.0	-42.0	58.0	75.0	0.0	145.14
11	-14.0	-5.0	16.0	-2.0	-30.0	-62.0	18.0	21.0	148.56
12	56.0	-10.0	-54.0	-30.0	-59.0	14.0	55.0	10.0	150.65
13	-66.0	-13.0	15.0	-38.0	91.0	22.0	-96.0	-121.0	151.16
14	41.0	-14.0	-16.0	-47.0	84.0	-128.0	39.0	-5.0	157.9
15	-47.0	19.0	1.0	34.0	-67.0	106.0	50.0	90.0	150.65
16	-50.0	-65.0	5.0	18.0	-47.0	127.0	-9.0	0.0	148.56
17	-77.0	-1.0	6.0	-30.0	49.0	41.0	58.0	48.0	143.97
18	-6.0	25.0	-90.0	9.0	21.0	91.0	-103.0	-6.0	155.38
19	-42.0	52.0	-8.0	-21.0	68.0	60.0	12.0	73.0	160.92
20	51.0	19.0	123.0	-35.0	75.0	-128.0	2.0	-48.0	164.13
21	36.0	2.0	-23.0	-45.0	-71.0	-126.0	31.0	-65.0	167.19
22	-57.0	-41.0	-77.0	38.0	38.0	72.0	-11.0	57.0	168.62
23	35.0	8.0	-59.0	-66.0	106.0	-98.0	20.0	11.0	163.55
24	-57.0	21.0	39.0	-26.0	41.0	38.0	-65.0	26.0	163.98
25	-92.0	8.0	-1.0	90.0	-36.0	103.0	-1.0	-90.0	170.48
26	35.0	-46.0	16.0	74.0	-36.0	89.0	-24.0	10.0	171.17
27	34.0	-8.0	-7.0	-63.0	-36.0	44.0	19.0	26.0	172.64
28	25.0	22.0	-9.0	-9.0	96.0	-7.0	69.0	14.0	173.53
29	18.0	-8.0	-35.0	-35.0	-128.0	-9.0	27.0	34.0	173.21
30	-3.0	26.0	-50.0	-2.0	60.0	-3.0	7.0	-18.0	173.79
31	-93.0	4.0	53.0	25.0	-116.0	-26.0	36.0	-62.0	173.6
32	23.0	-27.0	-54.0	75.0	-4.0	42.0	-128.0	22.0	173.37
33	-8.0	37.0	-15.0	37.0	-34.0	99.0	127.0	-42.0	173.79
34	-67.0	25.0	52.0	-60.0	127.0	89.0	30.0	84.0	171.17
35	44.0	-18.0	17.0	12.0	-6.0	-82.0	-101.0	108.0	173.52
36	16.0	19.0	43.0	-46.0	-128.0	-9.0	104.0	37.0	173.37
37	-80.0	8.0	11.0	-1.0	11.0	-3.0	14.0	-74.0	172.12
38	49.0	-33.0	-83.0	-28.0	57.0	58.0	8.0	-76.0	172.12
39	-63.0	13.0	-49.0	-22.0	-37.0	-128.0	8.0	-51.0	170.13
40	2.0	20.0	75.0	40.0	-66.0	-80.0	82.0	-66.0	169.06
41	-8.0	-32.0	19.0	65.0	24.0	67.0	-46.0	93.0	168.47
42	-50.0	14.0	4.0	-68.0	83.0	73.0	-67.0	9.0	165.98
43	51.0	19.0	-21.0	77.0	-128.0	-58.0	-98.0	10.0	167.19
44	9.0	11.0	39.0	-21.0	-25.0	63.0	-12.0	-86.0	163.52
45	7.0	-2.0	-18.0	-47.0	-128.0	42.0	-9.0	9.0	166.93
46	-112.0	-40.0	-78.0	-3.0	-128.0	-12.0	120.0	-33.0	169.29
47	110.0	6.0	-14.0	23.0	-49.0	-65.0	8.0	27.0	170.29
48	6.0	3.0	9.0	12.0	-29.0	69.0	-83.0	33.0	163.55
49	-11.0	-44.0	18.0	-47.0	51.0	0.0	57.0	-22.0	168.47
50	3.0	45.0	24.0	-71.0	6.0	-46.0	47.0	62.0	166.93
51	-4.0	28.0	-4.0	0.0	10.0	-80.0	-80.0	1.0	157.9
52	31.0	-16.0	-28.0	18.0	-67.0	28.0	-15.0	-121.0	160.79
53	-17.0	5.0	-6.0	58.0	-7.0	14.0	9.0	-85.0	154.79
54	-49.0	-5.0	87.0	-29.0	75.0	-128.0	8.0	41.0	138.55
55	-11.0	-10.0	11.0	52.0	80.0	31.0	-71.0	-110.0	147.03
56	-27.0	21.0	46.0	-15.0	70.0	-45.0	-34.0	-44.0	163.52
57	6.0	53.0	4.0	-76.0	78.0	54.0	-17.0	28.0	140.04
58	58.0	-38.0	-19.0	49.0	19.0	69.0	3.0	-29.0	133.32
59	-9.0	-31.0	44.0	31.0	31.0	104.0	-7.0	0.0	128.43
60	16.0	41.0	20.0	90.0	16.0	-88.0	64.0	-103.0	125.07
61	-8.0	-53.0	25.0	46.0	69.0	-12.0	-73.0	-22.0	129.61
62	8.0	-8.0	13.0	-63.0	2.0	28.0	-34.0	9.0	131.55
63	-40.0	-38.0	-86.0	13.0	5.0	-14.0	8.0	-63.0	101.48
64	58.0	8.0	-33.0	63.0	-36.0	-7.0	103.0	-50.0	97.29
65	17.0	25.0	84.0	-111.0	-111.0	127.0	83.0	8.0	120.48
66	-7.0	-12.0	77.0	84.0	-126.0	26.0	72.0	-10.0	96.28
67	0.0	-54.0	-42.0	-27.0	-34.0	-61.0	-92.0	-16.0	92.24
68	0.0	26.0	-27.0	66.0	7.0	-45.0	-53.0	98.0	92.29
69	-84.0	-6.0	12.0	-19.0	50.0	13.0	36.0	-65.0	90.54
70	0.0	-18.0	1.0	-26.0	74.0	97.0	38.0	7.0	95.21
71	33.0	7.0	-4.0	-12.0	-43.0	93.0	8.0	102.0	94.02
72	26.0	7.0	-42.0	-26.0	72.0	2.0	-84.0	46.0	92.69
73	10.0	20.0	6.0	62.0	-23.0	62.0	52.0	18.0	92.69
74	44.0	12.0	54.0	-24.0	-105.0	-8.0	-98.0	127.0	126.63
75	-49.0	36.0	-42.0	-1.0	127.0	95.0	-102.0	25.0	120.48
76	-9.0	-32.0	-17.0	32.0	-6.0	88.0	-32.0	-113.0	122.99
77	47.0	18.0	-14.0	-9.0	-65.0	127.0	30.0	18.0	94.47
78	24.0	16.0	3.0	-111.0	86.0	77.0	38.0	-48.0	125.07
79	0.0	23.0	-24.0	-12.0	-51.0	-41.0	4.0	30.0	101.4
80	50.0	1.0	14.0	-9.0	-85.0	126.0	-16.0	-80.0	101.48
81	4.0	-3.0	18.0	106.0	-111.0	-125.0	7.0	-69.0	96.28
82	-49.0	6.0	57.0	-13.0	51.0	1.0	-120.0	28.0	126.8
83	-105.0	-40.0	-1.0	-34.0	96.0	-107.0	47.0	-54.0	130.42
