0	-80.0	-6.0	-29.0	-14.0	40.0	-79.0	84.0	15.0	132.34
1	-3.0	-27.0	-62.0	17.0	23.0	67.0	-29.0	-87.0	132.99
2	-15.0	-11.0	4.0	44.0	-60.0	-128.0	-90.0	23.0	132.24
3	50.0	24.0	65.0	0.0	111.0	-11.0	-65.0	-93.0	128.62
4	42.0	-4.0	7.0	46.0	-128.0	69.0	79.0	59.0	116.09
5	-61.0	0.0	-5.0	-26.0	67.0	61.0	2.0	34.0	111.51
6	31.0	24.0	126.0	29.0	24.0	127.0	-45.0	14.0	111.51
7	56.0	-13.0	-17.0	23.0	127.0	120.0	-91.0	101.0	120.93
8	-13.0	7.0	-51.0	-75.0	76.0	-3.0	26.0	-91.0	109.23
9	56.0	-20.0	-80.0	-41.0	-21.0	26.0	13.0	-51.0	102.61
10	25.0	10.0	-4.0	83.0	-119.0	90.0	84.0	2.0	102.61
11	8.0	-1.0	-1.0	8.0	-39.0	-73.0	20.0	39.0	104.82
12	-4.0	-16.0	28.0	23.0	-17.0	5.0	-111.0	-89.0	101.37
13	-29.0	11.0	-9.0	-48.0	-112.0	-51.0	68.0	67.0	100.68
14	6.0	-6.0	3.0	-55.0	97.0	107.0	-99.0	6.0	100.54
15	-2.0	0.0	35.0	31.0	-100.0	-3.0	15.0	48.0	100.54
16	-47.0	99.0	28.0	4.0	105.0	127.0	-8.0	62.0	100.67
17	47.0	-8.0	-2.0	15.0	24.0	-108.0	52.0	-58.0	101.37
18	-50.0	-55.0	-10.0	49.0	-128.0	-122.0	10.0	8.0	104.82
19	-9.0	-50.0	-45.0	-20.0	33.0	-104.0	-65.0	-18.0	102.69
20	53.0	110.0	-18.0	-58.0	-26.0	8.0	-14.0	-116.0	107.53
21	36.0	-24.0	36.0	-62.0	-48.0	127.0	-31.0	-113.0	116.34
22	40.0	-28.0	-10.0	-39.0	48.0	57.0	93.0	-16.0	125.24
23	-19.0	40.0	-21.0	18.0	31.0	81.0	52.0	-119.0	126.19
24	50.0	-3.0	7.0	25.0	-20.0	3.0	-59.0	-46.0	124.03
25	-19.0	-36.0	56.0	-28.0	110.0	40.0	34.0	6.0	116.09
26	29.0	17.0	11.0	27.0	16.0	-97.0	-128.0	-62.0	126.91
27	29.0	24.0	20.0	17.0	119.0	-87.0	39.0	127.0	126.91
28	-43.0	-12.0	27.0	59.0	17.0	-83.0	94.0	127.0	124.03
29	-47.0	36.0	-31.0	32.0	73.0	127.0	23.0	30.0	129.07
30	13.0	-1.0	-24.0	-50.0	-50.0	54.0	6.0	8.0	130.49
31	-19.0	-2.0	-106.0	-2.0	24.0	-86.0	10.0	64.0	129.07
32	-64.0	16.0	127.0	0.0	-108.0	-89.0	106.0	54.0	130.49
33	36.0	26.0	4.0	36.0	3.0	-70.0	45.0	-128.0	132.24
34	57.0	21.0	4.0	-25.0	-123.0	127.0	-41.0	-6.0	135.02
35	110.0	17.0	6.0	-5.0	-117.0	1.0	-43.0	-81.0	135.02
36	-55.0	-6.0	-42.0	19.0	19.0	59.0	-80.0	-93.0	137.83
37	-59.0	10.0	-64.0	-1.0	105.0	-118.0	54.0	-48.0	154.42
38	39.0	-4.0	82.0	67.0	127.0	127.0	49.0	78.0	150.0
39	-43.0	-51.0	2.0	2.0	-5.0	120.0	59.0	-73.0	159.69
40	43.0	-1.0	-40.0	22.0	2.0	116.0	-40.0	-30.0	156.09
41	-27.0	-53.0	7.0	-12.0	-21.0	-25.0	96.0	-16.0	156.85
42	29.0	29.0	66.0	98.0	41.0	55.0	39.0	37.0	156.09
43	-59.0	-2.0	-29.0	-31.0	-48.0	26.0	-96.0	39.0	151.09
44	6.0	10.0	-20.0	5.0	-33.0	71.0	-61.0	111.0	162.14
45	-75.0	45.0	49.0	-55.0	-36.0	22.0	32.0	64.0	162.14
46	-19.0	-9.0	-16.0	63.0	31.0	62.0	101.0	-87.0	162.43
47	-50.0	-7.0	-110.0	-15.0	12.0	87.0	4.0	-51.0	164.31
48	-26.0	33.0	8.0	19.0	30.0	8.0	33.0	-70.0	164.31
49	-4.0	8.0	54.0	51.0	-64.0	20.0	-102.0	123.0	168.67
50	-42.0	-24.0	-96.0	0.0	-103.0	9.0	115.0	56.0	168.41
51	-55.0	-17.0	7.0	-2.0	-14.0	5.0	-55.0	-2.0	172.73
52	11.0	-24.0	-40.0	-104.0	-68.0	-74.0	-59.0	-24.0	171.94
53	49.0	-20.0	-7.0	-23.0	127.0	-2.0	-76.0	19.0	173.7
54	2.0	-24.0	14.0	14.0	106.0	-3.0	72.0	89.0	171.06
55	40.0	-19.0	48.0	-6.0	55.0	72.0	37.0	22.0	172.22
56	21.0	19.0	-44.0	63.0	71.0	-22.0	10.0	-70.0	169.72
57	24.0	-30.0	53.0	16.0	-20.0	107.0	10.0	-51.0	173.12
58	-46.0	0.0	0.0	-5.0	42.0	-25.0	-54.0	-8.0	173.26
59	44.0	4.0	-11.0	-42.0	-34.0	-93.0	48.0	-91.0	173.7
60	-45.0	9.0	31.0	66.0	3.0	127.0	5.0	64.0	170.28
61	40.0	-1.0	-20.0	-62.0	-42.0	-113.0	-9.0	6.0	169.55
62	-49.0	4.0	39.0	-8.0	-90.0	34.0	-4.0	-14.0	170.28
63	-75.0	-2.0	-54.0	103.0	-72.0	-52.0	55.0	80.0	172.73
64	30.0	16.0	39.0	13.0	-12.0	36.0	11.0	-15.0	173.34
65	-45.0	11.0	-6.0	3.0	42.0	-52.0	-3.0	-17.0	168.67
66	25.0	10.0	-11.0	19.0	-63.0	-61.0	-25.0	11.0	173.12
67	2.0	5.0	-61.0	-91.0	80.0	4.0	4.0	-19.0	169.55
68	67.0	-12.0	20.0	-7.0	70.0	-18.0	-68.0	-57.0	167.56
69	8.0	-17.0	10.0	124.0	-69.0	127.0	26.0	55.0	166.45
70	-66.0	2.0	-11.0	-82.0	-20.0	-89.0	-91.0	-14.0	164.59
71	-70.0	14.0	-13.0	-31.0	127.0	68.0	-38.0	-116.0	162.43
72	37.0	5.0	2.0	-69.0	-22.0	-128.0	73.0	55.0	151.08
73	89.0	16.0	46.0	-9.0	-88.0	-35.0	73.0	-59.0	140.66
74	11.0	14.0	39.0	-15.0	47.0	48.0	127.0	-65.0	150.0
75	32.0	-6.0	39.0	4.0	73.0	106.0	44.0	103.0	147.25
76	10.0	-36.0	40.0	8.0	113.0	13.0	-18.0	-128.0	154.42
77	37.0	21.0	-8.0	-41.0	46.0	127.0	-23.0	-41.0	144.24
78	61.0	0.0	7.0	103.0	9.0	59.0	-124.0	27.0	140.66
79	6.0	-2.0	16.0	62.0	82.0	100.0	42.0	100.0	143.11
80	-37.0	-16.0	-39.0	-25.0	-69.0	49.0	127.0	-21.0	140.62
81	-6.0	-12.0	-30.0	20.0	80.0	-31.0	-14.0	52.0	143.11
82	-26.0	15.0	31.0	4.0	2.0	127.0	62.0	16.0	137.31
83	-12.0	32.0	30.0	-14.0	-15.0	-73.0	-10.0	-42.0	144.24
84	-14.0	20.0	-100.0	19.0	75.0	-16.0	-87.0	57.0	147.76
85	-14.0	-53.0	-42.0	-127.0	5.0	127.0	120.0	-32.0	145.41
86	-6.0	2.0	-9.0	39.0	6.0	-61.0	120.0	9.0	133.87
