0	8.0	2.0	-7.0	94.0	114.0	-67.0	-55.0	92.0	130.47
1	55.0	-44.0	-13.0	-19.0	92.0	-63.0	-28.0	61.0	125.46
2	71.0	-5.0	-29.0	-27.0	32.0	127.0	22.0	20.0	122.7
3	-13.0	-6.0	-28.0	44.0	90.0	-101.0	27.0	40.0	117.73
4	-50.0	18.0	9.0	-7.0	123.0	127.0	127.0	-85.0	117.32
5	5.0	-63.0	-53.0	0.0	-116.0	-128.0	-19.0	29.0	115.0
6	-16.0	85.0	-6.0	-128.0	90.0	121.0	44.0	-56.0	109.86
7	-37.0	-84.0	61.0	36.0	-82.0	-119.0	-86.0	-119.0	111.86
8	36.0	32.0	-30.0	9.0	-33.0	122.0	29.0	76.0	114.16
9	1.0	-54.0	-53.0	66.0	127.0	30.0	-53.0	-45.0	107.93
10	-53.0	20.0	-14.0	7.0	107.0	127.0	97.0	-128.0	107.65
11	48.0	30.0	-24.0	-28.0	-48.0	-1.0	5.0	-24.0	113.23
12	80.0	1.0	34.0	75.0	127.0	67.0	64.0	-29.0	107.93
13	-44.0	-27.0	1.0	39.0	-87.0	127.0	17.0	79.0	104.88
14	-30.0	-23.0	-24.0	6.0	-49.0	59.0	-128.0	10.0	103.6
15	-63.0	3.0	-1.0	-15.0	-59.0	127.0	-16.0	1.0	104.88
16	121.0	-4.0	17.0	22.0	-51.0	-97.0	-36.0	51.0	103.76
17	127.0	18.0	-2.0	47.0	12.0	-128.0	-3.0	-98.0	103.6
18	62.0	-29.0	32.0	-12.0	69.0	-29.0	75.0	4.0	103.21
19	-33.0	5.0	-21.0	31.0	64.0	127.0	-13.0	-47.0	102.79
20	10.0	47.0	-16.0	86.0	127.0	98.0	54.0	70.0	103.21
21	50.0	-6.0	-14.0	-51.0	-128.0	123.0	15.0	-26.0	106.27
22	121.0	-5.0	68.0	-37.0	-114.0	-125.0	96.0	-106.0	114.16
23	-60.0	-31.0	15.0	-18.0	104.0	-45.0	0.0	-44.0	116.44
24	-118.0	83.0	-29.0	2.0	127.0	101.0	71.0	9.0	122.7
25	-67.0	51.0	-44.0	35.0	-128.0	15.0	-53.0	32.0	136.81
26	81.0	-73.0	-7.0	30.0	-104.0	108.0	-63.0	61.0	137.41
27	-33.0	12.0	85.0	-52.0	-24.0	-128.0	84.0	-128.0	140.95
28	-24.0	-45.0	-3.0	-7.0	55.0	-90.0	-33.0	116.0	145.82
29	-20.0	-102.0	13.0	88.0	80.0	-104.0	-52.0	-102.0	145.82
30	-93.0	22.0	-5.0	28.0	100.0	-112.0	-105.0	32.0	151.02
31	-110.0	45.0	1.0	88.0	-75.0	41.0	-62.0	-15.0	150.28
32	-25.0	7.0	-24.0	51.0	-64.0	127.0	127.0	-33.0	153.67
33	-60.0	37.0	37.0	-101.0	106.0	-51.0	85.0	44.0	157.2
34	30.0	-54.0	61.0	-13.0	-96.0	-26.0	88.0	-85.0	148.6
35	-13.0	-11.0	-2.0	-38.0	26.0	127.0	51.0	65.0	157.2
36	-21.0	-52.0	-11.0	-35.0	-7.0	-85.0	25.0	-128.0	153.67
37	36.0	20.0	1.0	1.0	67.0	-128.0	63.0	58.0	146.81
38	20.0	-22.0	37.0	-19.0	-13.0	-26.0	-108.0	48.0	159.78
39	27.0	-15.0	17.0	-21.0	8.0	-53.0	-118.0	-93.0	155.34
40	-42.0	-28.0	94.0	-45.0	112.0	127.0	-13.0	-87.0	154.7
41	-102.0	-4.0	-122.0	127.0	19.0	-22.0	28.0	-54.0	169.93
42	56.0	-4.0	-16.0	110.0	101.0	-82.0	-35.0	-27.0	163.1
43	39.0	-78.0	1.0	-37.0	32.0	105.0	-42.0	34.0	170.14
44	13.0	34.0	100.0	-22.0	-19.0	125.0	-3.0	41.0	157.42
45	79.0	67.0	98.0	-21.0	-33.0	-18.0	-112.0	-20.0	168.38
46	-101.0	90.0	-17.0	76.0	86.0	126.0	17.0	-5.0	170.38
47	-128.0	-78.0	111.0	30.0	-57.0	-107.0	97.0	127.0	171.42
48	65.0	-4.0	-67.0	39.0	-9.0	89.0	-47.0	10.0	171.39
49	-29.0	-80.0	31.0	-81.0	-40.0	-117.0	-2.0	32.0	171.26
50	39.0	-6.0	-45.0	-30.0	-14.0	108.0	-48.0	-31.0	170.39
51	6.0	78.0	36.0	-53.0	-127.0	127.0	27.0	112.0	171.31
52	-25.0	-5.0	-7.0	63.0	4.0	54.0	20.0	-88.0	170.92
53	25.0	-36.0	7.0	-43.0	22.0	-11.0	51.0	64.0	171.31
54	-21.0	-1.0	-107.0	-128.0	26.0	-17.0	-75.0	73.0	171.68
55	56.0	37.0	-5.0	7.0	127.0	121.0	103.0	35.0	171.68
56	51.0	48.0	33.0	-44.0	-116.0	-31.0	-61.0	-76.0	171.42
57	50.0	-54.0	7.0	1.0	9.0	-81.0	11.0	105.0	170.39
58	-67.0	-98.0	-13.0	-33.0	-73.0	127.0	50.0	-25.0	170.28
59	32.0	40.0	-27.0	-72.0	-43.0	-128.0	0.0	-61.0	170.14
60	23.0	-18.0	-13.0	-20.0	-67.0	108.0	14.0	-7.0	159.78
61	-26.0	77.0	-7.0	-74.0	65.0	72.0	-14.0	38.0	168.03
62	-25.0	-27.0	52.0	-38.0	3.0	-5.0	71.0	97.0	162.15
63	51.0	19.0	-37.0	-74.0	22.0	-117.0	-4.0	113.0	158.21
64	-71.0	40.0	-6.0	10.0	-99.0	86.0	93.0	107.0	168.03
65	59.0	-26.0	20.0	-16.0	29.0	-128.0	-37.0	15.0	164.5
66	23.0	15.0	23.0	-36.0	-31.0	9.0	-92.0	105.0	162.15
67	42.0	-71.0	-11.0	-32.0	-107.0	-42.0	-109.0	-58.0	165.8
68	-43.0	46.0	-25.0	103.0	127.0	28.0	-1.0	-48.0	168.38
69	-29.0	44.0	-10.0	-55.0	109.0	-128.0	-8.0	-19.0	151.02
70	49.0	47.0	24.0	-22.0	-11.0	106.0	33.0	-19.0	169.66
71	17.0	-9.0	16.0	-23.0	7.0	113.0	-55.0	29.0	146.81
72	-79.0	-34.0	-2.0	31.0	-93.0	-62.0	17.0	67.0	143.68
73	-8.0	33.0	28.0	-82.0	-84.0	-77.0	97.0	15.0	143.68
74	64.0	30.0	-20.0	11.0	55.0	-47.0	52.0	-12.0	145.22
75	54.0	11.0	-20.0	18.0	-46.0	-42.0	91.0	12.0	129.43
76	-124.0	0.0	-12.0	-15.0	-20.0	-11.0	-49.0	-8.0	115.0
77	29.0	-19.0	-20.0	-36.0	64.0	127.0	-2.0	29.0	132.78
78	22.0	10.0	-6.0	-52.0	76.0	100.0	-33.0	-34.0	130.93
79	54.0	-75.0	47.0	-35.0	116.0	-65.0	127.0	-5.0	117.73
80	55.0	-48.0	-24.0	-15.0	64.0	-91.0	-5.0	-128.0	136.81
81	15.0	9.0	98.0	100.0	5.0	-17.0	-128.0	-110.0	141.8
82	-17.0	44.0	-4.0	-15.0	99.0	35.0	19.0	17.0	122.97
83	-62.0	-55.0	5.0	61.0	-21.0	15.0	39.0	-96.0	122.97
84	-23.0	-115.0	-3.0	-16.0	127.0	96.0	25.0	81.0	132.78
85	-60.0	-42.0	-30.0	30.0	109.0	127.0	20.0	-88.0	126.81
86	-5.0	36.0	29.0	35.0	109.0	88.0	-124.0	-96.0	119.41
