0	10.0	5.0	-53.0	-17.0	72.0	-19.0	101.0	-59.0	151.11
1	2.0	-14.0	1.0	-37.0	35.0	19.0	40.0	-15.0	157.4
2	-15.0	38.0	55.0	-35.0	70.0	127.0	12.0	-8.0	155.45
3	3.0	-2.0	29.0	16.0	-118.0	-27.0	-5.0	-5.0	153.52
4	-3.0	7.0	-34.0	-3.0	-110.0	-67.0	23.0	-9.0	159.83
5	48.0	9.0	-14.0	-51.0	-10.0	-63.0	-4.0	43.0	161.22
6	-42.0	28.0	-30.0	7.0	-78.0	55.0	-21.0	-85.0	155.45
7	93.0	-40.0	-1.0	-47.0	25.0	127.0	-13.0	-3.0	153.42
8	-37.0	-9.0	5.0	39.0	30.0	-123.0	35.0	-41.0	152.52
9	-75.0	-49.0	7.0	-42.0	-28.0	-77.0	-82.0	64.0	158.28
10	-4.0	-27.0	-113.0	21.0	-38.0	-123.0	16.0	-33.0	162.13
11	57.0	-11.0	49.0	10.0	96.0	3.0	-57.0	24.0	166.62
12	15.0	-26.0	5.0	-1.0	113.0	87.0	-74.0	19.0	164.28
13	-10.0	-11.0	-13.0	93.0	28.0	103.0	63.0	101.0	164.28
14	-6.0	31.0	33.0	-53.0	-53.0	74.0	-32.0	17.0	165.61
15	-7.0	3.0	-32.0	-44.0	-40.0	-123.0	-76.0	-104.0	167.97
16	-18.0	-12.0	-48.0	18.0	-35.0	49.0	15.0	20.0	168.19
17	69.0	-23.0	15.0	-15.0	-37.0	-42.0	-12.0	73.0	168.02
18	-21.0	-13.0	-8.0	31.0	127.0	13.0	20.0	-71.0	167.77
19	-55.0	27.0	11.0	-127.0	-23.0	-54.0	80.0	-33.0	167.7
20	-6.0	-10.0	-13.0	-111.0	-7.0	-100.0	-90.0	72.0	168.19
21	26.0	55.0	-60.0	37.0	-120.0	127.0	4.0	-54.0	167.04
22	29.0	-5.0	69.0	66.0	39.0	-98.0	25.0	-53.0	167.04
23	19.0	-14.0	-40.0	-4.0	-7.0	67.0	-91.0	64.0	166.62
24	-11.0	4.0	7.0	50.0	15.0	-3.0	110.0	-17.0	164.46
25	-10.0	-5.0	-28.0	-36.0	-11.0	12.0	54.0	38.0	159.83
26	2.0	3.0	-12.0	3.0	113.0	89.0	-45.0	49.0	155.3
27	-14.0	-12.0	101.0	53.0	74.0	127.0	9.0	12.0	150.91
28	-74.0	-27.0	20.0	-90.0	16.0	-61.0	61.0	-1.0	161.22
29	-111.0	-10.0	-31.0	23.0	-20.0	-54.0	-16.0	-15.0	151.11
30	-59.0	9.0	-23.0	-10.0	112.0	127.0	32.0	-22.0	143.73
31	24.0	46.0	-1.0	-35.0	-67.0	22.0	-63.0	43.0	139.42
32	68.0	49.0	-34.0	-32.0	-24.0	-29.0	59.0	-76.0	133.03
33	35.0	-34.0	60.0	-51.0	-96.0	-8.0	-92.0	-1.0	131.69
34	-11.0	-7.0	-50.0	-94.0	5.0	1.0	-60.0	-22.0	129.68
35	22.0	24.0	61.0	42.0	13.0	55.0	77.0	57.0	121.6
36	20.0	27.0	101.0	-33.0	-20.0	-29.0	-49.0	33.0	127.47
37	-42.0	11.0	19.0	53.0	-66.0	76.0	88.0	-47.0	129.68
38	29.0	-21.0	14.0	-99.0	-38.0	-89.0	44.0	84.0	126.98
39	-3.0	12.0	2.0	-28.0	63.0	-57.0	109.0	-1.0	135.57
40	5.0	48.0	-34.0	-43.0	-8.0	90.0	6.0	-93.0	133.03
41	15.0	-22.0	6.0	18.0	63.0	82.0	21.0	54.0	125.13
42	-24.0	33.0	-67.0	7.0	-106.0	-25.0	78.0	73.0	104.85
43	79.0	-2.0	37.0	10.0	-128.0	-13.0	-73.0	113.0	115.36
44	21.0	-21.0	0.0	43.0	-89.0	-29.0	-30.0	-54.0	134.44
45	63.0	33.0	52.0	53.0	63.0	127.0	-12.0	-117.0	136.22
46	-51.0	-2.0	67.0	-62.0	56.0	110.0	4.0	-112.0	131.45
47	-14.0	16.0	14.0	45.0	-15.0	-80.0	-91.0	-40.0	118.82
48	-83.0	-34.0	73.0	-50.0	10.0	-78.0	-8.0	48.0	99.55
49	17.0	12.0	-37.0	-13.0	56.0	-45.0	91.0	-32.0	97.73
50	66.0	3.0	82.0	-21.0	49.0	-23.0	-28.0	-74.0	115.36
51	-20.0	10.0	13.0	-32.0	89.0	55.0	36.0	-14.0	99.79
52	51.0	5.0	17.0	76.0	-111.0	124.0	87.0	35.0	98.14
53	-51.0	-4.0	-77.0	3.0	-19.0	9.0	-72.0	19.0	98.16
54	97.0	-21.0	-36.0	-30.0	15.0	127.0	-90.0	33.0	98.61
55	18.0	2.0	-60.0	53.0	74.0	-128.0	-43.0	24.0	115.67
56	28.0	42.0	-25.0	-30.0	70.0	-58.0	-57.0	-10.0	97.73
57	26.0	-15.0	29.0	-115.0	-14.0	59.0	-40.0	-36.0	97.82
58	24.0	10.0	-6.0	-5.0	125.0	-77.0	-21.0	127.0	99.41
59	-11.0	-27.0	78.0	-41.0	15.0	-90.0	-13.0	-7.0	122.61
60	17.0	-13.0	-47.0	2.0	55.0	127.0	55.0	-22.0	115.67
61	4.0	-4.0	5.0	52.0	-80.0	-85.0	-80.0	-46.0	97.22
62	3.0	-10.0	-37.0	-22.0	7.0	90.0	-76.0	25.0	94.02
63	19.0	6.0	-59.0	7.0	48.0	-21.0	9.0	4.0	101.54
64	-44.0	0.0	4.0	-15.0	19.0	98.0	68.0	-87.0	99.79
65	-33.0	-1.0	25.0	-46.0	127.0	-57.0	-61.0	-6.0	111.48
66	-1.0	8.0	-8.0	2.0	-80.0	-26.0	73.0	-41.0	125.13
67	-8.0	-5.0	23.0	-19.0	13.0	-53.0	77.0	44.0	101.54
68	7.0	-6.0	-9.0	-15.0	31.0	-120.0	33.0	-118.0	108.13
69	-25.0	-14.0	0.0	47.0	23.0	101.0	-97.0	63.0	98.14
70	-20.0	4.0	52.0	-32.0	-41.0	97.0	-73.0	-30.0	108.13
71	68.0	18.0	23.0	47.0	-1.0	127.0	-48.0	-41.0	126.98
72	-40.0	-41.0	87.0	-20.0	-38.0	59.0	-17.0	-14.0	135.57
73	-9.0	-6.0	28.0	50.0	49.0	-19.0	-57.0	29.0	136.22
74	-16.0	-11.0	6.0	46.0	-21.0	91.0	-78.0	-1.0	138.02
75	-23.0	24.0	-41.0	40.0	4.0	-29.0	-26.0	7.0	137.55
76	16.0	0.0	-32.0	53.0	-13.0	-16.0	35.0	14.0	145.28
77	0.0	51.0	13.0	20.0	-124.0	-42.0	78.0	-6.0	140.21
78	51.0	15.0	-18.0	-40.0	8.0	-85.0	99.0	16.0	142.15
79	36.0	10.0	-22.0	-15.0	-52.0	0.0	59.0	24.0	138.02
80	-14.0	-21.0	-59.0	-42.0	44.0	47.0	-48.0	12.0	145.28
81	-33.0	-33.0	-8.0	-52.0	-3.0	2.0	20.0	5.0	143.73
82	-6.0	55.0	52.0	69.0	-95.0	107.0	-5.0	-12.0	147.7
83	50.0	0.0	80.0	-110.0	-15.0	98.0	-4.0	-34.0	147.06
84	5.0	9.0	-17.0	9.0	12.0	-77.0	2.0	55.0	150.91
