0	-40.0	-24.0	-18.0	-33.0	120.0	38.0	-45.0	2.0	146.51
1	22.0	11.0	-48.0	-39.0	-63.0	-67.0	-21.0	29.0	141.67
2	29.0	-4.0	6.0	-25.0	-62.0	43.0	-8.0	81.0	134.17
3	7.0	-11.0	75.0	55.0	62.0	125.0	15.0	-4.0	129.79
4	17.0	15.0	-6.0	-4.0	127.0	-6.0	-25.0	66.0	127.31
5	-10.0	25.0	-9.0	-10.0	39.0	-80.0	-50.0	44.0	123.71
6	3.0	27.0	-42.0	84.0	127.0	127.0	-97.0	-67.0	122.08
7	30.0	16.0	-56.0	-66.0	-85.0	-111.0	40.0	-79.0	123.72
8	76.0	-6.0	6.0	-38.0	10.0	87.0	-74.0	105.0	114.91
9	-1.0	17.0	39.0	12.0	-46.0	-95.0	78.0	-60.0	109.57
10	9.0	-3.0	4.0	-16.0	92.0	-92.0	-17.0	1.0	109.57
11	18.0	22.0	-69.0	23.0	44.0	67.0	54.0	14.0	119.28
12	-40.0	4.0	12.0	27.0	-107.0	-55.0	-29.0	23.0	123.68
13	-30.0	-8.0	34.0	-25.0	-79.0	-45.0	-33.0	75.0	119.28
14	42.0	0.0	7.0	-9.0	-128.0	-59.0	-33.0	10.0	123.72
15	19.0	-8.0	33.0	58.0	34.0	98.0	-71.0	17.0	125.02
16	9.0	23.0	15.0	-58.0	47.0	127.0	-6.0	-122.0	126.36
17	-52.0	-7.0	-9.0	29.0	0.0	113.0	47.0	7.0	129.79
18	-8.0	-9.0	-8.0	23.0	127.0	33.0	40.0	89.0	127.31
19	-11.0	2.0	28.0	-80.0	8.0	-128.0	93.0	-7.0	134.17
20	-1.0	-20.0	8.0	-95.0	127.0	-121.0	-39.0	-128.0	134.2
21	18.0	7.0	40.0	11.0	-71.0	56.0	27.0	-55.0	135.69
22	-85.0	4.0	-56.0	40.0	47.0	13.0	-91.0	25.0	136.77
23	-118.0	-6.0	66.0	40.0	109.0	-72.0	-29.0	-41.0	136.97
24	0.0	-34.0	65.0	-42.0	-56.0	115.0	-35.0	5.0	134.2
25	0.0	-4.0	8.0	-10.0	74.0	-123.0	-10.0	8.0	130.32
26	-26.0	-16.0	51.0	-58.0	-126.0	99.0	14.0	127.0	139.67
27	48.0	11.0	-34.0	-58.0	-111.0	-97.0	-14.0	117.0	138.82
28	17.0	35.0	-53.0	-13.0	-111.0	115.0	-3.0	5.0	132.2
29	35.0	-16.0	28.0	6.0	-85.0	-116.0	5.0	-27.0	139.67
30	70.0	-4.0	-63.0	-53.0	-29.0	-90.0	51.0	-19.0	140.93
31	88.0	26.0	-11.0	14.0	77.0	80.0	-51.0	-4.0	144.02
32	8.0	-18.0	-37.0	-39.0	117.0	30.0	72.0	9.0	144.23
33	37.0	16.0	-4.0	12.0	-91.0	75.0	43.0	105.0	141.61
34	-22.0	11.0	21.0	43.0	127.0	127.0	-40.0	-93.0	142.78
35	-8.0	29.0	43.0	25.0	-78.0	77.0	-46.0	-82.0	138.89
36	30.0	39.0	-14.0	-28.0	-78.0	-102.0	106.0	-102.0	138.89
37	36.0	-8.0	-7.0	-4.0	-107.0	7.0	-3.0	-94.0	142.78
38	58.0	28.0	58.0	17.0	68.0	-102.0	51.0	72.0	144.23
39	2.0	16.0	-6.0	-13.0	24.0	-95.0	51.0	-29.0	147.33
40	24.0	6.0	85.0	-16.0	34.0	-56.0	22.0	-16.0	147.33
41	15.0	8.0	7.0	61.0	1.0	-86.0	49.0	-73.0	149.61
42	-58.0	-14.0	44.0	25.0	4.0	57.0	-21.0	105.0	154.0
43	-30.0	-29.0	-15.0	-29.0	71.0	-128.0	-8.0	20.0	154.0
44	-1.0	-1.0	-63.0	79.0	-100.0	110.0	-128.0	58.0	155.64
45	25.0	-6.0	52.0	24.0	-120.0	-83.0	5.0	-78.0	154.69
46	87.0	7.0	-6.0	54.0	-59.0	127.0	67.0	46.0	157.54
47	33.0	13.0	12.0	23.0	120.0	127.0	127.0	51.0	158.88
48	22.0	-32.0	-9.0	30.0	90.0	87.0	17.0	-115.0	158.88
49	-21.0	-1.0	-54.0	-11.0	13.0	102.0	-94.0	8.0	161.03
50	-92.0	11.0	1.0	10.0	72.0	66.0	-31.0	2.0	167.11
51	-7.0	11.0	30.0	53.0	-112.0	101.0	61.0	12.0	167.19
52	-16.0	-6.0	52.0	-90.0	127.0	-69.0	-16.0	46.0	168.91
53	-18.0	-24.0	25.0	-42.0	-92.0	-56.0	40.0	50.0	169.01
54	0.0	-8.0	26.0	16.0	121.0	6.0	-15.0	16.0	169.01
55	-52.0	-13.0	-2.0	-5.0	68.0	-68.0	4.0	-79.0	168.42
56	9.0	2.0	-35.0	24.0	-120.0	89.0	103.0	127.0	168.97
57	52.0	27.0	-13.0	-46.0	1.0	-117.0	127.0	105.0	168.97
58	-4.0	-17.0	23.0	-2.0	-58.0	87.0	127.0	127.0	168.6
59	29.0	12.0	-1.0	-29.0	-108.0	34.0	98.0	-26.0	161.03
60	6.0	-9.0	-10.0	15.0	127.0	127.0	-118.0	102.0	164.84
61	-7.0	14.0	38.0	19.0	0.0	113.0	-37.0	-46.0	161.78
62	-19.0	3.0	-28.0	28.0	-43.0	-128.0	-17.0	-128.0	160.48
63	48.0	-13.0	-9.0	-45.0	-42.0	110.0	-16.0	52.0	161.78
64	-34.0	16.0	-52.0	-3.0	-40.0	113.0	-8.0	-128.0	163.42
65	20.0	6.0	29.0	3.0	60.0	-113.0	-39.0	-2.0	168.05
66	-33.0	-11.0	34.0	-80.0	-28.0	118.0	-29.0	29.0	163.72
67	-89.0	-13.0	-39.0	62.0	88.0	53.0	21.0	-73.0	165.85
68	97.0	4.0	0.0	-48.0	-56.0	-115.0	47.0	72.0	165.85
69	-22.0	-35.0	-46.0	-8.0	-128.0	17.0	-10.0	-115.0	167.11
70	3.0	4.0	19.0	-78.0	100.0	127.0	5.0	-52.0	167.19
71	-1.0	22.0	-8.0	59.0	127.0	-55.0	-9.0	6.0	166.07
72	-19.0	-18.0	-37.0	76.0	70.0	115.0	-31.0	127.0	164.84
73	-9.0	31.0	15.0	45.0	25.0	58.0	-20.0	25.0	159.49
74	10.0	-34.0	-31.0	-25.0	-18.0	-30.0	94.0	-1.0	157.54
75	-40.0	1.0	-25.0	-78.0	127.0	-37.0	-11.0	-9.0	157.1
76	-12.0	34.0	-3.0	61.0	-10.0	-65.0	-1.0	1.0	156.01
77	40.0	21.0	18.0	-24.0	100.0	-16.0	5.0	-28.0	153.99
78	-19.0	28.0	28.0	80.0	-96.0	6.0	-115.0	20.0	157.1
79	9.0	7.0	56.0	50.0	-128.0	101.0	-18.0	-61.0	153.99
80	29.0	3.0	31.0	49.0	127.0	-101.0	-11.0	-128.0	156.96
81	79.0	-9.0	43.0	-48.0	109.0	13.0	27.0	66.0	156.01
82	9.0	0.0	2.0	10.0	-105.0	47.0	-81.0	49.0	153.77
83	15.0	5.0	-18.0	6.0	6.0	127.0	30.0	127.0	151.43
84	-46.0	16.0	49.0	-6.0	-19.0	74.0	78.0	-52.0	150.85
85	18.0	2.0	15.0	12.0	1.0	-126.0	8.0	-84.0	149.61
86	-99.0	-30.0	27.0	-78.0	123.0	-40.0	-115.0	-110.0	149.08
