0	-100.0	12.0	32.0	-17.0	2.0	-74.0	29.0	98.0	155.14
1	12.0	-29.0	-40.0	-79.0	23.0	-88.0	25.0	-18.0	159.68
2	18.0	-15.0	-17.0	92.0	62.0	30.0	-30.0	-1.0	156.53
3	-6.0	-16.0	22.0	-12.0	-104.0	6.0	-65.0	32.0	152.88
4	43.0	30.0	-28.0	-47.0	-128.0	31.0	-10.0	-106.0	156.53
5	-25.0	11.0	23.0	-85.0	-62.0	41.0	-7.0	-63.0	145.8
6	-66.0	-12.0	-72.0	101.0	-32.0	127.0	-61.0	18.0	139.81
7	3.0	7.0	-10.0	-127.0	-128.0	-114.0	-3.0	79.0	150.74
8	-3.0	-5.0	-1.0	16.0	127.0	40.0	-14.0	44.0	134.64
9	24.0	69.0	-16.0	-10.0	54.0	-72.0	13.0	25.0	132.45
10	-17.0	1.0	29.0	-46.0	15.0	2.0	-24.0	-8.0	143.97
11	8.0	4.0	-7.0	87.0	18.0	-50.0	86.0	84.0	150.74
12	22.0	-44.0	-34.0	-56.0	-85.0	-122.0	-20.0	31.0	159.23
13	6.0	-21.0	53.0	-20.0	-93.0	58.0	-8.0	0.0	143.5
14	-47.0	-26.0	-6.0	-94.0	96.0	127.0	43.0	76.0	152.32
15	38.0	-85.0	7.0	-54.0	-55.0	-96.0	-27.0	-99.0	163.35
16	15.0	10.0	-42.0	-7.0	5.0	65.0	127.0	-128.0	163.36
17	37.0	16.0	-3.0	-128.0	69.0	71.0	112.0	61.0	166.29
18	-14.0	20.0	-79.0	25.0	-102.0	110.0	-52.0	-45.0	171.65
19	35.0	-22.0	6.0	28.0	16.0	62.0	-31.0	0.0	169.72
20	-52.0	16.0	8.0	-32.0	-42.0	-7.0	23.0	-105.0	167.27
21	56.0	-8.0	-8.0	-24.0	121.0	-128.0	14.0	26.0	170.16
22	49.0	-10.0	-17.0	62.0	127.0	-39.0	11.0	90.0	172.27
23	-72.0	-4.0	0.0	-55.0	-96.0	13.0	-20.0	94.0	172.74
24	45.0	-13.0	-69.0	106.0	42.0	-70.0	67.0	-47.0	174.6
25	-42.0	12.0	26.0	-29.0	40.0	91.0	-57.0	-2.0	173.73
26	21.0	24.0	-21.0	-23.0	125.0	-53.0	-75.0	-115.0	174.74
27	-7.0	-45.0	-1.0	-2.0	-64.0	127.0	-37.0	-16.0	174.74
28	12.0	5.0	-34.0	-47.0	-44.0	-128.0	99.0	71.0	175.2
29	-6.0	-22.0	-12.0	95.0	-128.0	-56.0	-53.0	-61.0	175.47
30	14.0	30.0	-15.0	0.0	-75.0	-98.0	-89.0	-34.0	176.31
31	-30.0	26.0	44.0	9.0	89.0	96.0	40.0	13.0	176.31
32	61.0	-17.0	14.0	52.0	-38.0	40.0	108.0	-128.0	176.63
33	72.0	-5.0	17.0	54.0	-16.0	-128.0	-25.0	-85.0	176.41
34	-2.0	-27.0	21.0	-72.0	-18.0	-118.0	23.0	35.0	176.69
35	10.0	35.0	-87.0	36.0	127.0	19.0	57.0	-54.0	176.6
36	-95.0	6.0	22.0	-128.0	-75.0	12.0	-20.0	39.0	175.22
37	-16.0	48.0	-17.0	49.0	127.0	-37.0	9.0	-13.0	176.12
38	9.0	16.0	67.0	-81.0	-64.0	120.0	52.0	62.0	176.41
39	-10.0	36.0	54.0	-14.0	77.0	-71.0	16.0	-63.0	175.74
40	-26.0	-79.0	-28.0	107.0	-36.0	75.0	70.0	-15.0	175.08
41	45.0	-7.0	16.0	-35.0	6.0	-16.0	-91.0	57.0	175.74
42	66.0	45.0	-1.0	-63.0	75.0	127.0	42.0	72.0	176.69
43	-12.0	-5.0	5.0	-44.0	127.0	-82.0	-15.0	98.0	175.08
44	-4.0	55.0	-3.0	-15.0	25.0	27.0	107.0	-26.0	169.49
45	-4.0	21.0	-25.0	15.0	-21.0	-36.0	65.0	-3.0	169.3
46	0.0	-16.0	83.0	-51.0	127.0	60.0	66.0	2.0	172.74
47	-30.0	46.0	-5.0	9.0	72.0	-113.0	-73.0	-48.0	168.17
48	21.0	27.0	49.0	7.0	50.0	-69.0	-111.0	2.0	168.32
49	-1.0	-47.0	29.0	37.0	-65.0	-72.0	-8.0	75.0	173.91
50	24.0	3.0	-26.0	69.0	-128.0	-47.0	-49.0	-98.0	173.05
51	19.0	-86.0	20.0	-50.0	-128.0	121.0	85.0	40.0	173.4
52	21.0	-20.0	-40.0	-31.0	40.0	95.0	-22.0	-31.0	171.65
53	27.0	3.0	-44.0	6.0	-11.0	6.0	87.0	71.0	170.4
54	34.0	50.0	16.0	88.0	127.0	-84.0	27.0	46.0	169.3
55	-54.0	-3.0	-20.0	-104.0	7.0	127.0	-31.0	47.0	173.4
56	-81.0	-2.0	29.0	44.0	15.0	90.0	37.0	-24.0	173.73
57	-6.0	-36.0	31.0	41.0	-30.0	70.0	-31.0	-4.0	170.4
58	-39.0	-51.0	7.0	75.0	-70.0	-41.0	59.0	-64.0	168.17
59	28.0	11.0	-2.0	-4.0	36.0	-128.0	47.0	-68.0	167.27
60	-13.0	41.0	-64.0	18.0	85.0	87.0	45.0	13.0	165.36
61	-25.0	-40.0	-70.0	-74.0	15.0	127.0	-85.0	28.0	163.36
62	-55.0	42.0	-30.0	-29.0	-128.0	74.0	-34.0	86.0	163.35
63	15.0	-29.0	4.0	-74.0	-35.0	-97.0	-76.0	22.0	156.69
64	5.0	-7.0	39.0	94.0	-28.0	14.0	-74.0	109.0	146.06
65	-2.0	60.0	-9.0	3.0	93.0	-59.0	-47.0	-128.0	139.81
66	0.0	-33.0	-1.0	2.0	123.0	-21.0	-12.0	40.0	136.08
67	60.0	-54.0	12.0	-50.0	-38.0	59.0	10.0	-15.0	147.44
68	2.0	-10.0	-10.0	47.0	-109.0	-57.0	-13.0	59.0	146.06
69	-14.0	-32.0	6.0	-10.0	82.0	77.0	37.0	-128.0	130.54
70	33.0	29.0	-21.0	-54.0	-32.0	0.0	70.0	-76.0	127.24
71	40.0	13.0	-37.0	21.0	-14.0	-23.0	36.0	52.0	132.45
72	118.0	1.0	-17.0	-1.0	88.0	107.0	-69.0	-13.0	133.34
73	-99.0	13.0	34.0	9.0	-47.0	1.0	-80.0	-89.0	132.13
74	-55.0	-41.0	15.0	88.0	63.0	-63.0	-49.0	-98.0	123.36
75	-28.0	-2.0	97.0	-84.0	-43.0	116.0	31.0	21.0	130.54
76	46.0	30.0	4.0	-3.0	87.0	18.0	-61.0	74.0	123.36
77	-6.0	4.0	6.0	46.0	112.0	4.0	-84.0	48.0	136.23
78	-37.0	59.0	-36.0	58.0	-50.0	-35.0	95.0	-11.0	147.44
79	-17.0	22.0	-37.0	37.0	42.0	-97.0	-61.0	39.0	142.42
80	-25.0	9.0	-50.0	-7.0	-128.0	127.0	22.0	70.0	148.97
81	-22.0	-7.0	29.0	-122.0	127.0	-38.0	29.0	-36.0	142.42
82	21.0	-14.0	12.0	39.0	12.0	121.0	62.0	-70.0	145.8
83	-4.0	3.0	-5.0	118.0	-3.0	61.0	-19.0	21.0	144.65
84	-22.0	-67.0	-37.0	47.0	114.0	121.0	-113.0	19.0	133.46
85	-31.0	3.0	-7.0	-15.0	113.0	127.0	99.0	-89.0	133.34
86	-21.0	-10.0	12.0	-2.0	105.0	127.0	44.0	-91.0	152.88
87	88.0	108.0	44.0	-6.0	-43.0	-39.0	-32.0	63.0	161.38
88	39.0	36.0	73.0	-1.0	57.0	-125.0	-27.0	127.0	156.69
