0	-25.0	3.0	-33.0	21.0	-18.0	-81.0	43.0	48.0	142.46
1	-8.0	-14.0	-36.0	-7.0	-86.0	70.0	-34.0	24.0	140.66
2	18.0	-6.0	90.0	39.0	54.0	43.0	2.0	-51.0	144.51
3	-12.0	44.0	-12.0	8.0	-17.0	28.0	-6.0	14.0	128.7
4	-8.0	-17.0	-4.0	-25.0	-12.0	-68.0	-29.0	-8.0	137.25
5	64.0	7.0	5.0	-95.0	34.0	65.0	48.0	-65.0	128.7
6	0.0	20.0	-3.0	-111.0	17.0	127.0	38.0	-9.0	116.64
7	-21.0	7.0	38.0	-23.0	0.0	45.0	7.0	-9.0	116.01
8	119.0	7.0	42.0	-45.0	49.0	127.0	-33.0	44.0	126.75
9	-6.0	-22.0	3.0	-97.0	127.0	-128.0	78.0	23.0	125.24
10	62.0	-13.0	-21.0	-44.0	-102.0	126.0	119.0	18.0	112.6
11	-9.0	-13.0	11.0	49.0	127.0	81.0	69.0	66.0	116.22
12	-9.0	-6.0	53.0	-8.0	-12.0	-48.0	-43.0	-128.0	118.8
13	-16.0	-1.0	118.0	-3.0	-19.0	126.0	18.0	-53.0	133.27
14	3.0	-35.0	-21.0	13.0	29.0	-45.0	42.0	-93.0	130.47
15	18.0	14.0	-61.0	-77.0	64.0	-85.0	28.0	-5.0	143.19
16	0.0	-21.0	-12.0	-77.0	126.0	-10.0	-82.0	58.0	143.46
17	0.0	-29.0	29.0	-45.0	108.0	-5.0	-28.0	-9.0	121.23
18	-2.0	-6.0	25.0	-112.0	41.0	-128.0	-100.0	10.0	121.23
19	-40.0	6.0	-36.0	1.0	-23.0	-23.0	-28.0	55.0	136.16
20	6.0	-15.0	15.0	-97.0	-51.0	14.0	39.0	14.0	137.25
21	26.0	7.0	-21.0	39.0	-16.0	127.0	-14.0	-93.0	133.52
22	35.0	43.0	-24.0	81.0	16.0	45.0	15.0	-31.0	116.64
23	7.0	7.0	-37.0	10.0	54.0	76.0	119.0	-60.0	126.75
24	3.0	-10.0	-13.0	-7.0	-17.0	65.0	17.0	-35.0	138.11
25	-12.0	4.0	-118.0	-9.0	-72.0	-80.0	72.0	-74.0	134.71
26	-32.0	-6.0	-29.0	32.0	127.0	-96.0	41.0	16.0	116.22
27	20.0	4.0	-36.0	100.0	24.0	-36.0	19.0	117.0	113.96
28	-20.0	26.0	-55.0	-61.0	41.0	-72.0	-4.0	39.0	119.55
29	22.0	-13.0	-13.0	76.0	11.0	55.0	-34.0	33.0	112.6
30	-24.0	5.0	-3.0	-4.0	2.0	-54.0	28.0	-15.0	113.79
31	28.0	-18.0	38.0	-42.0	127.0	36.0	44.0	-32.0	113.56
32	13.0	17.0	-3.0	77.0	-8.0	50.0	12.0	0.0	113.79
33	-9.0	55.0	1.0	80.0	25.0	127.0	2.0	47.0	124.06
34	-34.0	-5.0	71.0	-61.0	-63.0	21.0	39.0	39.0	135.18
35	29.0	-7.0	-41.0	-23.0	26.0	-21.0	66.0	39.0	132.15
36	5.0	-21.0	-29.0	69.0	11.0	121.0	-28.0	47.0	133.27
37	9.0	-10.0	-15.0	17.0	24.0	29.0	-117.0	-32.0	142.62
38	-64.0	24.0	1.0	-128.0	-107.0	61.0	41.0	33.0	138.11
39	-25.0	3.0	42.0	-110.0	-12.0	-43.0	-32.0	117.0	154.55
40	10.0	-6.0	0.0	70.0	61.0	-118.0	-59.0	105.0	154.75
41	5.0	3.0	-33.0	22.0	30.0	-33.0	29.0	-11.0	150.95
42	18.0	14.0	31.0	50.0	-28.0	-42.0	-10.0	-13.0	157.83
43	18.0	17.0	-14.0	29.0	47.0	119.0	15.0	-58.0	147.36
44	13.0	15.0	22.0	1.0	109.0	-21.0	-23.0	-89.0	147.02
45	-100.0	45.0	6.0	21.0	0.0	14.0	18.0	-51.0	145.74
46	61.0	10.0	19.0	100.0	-59.0	17.0	0.0	-25.0	143.46
47	78.0	-4.0	-41.0	-26.0	-7.0	-63.0	78.0	-103.0	144.54
48	-43.0	-80.0	-61.0	-4.0	-96.0	127.0	-11.0	74.0	159.37
49	-50.0	2.0	28.0	44.0	-107.0	22.0	33.0	-37.0	154.55
50	76.0	-6.0	10.0	-32.0	-74.0	12.0	6.0	25.0	151.87
51	-30.0	-3.0	3.0	87.0	-16.0	-128.0	61.0	-5.0	144.54
52	71.0	7.0	71.0	-25.0	70.0	-33.0	50.0	-89.0	150.95
53	35.0	-9.0	-46.0	-63.0	127.0	-10.0	-33.0	-70.0	163.0
54	-47.0	-27.0	-13.0	-15.0	127.0	-23.0	-54.0	127.0	163.0
55	-41.0	-7.0	17.0	-8.0	-4.0	-68.0	42.0	10.0	166.06
56	9.0	-24.0	54.0	-79.0	-86.0	17.0	45.0	-39.0	160.92
57	3.0	-29.0	-36.0	21.0	-86.0	125.0	88.0	-39.0	173.01
58	28.0	-11.0	-18.0	87.0	99.0	46.0	6.0	127.0	176.55
59	8.0	2.0	-49.0	-111.0	32.0	-5.0	-80.0	33.0	178.2
60	-2.0	13.0	-49.0	-44.0	-93.0	37.0	58.0	-37.0	178.45
61	-21.0	11.0	23.0	-65.0	21.0	66.0	66.0	15.0	177.44
62	79.0	-14.0	17.0	-77.0	-9.0	64.0	26.0	-5.0	178.73
63	-24.0	-1.0	-30.0	5.0	5.0	65.0	-80.0	37.0	178.73
64	-32.0	8.0	-15.0	122.0	-28.0	37.0	-33.0	91.0	178.61
65	-37.0	-11.0	12.0	-8.0	-61.0	-10.0	-32.0	53.0	178.76
66	71.0	-35.0	1.0	-61.0	127.0	3.0	44.0	-128.0	178.45
67	-23.0	-22.0	23.0	12.0	-19.0	77.0	-79.0	28.0	178.2
68	30.0	47.0	5.0	-7.0	-72.0	39.0	48.0	72.0	177.53
69	-8.0	8.0	22.0	17.0	-58.0	127.0	-93.0	107.0	173.26
70	-39.0	45.0	-55.0	-15.0	12.0	-11.0	93.0	39.0	174.12
71	15.0	17.0	-35.0	5.0	-62.0	127.0	28.0	-62.0	175.17
72	119.0	-17.0	-23.0	-14.0	7.0	19.0	0.0	-61.0	171.37
73	-37.0	25.0	-48.0	-12.0	53.0	66.0	69.0	32.0	166.06
74	-8.0	6.0	-98.0	-35.0	-96.0	51.0	-101.0	53.0	173.26
75	-32.0	23.0	-46.0	-38.0	25.0	70.0	-79.0	23.0	174.12
76	-3.0	6.0	-15.0	-47.0	33.0	32.0	-43.0	-102.0	176.55
77	15.0	3.0	18.0	-70.0	67.0	21.0	107.0	0.0	168.75
78	36.0	-5.0	9.0	-44.0	127.0	-32.0	91.0	52.0	168.28
79	-43.0	4.0	-7.0	-44.0	2.0	99.0	16.0	-62.0	168.28
80	16.0	-17.0	39.0	100.0	-26.0	97.0	-15.0	-5.0	165.86
81	13.0	17.0	9.0	116.0	-86.0	72.0	15.0	-75.0	160.92
82	66.0	7.0	-29.0	6.0	127.0	45.0	66.0	28.0	157.55
83	-15.0	2.0	-2.0	-34.0	30.0	55.0	101.0	1.0	149.85
84	37.0	-11.0	-4.0	64.0	-71.0	127.0	-1.0	82.0	157.55
85	-6.0	3.0	39.0	116.0	-44.0	52.0	-18.0	33.0	147.36
86	-41.0	-16.0	105.0	52.0	67.0	127.0	72.0	-10.0	143.19
