0	-58.0	16.0	49.0	13.0	55.0	26.0	86.0	4.0	111.57
1	-9.0	-32.0	-4.0	-30.0	64.0	127.0	127.0	44.0	107.86
2	5.0	-22.0	5.0	118.0	18.0	16.0	-41.0	21.0	99.66
3	21.0	41.0	20.0	106.0	99.0	38.0	-18.0	97.0	107.86
4	-22.0	55.0	5.0	-31.0	-128.0	-39.0	-66.0	110.0	114.33
5	4.0	2.0	25.0	5.0	27.0	-66.0	-40.0	127.0	107.22
6	77.0	85.0	10.0	6.0	35.0	69.0	-110.0	-69.0	111.57
7	-20.0	24.0	72.0	-35.0	40.0	54.0	-28.0	-128.0	127.49
8	-33.0	-30.0	52.0	33.0	88.0	10.0	-23.0	71.0	110.57
9	127.0	88.0	127.0	-22.0	-93.0	-69.0	61.0	-46.0	126.78
10	81.0	-19.0	28.0	-2.0	-96.0	127.0	-27.0	-93.0	118.86
11	-107.0	-10.0	-39.0	-15.0	24.0	27.0	18.0	21.0	118.86
12	3.0	-64.0	3.0	25.0	101.0	23.0	127.0	74.0	139.22
13	39.0	70.0	49.0	44.0	33.0	-48.0	-4.0	74.0	115.19
14	127.0	127.0	-42.0	2.0	-18.0	18.0	-22.0	-83.0	131.35
15	25.0	22.0	3.0	-4.0	109.0	-8.0	36.0	15.0	135.38
16	105.0	-74.0	-10.0	1.0	113.0	127.0	80.0	-128.0	137.93
17	22.0	92.0	-30.0	6.0	-18.0	127.0	-42.0	56.0	120.81
18	-20.0	-27.0	127.0	56.0	-21.0	91.0	65.0	17.0	115.19
19	86.0	27.0	-7.0	-61.0	-51.0	45.0	15.0	-43.0	133.44
20	-4.0	-45.0	72.0	-12.0	-39.0	127.0	0.0	72.0	132.75
21	1.0	-10.0	126.0	-105.0	-89.0	127.0	-63.0	25.0	122.68
22	-93.0	88.0	8.0	-29.0	51.0	127.0	84.0	-25.0	135.38
23	55.0	-7.0	-9.0	6.0	102.0	-6.0	30.0	-38.0	136.72
24	-33.0	121.0	3.0	-110.0	93.0	47.0	-66.0	127.0	137.93
25	36.0	50.0	-31.0	-17.0	127.0	59.0	109.0	127.0	144.1
26	-4.0	-65.0	-8.0	-90.0	127.0	66.0	-6.0	127.0	146.97
27	54.0	-15.0	-3.0	12.0	127.0	-16.0	35.0	-32.0	146.97
28	-15.0	3.0	14.0	-12.0	84.0	56.0	-20.0	-105.0	141.98
29	-70.0	-9.0	-14.0	-56.0	127.0	20.0	17.0	127.0	140.77
30	36.0	-49.0	3.0	45.0	78.0	-3.0	31.0	45.0	144.1
31	25.0	23.0	2.0	-6.0	84.0	91.0	127.0	58.0	145.8
32	-4.0	-10.0	2.0	-29.0	-20.0	114.0	-40.0	-105.0	145.35
33	10.0	-5.0	-16.0	15.0	0.0	73.0	56.0	11.0	148.7
34	-11.0	59.0	25.0	-32.0	127.0	53.0	127.0	64.0	151.44
35	127.0	127.0	-30.0	-19.0	-22.0	122.0	-18.0	85.0	153.2
36	29.0	-51.0	15.0	34.0	127.0	-105.0	-4.0	-128.0	159.35
37	-30.0	-20.0	127.0	-13.0	0.0	57.0	-99.0	89.0	160.4
38	-48.0	13.0	-12.0	111.0	-40.0	-53.0	-2.0	28.0	161.3
39	4.0	5.0	-1.0	-1.0	114.0	127.0	42.0	51.0	161.94
40	9.0	-40.0	117.0	-68.0	24.0	84.0	-49.0	36.0	160.4
41	24.0	-22.0	125.0	1.0	-92.0	-68.0	-18.0	64.0	159.47
42	-4.0	99.0	-42.0	-2.0	127.0	59.0	20.0	127.0	172.42
43	-41.0	62.0	9.0	-12.0	93.0	114.0	109.0	-70.0	172.81
44	-92.0	127.0	-16.0	6.0	0.0	-96.0	-31.0	30.0	177.74
45	20.0	15.0	-7.0	127.0	127.0	83.0	45.0	3.0	172.64
46	-4.0	-9.0	-2.0	-22.0	-29.0	5.0	52.0	127.0	167.6
47	-51.0	-33.0	-1.0	-9.0	-91.0	-57.0	84.0	-18.0	162.37
48	-112.0	-75.0	127.0	68.0	45.0	94.0	127.0	-31.0	171.02
49	114.0	-36.0	-16.0	-11.0	-3.0	66.0	94.0	6.0	166.03
50	76.0	-23.0	-34.0	34.0	5.0	49.0	18.0	1.0	174.86
51	47.0	-51.0	6.0	-9.0	12.0	95.0	127.0	-59.0	172.81
52	45.0	5.0	13.0	28.0	-37.0	-57.0	127.0	26.0	172.42
53	14.0	-83.0	-53.0	127.0	-17.0	-117.0	8.0	29.0	177.4
54	-21.0	12.0	34.0	28.0	114.0	93.0	44.0	-18.0	167.84
55	4.0	-32.0	-16.0	22.0	70.0	8.0	-44.0	8.0	173.67
56	127.0	33.0	-12.0	2.0	-29.0	-128.0	-41.0	14.0	175.93
57	-98.0	-51.0	11.0	-31.0	8.0	-47.0	-114.0	-102.0	164.05
58	-46.0	-11.0	-30.0	-69.0	-38.0	-74.0	50.0	126.0	173.67
59	11.0	12.0	7.0	118.0	-23.0	39.0	127.0	-7.0	178.18
60	127.0	-17.0	-26.0	-4.0	107.0	14.0	123.0	-128.0	179.45
61	97.0	24.0	-4.0	26.0	105.0	87.0	-3.0	-58.0	178.97
62	37.0	38.0	25.0	4.0	18.0	-46.0	-11.0	32.0	179.45
63	-115.0	22.0	-12.0	-54.0	-27.0	-17.0	38.0	19.0	178.18
64	-1.0	24.0	-26.0	30.0	-24.0	-87.0	-63.0	-10.0	174.86
65	-86.0	127.0	-15.0	-29.0	70.0	39.0	84.0	-9.0	167.6
66	14.0	-13.0	-10.0	81.0	72.0	95.0	-81.0	3.0	176.53
67	127.0	-29.0	104.0	3.0	127.0	50.0	-128.0	19.0	173.18
68	-18.0	-35.0	-17.0	5.0	-91.0	-124.0	11.0	21.0	165.32
69	11.0	124.0	-2.0	127.0	70.0	34.0	-29.0	64.0	161.3
70	127.0	2.0	-25.0	118.0	34.0	23.0	68.0	-31.0	159.35
71	58.0	-15.0	-17.0	-17.0	-36.0	-128.0	36.0	127.0	153.07
72	-12.0	22.0	18.0	106.0	-19.0	38.0	54.0	-10.0	153.07
73	17.0	30.0	60.0	-6.0	-42.0	95.0	85.0	-83.0	152.61
74	39.0	22.0	-27.0	-36.0	-43.0	84.0	-30.0	-43.0	147.42
75	-61.0	-4.0	97.0	127.0	127.0	127.0	85.0	10.0	152.61
76	-115.0	127.0	0.0	23.0	27.0	-7.0	127.0	123.0	138.13
77	10.0	2.0	10.0	72.0	-128.0	-117.0	51.0	93.0	131.35
78	-8.0	8.0	-11.0	96.0	54.0	103.0	-39.0	127.0	122.68
79	127.0	-1.0	10.0	39.0	-128.0	-7.0	-64.0	-74.0	137.32
80	-36.0	17.0	-1.0	127.0	-34.0	20.0	113.0	-49.0	129.52
81	-4.0	-14.0	-37.0	62.0	85.0	78.0	20.0	-27.0	137.93
82	50.0	108.0	17.0	-60.0	-61.0	50.0	-38.0	-29.0	132.75
83	2.0	-38.0	123.0	80.0	-36.0	-81.0	-75.0	-90.0	128.36
