0	-12.0	-16.0	28.0	-28.0	127.0	-123.0	-115.0	75.0	156.96
1	48.0	-18.0	27.0	23.0	127.0	-121.0	-16.0	-79.0	154.69
2	8.0	3.0	-25.0	25.0	-43.0	113.0	51.0	-61.0	153.99
3	-21.0	39.0	28.0	-58.0	-40.0	110.0	-3.0	2.0	150.85
4	-22.0	25.0	-9.0	-16.0	127.0	57.0	27.0	-60.0	149.61
5	97.0	28.0	-1.0	-78.0	34.0	58.0	-39.0	25.0	149.08
6	-30.0	2.0	58.0	-4.0	-120.0	87.0	-15.0	16.0	146.51
7	-19.0	-8.0	52.0	24.0	-91.0	101.0	127.0	5.0	147.33
8	-9.0	15.0	49.0	19.0	-126.0	115.0	49.0	-94.0	147.33
9	-1.0	13.0	25.0	-25.0	-108.0	-116.0	98.0	5.0	142.78
10	17.0	17.0	-7.0	-48.0	34.0	-59.0	-94.0	89.0	144.02
11	-52.0	-8.0	26.0	58.0	-78.0	-80.0	5.0	-26.0	140.93
12	19.0	-14.0	-69.0	40.0	90.0	125.0	-10.0	12.0	138.89
13	-11.0	-11.0	-18.0	79.0	74.0	89.0	72.0	66.0	141.67
14	48.0	11.0	-37.0	80.0	88.0	115.0	-25.0	72.0	136.77
15	-46.0	2.0	8.0	55.0	120.0	-30.0	4.0	-84.0	130.32
16	17.0	4.0	-48.0	-58.0	25.0	13.0	-17.0	6.0	125.02
17	24.0	0.0	6.0	-5.0	-85.0	-68.0	78.0	-78.0	134.2
18	42.0	0.0	-9.0	84.0	44.0	-128.0	51.0	10.0	135.69
19	18.0	16.0	31.0	-38.0	-42.0	101.0	-46.0	29.0	132.2
20	-19.0	-4.0	-28.0	23.0	120.0	-72.0	-81.0	-7.0	126.36
21	-19.0	3.0	-56.0	17.0	-28.0	-102.0	-6.0	-1.0	134.17
22	9.0	12.0	85.0	29.0	123.0	127.0	103.0	-73.0	138.89
23	-89.0	-1.0	-46.0	-16.0	100.0	-86.0	54.0	25.0	134.2
24	6.0	-9.0	4.0	6.0	1.0	127.0	127.0	46.0	136.97
25	36.0	26.0	51.0	40.0	-63.0	34.0	47.0	-28.0	139.67
26	0.0	21.0	12.0	-46.0	-96.0	127.0	-17.0	44.0	144.23
27	9.0	14.0	43.0	25.0	68.0	115.0	-31.0	14.0	141.61
28	9.0	-24.0	23.0	10.0	127.0	-55.0	51.0	-52.0	134.17
29	-58.0	-29.0	38.0	28.0	0.0	74.0	-14.0	8.0	129.79
30	-7.0	16.0	-8.0	-13.0	-78.0	-92.0	-9.0	105.0	127.31
31	-16.0	6.0	15.0	59.0	-111.0	-128.0	-3.0	-128.0	122.08
32	-18.0	-13.0	56.0	-48.0	127.0	113.0	-37.0	-82.0	123.71
33	-1.0	11.0	28.0	-45.0	6.0	-55.0	-10.0	72.0	119.28
34	9.0	-6.0	30.0	53.0	71.0	-56.0	5.0	1.0	109.57
35	0.0	1.0	-6.0	-80.0	-71.0	-67.0	40.0	127.0	119.28
36	87.0	-17.0	6.0	-25.0	68.0	13.0	-91.0	23.0	123.72
37	22.0	-11.0	-15.0	-95.0	0.0	-6.0	-31.0	-27.0	109.57
38	18.0	4.0	21.0	-3.0	-56.0	75.0	-8.0	49.0	114.91
39	-40.0	-8.0	7.0	12.0	127.0	118.0	-20.0	-4.0	123.68
40	-52.0	16.0	-4.0	12.0	-112.0	56.0	-33.0	117.0	123.72
41	-8.0	2.0	-42.0	-42.0	-29.0	43.0	67.0	-46.0	129.79
42	0.0	22.0	-14.0	-80.0	62.0	127.0	94.0	-41.0	127.31
43	-30.0	-13.0	8.0	-11.0	-100.0	87.0	5.0	20.0	139.67
44	-1.0	7.0	-9.0	24.0	92.0	-115.0	-18.0	66.0	138.82
45	-22.0	31.0	66.0	14.0	-107.0	17.0	21.0	52.0	142.78
46	-40.0	5.0	40.0	30.0	70.0	99.0	-1.0	-9.0	144.23
47	18.0	29.0	1.0	43.0	24.0	33.0	30.0	-128.0	149.61
48	25.0	27.0	12.0	-8.0	109.0	-90.0	-39.0	-115.0	151.43
49	33.0	7.0	-53.0	-29.0	13.0	-16.0	-29.0	-73.0	154.0
50	2.0	16.0	0.0	15.0	-58.0	-95.0	-97.0	8.0	153.77
51	-7.0	34.0	34.0	62.0	-128.0	110.0	47.0	1.0	156.01
52	3.0	-6.0	19.0	-39.0	117.0	127.0	-21.0	-102.0	153.99
53	-1.0	11.0	-56.0	-58.0	10.0	-113.0	27.0	2.0	155.64
54	52.0	-9.0	-3.0	16.0	1.0	-45.0	-35.0	105.0	154.0
55	70.0	-34.0	-52.0	-33.0	77.0	-101.0	-74.0	127.0	156.01
56	15.0	-4.0	-6.0	23.0	-105.0	87.0	43.0	-29.0	157.54
57	76.0	-30.0	15.0	54.0	47.0	38.0	-21.0	-128.0	161.03
58	29.0	-6.0	-34.0	-78.0	-56.0	102.0	-40.0	17.0	157.1
59	-10.0	-8.0	33.0	61.0	127.0	-111.0	-8.0	-16.0	164.84
60	20.0	4.0	15.0	6.0	-62.0	67.0	-11.0	50.0	167.19
61	-4.0	16.0	43.0	-24.0	-128.0	-83.0	-115.0	-128.0	168.6
62	30.0	-35.0	7.0	-25.0	-19.0	113.0	8.0	81.0	163.72
63	88.0	23.0	-8.0	-9.0	-128.0	47.0	-16.0	-67.0	167.19
64	3.0	-4.0	39.0	-53.0	127.0	-97.0	61.0	-115.0	165.85
65	-8.0	-1.0	-6.0	-42.0	109.0	7.0	-29.0	-79.0	157.54
66	-34.0	6.0	18.0	-39.0	-111.0	-95.0	5.0	58.0	157.1
67	-92.0	-32.0	2.0	-2.0	-18.0	66.0	106.0	105.0	159.49
68	-26.0	-24.0	-35.0	76.0	8.0	30.0	-45.0	127.0	163.42
69	79.0	7.0	-63.0	11.0	121.0	127.0	-11.0	127.0	158.88
70	-33.0	11.0	-31.0	12.0	1.0	53.0	-128.0	-122.0	158.88
71	58.0	11.0	75.0	-13.0	39.0	-40.0	-8.0	-19.0	160.48
72	29.0	22.0	44.0	-10.0	100.0	-56.0	40.0	29.0	165.85
73	-40.0	-16.0	-18.0	-66.0	-59.0	-128.0	78.0	-110.0	168.91
74	7.0	-3.0	29.0	45.0	-107.0	127.0	17.0	102.0	167.11
75	10.0	35.0	-39.0	-78.0	4.0	6.0	-29.0	51.0	169.01
76	-85.0	-18.0	65.0	61.0	127.0	-117.0	-50.0	7.0	168.42
77	-99.0	27.0	52.0	27.0	-46.0	77.0	-33.0	-93.0	164.84
78	-118.0	-20.0	-54.0	-6.0	72.0	80.0	-118.0	-2.0	161.78
79	30.0	-9.0	-10.0	3.0	-85.0	-69.0	22.0	46.0	167.11
80	29.0	28.0	-63.0	-10.0	-120.0	-37.0	-71.0	-55.0	168.05
81	40.0	-34.0	-13.0	-4.0	-79.0	127.0	40.0	20.0	161.78
82	37.0	-13.0	34.0	49.0	-10.0	6.0	127.0	-4.0	169.01
83	15.0	8.0	-11.0	50.0	-92.0	98.0	93.0	105.0	168.97
84	9.0	4.0	-37.0	-90.0	60.0	-102.0	14.0	9.0	168.97
85	22.0	-6.0	-2.0	10.0	127.0	-65.0	15.0	127.0	166.07
86	35.0	-7.0	-9.0	-29.0	47.0	-126.0	-51.0	-52.0	161.03
