0	38.0	12.0	-47.0	-13.0	-61.0	-73.0	-65.0	-26.0	119.98
1	-3.0	-52.0	-10.0	50.0	-37.0	-77.0	-80.0	-5.0	111.33
2	37.0	76.0	-11.0	84.0	-34.0	-98.0	16.0	4.0	110.29
3	-74.0	28.0	-31.0	-92.0	-8.0	90.0	-12.0	-65.0	105.47
4	-53.0	-92.0	-16.0	-55.0	20.0	124.0	-56.0	72.0	98.21
5	44.0	10.0	7.0	-55.0	-128.0	-26.0	-13.0	-2.0	97.42
6	-12.0	19.0	-8.0	-24.0	127.0	78.0	63.0	-58.0	97.42
7	-65.0	-19.0	-4.0	-10.0	-83.0	97.0	39.0	35.0	97.86
8	-5.0	-29.0	-41.0	-16.0	51.0	80.0	-50.0	38.0	100.31
9	53.0	-45.0	10.0	22.0	127.0	-93.0	-71.0	-1.0	101.79
10	62.0	47.0	9.0	46.0	43.0	41.0	-39.0	-20.0	105.47
11	50.0	5.0	-85.0	18.0	-58.0	127.0	14.0	53.0	97.55
12	-26.0	-68.0	-6.0	44.0	95.0	50.0	85.0	18.0	100.31
13	-13.0	33.0	3.0	-63.0	43.0	-62.0	85.0	28.0	98.21
14	8.0	71.0	76.0	-11.0	-54.0	24.0	16.0	-37.0	101.51
15	-116.0	1.0	12.0	50.0	-79.0	-89.0	7.0	-81.0	99.1
16	-88.0	-3.0	-12.0	-5.0	123.0	111.0	-64.0	-65.0	111.33
17	39.0	-44.0	6.0	-1.0	-75.0	79.0	127.0	-88.0	115.06
18	44.0	-11.0	27.0	-22.0	-128.0	118.0	-25.0	81.0	115.36
19	-92.0	27.0	1.0	-13.0	2.0	6.0	-48.0	52.0	124.67
20	-74.0	4.0	4.0	16.0	-79.0	37.0	41.0	-83.0	124.67
21	60.0	3.0	-3.0	0.0	-26.0	85.0	-26.0	110.0	128.54
22	21.0	6.0	-41.0	16.0	-121.0	-39.0	-52.0	-15.0	133.74
23	29.0	88.0	22.0	-59.0	114.0	-128.0	-46.0	8.0	135.47
24	127.0	21.0	-64.0	13.0	127.0	37.0	37.0	38.0	137.44
25	13.0	-108.0	66.0	-20.0	-50.0	76.0	10.0	-19.0	140.65
26	7.0	105.0	-36.0	2.0	48.0	101.0	46.0	-11.0	139.07
27	-45.0	-8.0	29.0	30.0	91.0	4.0	99.0	2.0	139.22
28	-28.0	-11.0	14.0	-17.0	-32.0	68.0	-51.0	-52.0	139.07
29	-44.0	-92.0	-3.0	-24.0	-108.0	-57.0	-9.0	-59.0	150.96
30	58.0	53.0	10.0	39.0	17.0	-91.0	-4.0	-89.0	143.64
31	-15.0	-1.0	-8.0	88.0	112.0	-88.0	103.0	54.0	139.98
32	15.0	2.0	-50.0	-13.0	1.0	127.0	-88.0	39.0	155.0
33	-11.0	-8.0	53.0	-76.0	-39.0	90.0	-10.0	1.0	137.44
34	18.0	57.0	-7.0	-16.0	127.0	-10.0	64.0	-2.0	135.03
35	11.0	117.0	-36.0	-68.0	112.0	85.0	44.0	12.0	135.94
36	-88.0	-16.0	23.0	1.0	-55.0	53.0	127.0	-16.0	151.87
37	-72.0	55.0	-12.0	-21.0	-30.0	-99.0	-16.0	-90.0	158.61
38	41.0	9.0	-58.0	37.0	12.0	88.0	-117.0	105.0	161.56
39	-109.0	-74.0	-16.0	12.0	-128.0	67.0	-30.0	66.0	166.58
40	-18.0	-59.0	24.0	-48.0	-54.0	115.0	33.0	-84.0	164.73
41	-18.0	34.0	-5.0	78.0	3.0	8.0	-20.0	-11.0	166.69
42	41.0	21.0	88.0	9.0	20.0	-5.0	113.0	8.0	167.73
43	48.0	-30.0	-1.0	48.0	12.0	-36.0	16.0	38.0	168.16
44	-6.0	-44.0	16.0	-40.0	-5.0	-109.0	108.0	23.0	168.45
45	80.0	3.0	-21.0	-20.0	-67.0	-128.0	-71.0	15.0	168.16
46	46.0	-23.0	-39.0	4.0	-92.0	20.0	-28.0	0.0	168.16
47	-37.0	-102.0	-27.0	-65.0	105.0	-122.0	-28.0	-46.0	168.16
48	-117.0	114.0	-6.0	1.0	-62.0	-74.0	15.0	-67.0	167.75
49	-30.0	-30.0	1.0	33.0	-57.0	127.0	68.0	127.0	167.4
50	76.0	117.0	-5.0	-50.0	-53.0	-109.0	-26.0	38.0	167.59
51	-19.0	-9.0	-5.0	-62.0	127.0	127.0	-10.0	-33.0	167.75
52	-21.0	-14.0	59.0	100.0	-22.0	-59.0	-28.0	-59.0	168.06
53	54.0	-13.0	-50.0	30.0	4.0	74.0	81.0	23.0	167.85
54	-6.0	-82.0	-20.0	33.0	91.0	107.0	6.0	77.0	167.4
55	-67.0	-18.0	106.0	-45.0	-73.0	-10.0	-128.0	89.0	167.73
56	-12.0	38.0	3.0	-18.0	-10.0	34.0	-32.0	-79.0	164.73
57	-18.0	-57.0	-58.0	-88.0	43.0	-106.0	5.0	48.0	165.81
58	-11.0	-32.0	-82.0	64.0	15.0	-96.0	-30.0	56.0	164.36
59	-33.0	6.0	-9.0	-19.0	-34.0	-39.0	77.0	-115.0	158.55
60	-13.0	14.0	-60.0	-56.0	64.0	-72.0	7.0	-10.0	161.12
61	59.0	-9.0	5.0	-12.0	19.0	108.0	17.0	-16.0	163.35
62	127.0	-4.0	9.0	49.0	-97.0	-57.0	-128.0	-18.0	164.36
63	-4.0	45.0	-20.0	11.0	42.0	-26.0	-119.0	-10.0	161.12
64	-33.0	63.0	-6.0	74.0	103.0	127.0	73.0	127.0	155.0
65	3.0	-36.0	-18.0	-22.0	81.0	-121.0	-128.0	-55.0	146.56
66	-27.0	76.0	-1.0	-26.0	2.0	-16.0	-35.0	15.0	142.88
67	76.0	6.0	-44.0	33.0	50.0	90.0	-29.0	-9.0	145.89
68	-36.0	-88.0	24.0	1.0	127.0	65.0	26.0	25.0	155.34
69	-11.0	-77.0	13.0	-39.0	-50.0	37.0	80.0	35.0	153.79
70	66.0	0.0	-8.0	-49.0	-23.0	68.0	-35.0	-39.0	150.96
71	26.0	-61.0	-11.0	-34.0	127.0	127.0	127.0	55.0	143.64
72	77.0	-34.0	-41.0	30.0	-34.0	67.0	115.0	-1.0	155.34
73	-17.0	-60.0	15.0	-1.0	103.0	-28.0	-88.0	-112.0	152.73
74	13.0	9.0	22.0	13.0	-29.0	-83.0	0.0	23.0	151.87
75	3.0	35.0	-56.0	-13.0	62.0	85.0	-16.0	20.0	138.98
76	-117.0	-2.0	6.0	35.0	-51.0	117.0	94.0	50.0	139.22
77	-25.0	24.0	-19.0	113.0	28.0	127.0	19.0	106.0	138.98
78	-8.0	-12.0	-31.0	-128.0	112.0	68.0	33.0	-11.0	132.58
79	-16.0	-64.0	-12.0	38.0	86.0	32.0	73.0	-1.0	133.74
80	8.0	20.0	-30.0	12.0	-62.0	12.0	-31.0	-31.0	129.17
81	-81.0	-10.0	69.0	73.0	56.0	127.0	1.0	-31.0	131.47
82	63.0	-8.0	106.0	-41.0	-46.0	-40.0	64.0	75.0	132.58
83	-45.0	1.0	26.0	-112.0	71.0	40.0	38.0	-23.0	124.83
84	34.0	-61.0	-14.0	-10.0	-6.0	4.0	115.0	-45.0	124.83
85	78.0	-42.0	-49.0	-12.0	51.0	-99.0	-22.0	4.0	122.1
86	-36.0	-88.0	-44.0	4.0	127.0	127.0	-25.0	-128.0	115.36
