0	0.0	-5.0	41.0	5.0	98.0	127.0	-43.0	-63.0	170.3
1	127.0	0.0	-13.0	14.0	12.0	-42.0	46.0	109.0	170.0
2	-20.0	-5.0	-22.0	7.0	-9.0	31.0	79.0	38.0	170.64
3	-80.0	-5.0	-16.0	-49.0	-79.0	75.0	17.0	-100.0	170.64
4	-1.0	-14.0	56.0	-44.0	0.0	-95.0	109.0	86.0	170.47
5	58.0	5.0	-64.0	-42.0	24.0	3.0	74.0	-97.0	170.56
6	-17.0	6.0	13.0	48.0	43.0	-10.0	88.0	-61.0	169.62
7	-52.0	5.0	-4.0	-29.0	60.0	58.0	37.0	-63.0	169.16
8	2.0	10.0	-17.0	-28.0	-4.0	-128.0	-125.0	-7.0	170.14
9	-119.0	3.0	-19.0	9.0	-14.0	57.0	-22.0	69.0	169.62
10	71.0	8.0	39.0	-3.0	127.0	-66.0	46.0	52.0	169.16
11	7.0	9.0	16.0	-40.0	82.0	-128.0	-83.0	84.0	168.72
12	-13.0	-14.0	16.0	-124.0	91.0	2.0	-45.0	26.0	164.99
13	106.0	5.0	21.0	11.0	87.0	21.0	73.0	55.0	163.13
14	-1.0	-19.0	40.0	-13.0	65.0	-128.0	1.0	-33.0	163.13
15	1.0	-1.0	-3.0	100.0	-52.0	127.0	-70.0	-56.0	164.99
16	62.0	-7.0	16.0	75.0	-10.0	84.0	-10.0	104.0	159.58
17	30.0	10.0	-60.0	20.0	-104.0	-95.0	-11.0	31.0	153.53
18	72.0	6.0	5.0	36.0	-105.0	-100.0	-63.0	24.0	148.25
19	-38.0	6.0	73.0	0.0	-50.0	-72.0	7.0	-84.0	161.36
20	6.0	16.0	-55.0	-15.0	22.0	-51.0	-22.0	127.0	154.4
21	5.0	-6.0	-102.0	6.0	-87.0	-66.0	-21.0	-8.0	148.47
22	-58.0	-27.0	-4.0	-33.0	-5.0	-20.0	-30.0	16.0	143.74
23	-42.0	7.0	32.0	0.0	3.0	106.0	76.0	92.0	148.25
24	-1.0	16.0	-15.0	-43.0	42.0	-128.0	1.0	-44.0	141.6
25	-25.0	-11.0	44.0	0.0	-66.0	-18.0	81.0	-56.0	132.69
26	-71.0	2.0	8.0	-5.0	-32.0	24.0	-21.0	-64.0	130.75
27	60.0	8.0	12.0	-45.0	-65.0	22.0	6.0	-68.0	123.97
28	38.0	-1.0	-17.0	-88.0	127.0	-107.0	-56.0	-5.0	116.33
29	27.0	6.0	34.0	38.0	-28.0	2.0	-20.0	-29.0	113.54
30	5.0	14.0	51.0	127.0	43.0	-26.0	-51.0	-25.0	119.66
31	0.0	19.0	0.0	-45.0	60.0	42.0	-35.0	67.0	129.0
32	16.0	46.0	-63.0	28.0	24.0	9.0	-90.0	-103.0	123.97
33	13.0	-18.0	-2.0	43.0	30.0	106.0	89.0	44.0	138.11
34	-68.0	2.0	-128.0	-68.0	127.0	51.0	1.0	-107.0	132.69
35	93.0	-18.0	6.0	18.0	5.0	126.0	-74.0	99.0	126.5
36	-3.0	-57.0	37.0	-17.0	-66.0	-68.0	-5.0	-95.0	121.71
37	-6.0	116.0	-11.0	61.0	-2.0	-86.0	127.0	41.0	103.28
38	-8.0	19.0	70.0	-54.0	90.0	-109.0	23.0	59.0	114.91
39	-13.0	-17.0	38.0	25.0	-27.0	31.0	-111.0	41.0	108.94
40	-5.0	19.0	78.0	-31.0	127.0	-73.0	-128.0	1.0	125.33
41	-64.0	-5.0	12.0	35.0	32.0	-128.0	28.0	-3.0	133.48
42	-25.0	-17.0	-7.0	6.0	-1.0	60.0	-109.0	-18.0	138.11
43	-21.0	-34.0	-16.0	-30.0	38.0	21.0	63.0	-23.0	129.0
44	-18.0	17.0	-2.0	5.0	0.0	75.0	10.0	7.0	118.0
45	11.0	-17.0	11.0	-90.0	78.0	115.0	-16.0	57.0	114.91
46	-60.0	-37.0	-19.0	-47.0	77.0	57.0	81.0	-128.0	103.28
47	-16.0	57.0	-4.0	61.0	-10.0	127.0	29.0	22.0	101.12
48	8.0	2.0	17.0	-28.0	65.0	30.0	11.0	6.0	102.2
49	19.0	7.0	-25.0	20.0	-90.0	96.0	11.0	43.0	101.53
50	-58.0	2.0	-64.0	-17.0	20.0	-5.0	62.0	48.0	101.98
51	0.0	-26.0	5.0	-23.0	38.0	127.0	1.0	-94.0	101.27
52	-45.0	-15.0	-65.0	-8.0	-40.0	28.0	47.0	39.0	100.91
53	12.0	-2.0	-16.0	-27.0	127.0	-98.0	-9.0	108.0	100.91
54	33.0	38.0	18.0	-8.0	-104.0	-72.0	66.0	106.0	101.06
55	-36.0	-2.0	54.0	36.0	127.0	32.0	-39.0	-24.0	101.53
56	-115.0	61.0	-22.0	8.0	-23.0	56.0	127.0	-97.0	101.98
57	33.0	-1.0	7.0	87.0	26.0	-98.0	-24.0	-3.0	102.8
58	-3.0	-78.0	-21.0	5.0	10.0	-128.0	58.0	-45.0	102.2
59	62.0	-34.0	-15.0	5.0	33.0	28.0	13.0	-14.0	102.35
60	-4.0	3.0	92.0	61.0	-126.0	-72.0	15.0	-8.0	137.46
61	51.0	-20.0	-19.0	16.0	-82.0	53.0	-68.0	-119.0	116.33
62	13.0	-10.0	26.0	-18.0	-23.0	-68.0	-33.0	-10.0	121.71
63	4.0	9.0	47.0	-66.0	-64.0	65.0	-79.0	104.0	136.63
64	58.0	-5.0	-27.0	10.0	-52.0	6.0	11.0	71.0	137.46
65	-42.0	33.0	-22.0	21.0	12.0	-5.0	2.0	2.0	140.02
66	16.0	14.0	53.0	13.0	-28.0	104.0	69.0	29.0	145.4
67	-13.0	7.0	0.0	-27.0	65.0	112.0	15.0	-45.0	142.74
68	3.0	-26.0	18.0	-30.0	109.0	-72.0	-65.0	69.0	151.82
69	24.0	11.0	11.0	-19.0	7.0	94.0	-83.0	-9.0	145.52
70	1.0	3.0	32.0	59.0	20.0	-55.0	-29.0	-3.0	153.53
71	25.0	4.0	-65.0	-100.0	76.0	-16.0	-13.0	-116.0	156.88
72	-10.0	-49.0	-115.0	72.0	-60.0	17.0	-68.0	1.0	154.4
73	-19.0	-10.0	-1.0	3.0	-27.0	43.0	86.0	71.0	161.13
74	21.0	-6.0	2.0	-41.0	-61.0	57.0	13.0	-12.0	167.25
75	36.0	43.0	18.0	6.0	49.0	112.0	-111.0	27.0	156.88
76	-36.0	-6.0	112.0	117.0	-28.0	41.0	96.0	86.0	161.13
77	-53.0	-68.0	56.0	61.0	-117.0	-70.0	11.0	75.0	162.74
78	43.0	33.0	-52.0	22.0	-105.0	113.0	-14.0	-19.0	152.98
79	62.0	-19.0	-6.0	-23.0	-8.0	127.0	-65.0	-91.0	148.47
80	-19.0	29.0	-45.0	5.0	0.0	-70.0	62.0	-54.0	142.74
81	127.0	37.0	33.0	-26.0	34.0	-20.0	-93.0	29.0	143.74
82	21.0	-5.0	-14.0	-40.0	60.0	16.0	-91.0	16.0	150.24
83	-58.0	-27.0	-59.0	24.0	32.0	-122.0	-40.0	-14.0	155.2
84	41.0	-17.0	1.0	-4.0	51.0	127.0	55.0	60.0	161.91
85	36.0	-9.0	23.0	43.0	60.0	64.0	-80.0	-24.0	167.82
86	-40.0	4.0	121.0	4.0	-12.0	127.0	-90.0	-108.0	170.3
