0	-15.0	2.0	-20.0	47.0	12.0	21.0	73.0	22.0	162.82
1	50.0	11.0	49.0	51.0	-18.0	23.0	123.0	-68.0	152.56
2	-27.0	14.0	4.0	78.0	-100.0	111.0	6.0	-11.0	149.39
3	-5.0	-9.0	-38.0	101.0	-45.0	15.0	-48.0	62.0	151.31
4	8.0	16.0	18.0	-38.0	49.0	18.0	34.0	-45.0	149.01
5	-30.0	16.0	-7.0	11.0	57.0	59.0	28.0	-34.0	152.42
6	-36.0	-1.0	-15.0	-33.0	122.0	-14.0	36.0	110.0	153.75
7	-11.0	64.0	11.0	46.0	127.0	15.0	-43.0	41.0	155.33
8	-31.0	17.0	25.0	-13.0	74.0	-72.0	-9.0	-20.0	161.85
9	36.0	32.0	-7.0	-15.0	40.0	105.0	-9.0	25.0	153.75
10	10.0	-11.0	1.0	10.0	-55.0	65.0	-50.0	-71.0	155.33
11	-70.0	-30.0	-20.0	-67.0	-24.0	22.0	79.0	-19.0	164.91
12	24.0	-19.0	12.0	-49.0	9.0	-72.0	-56.0	58.0	160.52
13	14.0	0.0	50.0	-7.0	-43.0	-8.0	86.0	-9.0	158.09
14	-33.0	23.0	-2.0	124.0	127.0	-122.0	-128.0	30.0	146.15
15	67.0	-12.0	22.0	-27.0	33.0	105.0	-15.0	-26.0	135.87
16	30.0	9.0	-49.0	13.0	-103.0	104.0	-50.0	-108.0	118.28
17	50.0	-68.0	28.0	-38.0	-98.0	124.0	25.0	13.0	141.0
18	-49.0	-4.0	-19.0	-19.0	-111.0	38.0	-14.0	62.0	106.93
19	-12.0	-4.0	-14.0	-23.0	62.0	-39.0	46.0	-8.0	142.25
20	-44.0	-9.0	-16.0	-34.0	-5.0	37.0	28.0	-7.0	146.15
21	60.0	3.0	3.0	80.0	-95.0	63.0	4.0	43.0	138.59
22	-26.0	-43.0	9.0	31.0	-127.0	-59.0	118.0	70.0	147.24
23	-29.0	-13.0	-7.0	-100.0	-90.0	-36.0	-49.0	47.0	145.69
24	82.0	-13.0	16.0	61.0	-14.0	-81.0	60.0	-66.0	145.26
25	-30.0	31.0	-18.0	-34.0	33.0	127.0	-33.0	-17.0	135.87
26	13.0	-1.0	-24.0	32.0	117.0	19.0	48.0	-93.0	132.8
27	19.0	5.0	-5.0	-18.0	-46.0	80.0	15.0	-12.0	141.0
28	25.0	-30.0	11.0	3.0	-3.0	96.0	38.0	76.0	126.57
29	8.0	-14.0	-13.0	1.0	-77.0	75.0	-4.0	70.0	134.25
30	23.0	81.0	44.0	-17.0	126.0	46.0	-18.0	-26.0	132.87
31	12.0	5.0	-29.0	-97.0	-23.0	42.0	-16.0	-113.0	121.82
32	67.0	-5.0	-5.0	56.0	81.0	40.0	-19.0	83.0	132.44
33	15.0	-4.0	-23.0	7.0	-9.0	86.0	-26.0	0.0	123.76
34	-83.0	-12.0	7.0	77.0	127.0	23.0	13.0	64.0	103.85
35	-8.0	-23.0	-21.0	-62.0	-79.0	11.0	25.0	18.0	130.18
36	21.0	9.0	1.0	-32.0	-2.0	-36.0	-75.0	-113.0	118.28
37	-26.0	-3.0	8.0	73.0	4.0	-109.0	3.0	-47.0	84.83
38	34.0	-36.0	-15.0	5.0	-42.0	-94.0	-81.0	-19.0	131.76
39	-10.0	-7.0	14.0	101.0	-8.0	-49.0	8.0	-40.0	82.9
40	27.0	-24.0	-12.0	-9.0	-81.0	122.0	72.0	-21.0	84.19
41	-17.0	19.0	-34.0	-25.0	-84.0	109.0	2.0	-64.0	82.9
42	-4.0	49.0	23.0	11.0	69.0	6.0	-128.0	-65.0	82.78
43	3.0	31.0	30.0	16.0	127.0	-73.0	-55.0	-20.0	83.62
44	-11.0	21.0	-5.0	2.0	-62.0	-14.0	61.0	-6.0	119.82
45	-44.0	-30.0	9.0	14.0	49.0	-5.0	-38.0	65.0	132.44
46	-33.0	-14.0	-14.0	-38.0	-68.0	39.0	29.0	-19.0	106.93
47	34.0	-9.0	35.0	-18.0	107.0	70.0	-25.0	127.0	84.19
48	18.0	-1.0	-20.0	-64.0	21.0	23.0	34.0	0.0	126.57
49	35.0	-34.0	15.0	51.0	-2.0	-127.0	-38.0	127.0	132.87
50	17.0	28.0	-16.0	-48.0	-67.0	127.0	32.0	55.0	121.82
51	-13.0	16.0	-19.0	-25.0	-94.0	-24.0	-21.0	3.0	137.25
52	-11.0	-28.0	17.0	-72.0	-128.0	65.0	-13.0	-20.0	147.24
53	-19.0	-13.0	-12.0	-85.0	122.0	-25.0	-18.0	35.0	151.31
54	38.0	13.0	7.0	3.0	-22.0	104.0	-50.0	-20.0	161.85
55	-67.0	11.0	24.0	63.0	41.0	-46.0	-108.0	-46.0	166.5
56	-31.0	-34.0	-23.0	1.0	112.0	-36.0	71.0	-23.0	166.5
57	-18.0	-8.0	-5.0	-35.0	-28.0	20.0	46.0	40.0	155.36
58	23.0	-20.0	-18.0	-29.0	93.0	127.0	-14.0	-20.0	167.34
59	-36.0	-10.0	-15.0	-64.0	74.0	-76.0	24.0	-26.0	170.23
60	-55.0	-20.0	-14.0	15.0	127.0	9.0	19.0	-118.0	174.08
61	48.0	-12.0	1.0	-6.0	-82.0	18.0	-39.0	21.0	169.41
62	12.0	24.0	3.0	24.0	52.0	-9.0	54.0	30.0	176.19
63	7.0	26.0	75.0	7.0	91.0	-37.0	105.0	-38.0	176.27
64	-66.0	-16.0	7.0	-13.0	-18.0	-87.0	80.0	63.0	174.41
65	36.0	3.0	19.0	-34.0	69.0	-103.0	-15.0	50.0	174.2
66	-11.0	-1.0	-11.0	8.0	-100.0	-64.0	30.0	13.0	172.87
67	26.0	34.0	-28.0	25.0	37.0	-118.0	-35.0	-111.0	174.27
68	12.0	-49.0	13.0	-14.0	9.0	53.0	-7.0	-90.0	175.4
69	-11.0	20.0	-28.0	17.0	127.0	77.0	75.0	-42.0	175.61
70	-49.0	34.0	-5.0	-42.0	127.0	69.0	-7.0	55.0	174.71
71	17.0	3.0	7.0	115.0	-22.0	-26.0	-61.0	-6.0	176.27
72	-12.0	-23.0	-25.0	127.0	-122.0	-44.0	-82.0	-33.0	177.83
73	15.0	-32.0	-55.0	-23.0	2.0	-56.0	-14.0	-14.0	179.73
74	12.0	34.0	15.0	-11.0	-9.0	-94.0	-90.0	18.0	177.83
75	5.0	23.0	-4.0	-82.0	35.0	127.0	20.0	-9.0	176.19
76	-22.0	-14.0	42.0	127.0	84.0	-9.0	32.0	-16.0	174.71
77	-60.0	-15.0	20.0	83.0	56.0	105.0	-29.0	24.0	175.61
78	9.0	-29.0	-9.0	-107.0	2.0	-69.0	-21.0	-50.0	170.23
79	-12.0	31.0	11.0	-29.0	-8.0	-91.0	-13.0	13.0	174.54
80	-5.0	-15.0	-16.0	-8.0	25.0	90.0	-97.0	121.0	164.0
81	-47.0	10.0	9.0	-49.0	-39.0	-38.0	-95.0	17.0	160.52
82	-3.0	20.0	19.0	36.0	-105.0	9.0	-19.0	14.0	164.91
83	10.0	-33.0	9.0	8.0	54.0	4.0	36.0	-4.0	158.57
84	46.0	-24.0	-19.0	-79.0	-52.0	47.0	-46.0	-32.0	168.04
85	28.0	-24.0	12.0	-7.0	-3.0	-66.0	5.0	23.0	168.04
