0	116.0	3.0	-12.0	-34.0	127.0	-110.0	126.0	-2.0	173.12
1	-85.0	34.0	-90.0	42.0	127.0	-98.0	127.0	-1.0	175.5
2	-53.0	-34.0	13.0	59.0	-89.0	-107.0	-55.0	-44.0	168.73
3	-22.0	47.0	21.0	79.0	39.0	-86.0	-89.0	-60.0	168.22
4	35.0	8.0	10.0	61.0	-109.0	32.0	99.0	-112.0	164.08
5	92.0	22.0	-24.0	8.0	44.0	-24.0	-12.0	61.0	159.14
6	38.0	33.0	3.0	-20.0	29.0	127.0	-19.0	21.0	160.15
7	-22.0	21.0	-23.0	-9.0	-115.0	127.0	-32.0	3.0	153.92
8	-6.0	76.0	-13.0	25.0	76.0	112.0	-79.0	18.0	143.1
9	39.0	-2.0	23.0	-57.0	-11.0	0.0	55.0	-19.0	143.1
10	-83.0	-8.0	-2.0	127.0	26.0	-128.0	120.0	34.0	134.1
11	10.0	-22.0	127.0	127.0	127.0	-70.0	-56.0	-8.0	131.06
12	24.0	115.0	4.0	-10.0	-39.0	-71.0	127.0	-87.0	148.35
13	-128.0	127.0	15.0	10.0	33.0	87.0	127.0	111.0	132.48
14	-128.0	94.0	33.0	-30.0	-128.0	127.0	17.0	20.0	135.93
15	74.0	14.0	7.0	-3.0	-23.0	20.0	9.0	-100.0	133.02
16	-128.0	42.0	107.0	55.0	109.0	29.0	57.0	7.0	135.93
17	0.0	47.0	5.0	94.0	127.0	127.0	9.0	30.0	128.15
18	-16.0	12.0	1.0	-31.0	127.0	-84.0	127.0	-30.0	131.49
19	-16.0	-48.0	12.0	-3.0	-6.0	-35.0	44.0	-55.0	131.06
20	43.0	51.0	-21.0	-34.0	7.0	127.0	-78.0	14.0	131.49
21	-3.0	-75.0	-21.0	53.0	7.0	44.0	-66.0	-40.0	130.23
22	-34.0	-67.0	127.0	54.0	70.0	-128.0	118.0	4.0	129.16
23	42.0	28.0	60.0	127.0	58.0	-73.0	-23.0	-32.0	123.28
24	71.0	100.0	122.0	30.0	20.0	-55.0	-15.0	101.0	124.86
25	-10.0	0.0	15.0	-92.0	-107.0	-56.0	93.0	56.0	127.01
26	-127.0	20.0	-5.0	-25.0	127.0	75.0	-26.0	0.0	122.21
27	12.0	-7.0	-8.0	-26.0	-62.0	106.0	0.0	53.0	122.18
28	12.0	127.0	-73.0	-51.0	7.0	125.0	10.0	-69.0	122.18
29	35.0	-44.0	-2.0	-29.0	80.0	75.0	-25.0	-128.0	122.04
30	127.0	9.0	-16.0	-128.0	45.0	0.0	58.0	31.0	125.2
31	35.0	93.0	3.0	-3.0	127.0	27.0	14.0	13.0	122.56
32	123.0	4.0	-61.0	8.0	15.0	72.0	-6.0	77.0	127.01
33	12.0	63.0	-39.0	127.0	31.0	-117.0	23.0	-4.0	140.42
34	-42.0	-50.0	32.0	75.0	102.0	-99.0	-37.0	27.0	125.88
35	36.0	-77.0	49.0	22.0	22.0	-18.0	-19.0	25.0	122.21
36	-11.0	-33.0	-16.0	16.0	60.0	75.0	-128.0	16.0	124.86
37	-5.0	10.0	40.0	-31.0	22.0	127.0	40.0	59.0	126.96
38	10.0	-9.0	29.0	40.0	127.0	54.0	0.0	-34.0	124.04
39	-36.0	127.0	-14.0	49.0	127.0	127.0	20.0	127.0	130.44
40	-60.0	102.0	4.0	11.0	-11.0	-67.0	81.0	77.0	125.2
41	-106.0	-9.0	127.0	116.0	-81.0	-16.0	-58.0	-112.0	131.49
42	40.0	-113.0	-8.0	54.0	80.0	-47.0	86.0	-69.0	144.9
43	17.0	15.0	-5.0	127.0	93.0	42.0	83.0	-111.0	132.37
44	11.0	-77.0	-47.0	29.0	-51.0	77.0	-55.0	-29.0	153.33
45	100.0	16.0	121.0	-25.0	-72.0	-21.0	-47.0	-127.0	145.01
46	39.0	9.0	-13.0	127.0	-38.0	-128.0	-52.0	126.0	153.33
47	-9.0	-25.0	-13.0	-9.0	-89.0	-117.0	41.0	41.0	155.28
48	24.0	-22.0	38.0	-3.0	-46.0	103.0	-38.0	98.0	156.72
49	-127.0	28.0	-7.0	125.0	63.0	127.0	-79.0	-80.0	155.61
50	115.0	-18.0	5.0	14.0	-115.0	114.0	-6.0	-4.0	148.35
51	-14.0	21.0	-24.0	56.0	-102.0	47.0	-15.0	45.0	133.02
52	-26.0	114.0	-24.0	120.0	127.0	-14.0	21.0	2.0	151.47
53	21.0	1.0	-22.0	-3.0	127.0	-9.0	8.0	44.0	153.92
54	51.0	127.0	0.0	-3.0	127.0	77.0	6.0	2.0	159.14
55	-83.0	-3.0	-17.0	16.0	-39.0	-63.0	81.0	-4.0	160.15
56	-17.0	-92.0	36.0	81.0	127.0	46.0	-41.0	-46.0	164.22
57	110.0	-22.0	-12.0	-79.0	16.0	44.0	64.0	41.0	164.08
58	82.0	-8.0	-5.0	-59.0	102.0	-86.0	63.0	25.0	162.18
59	80.0	-7.0	-3.0	-8.0	28.0	100.0	127.0	52.0	161.21
60	30.0	-50.0	54.0	27.0	24.0	127.0	10.0	63.0	162.65
61	89.0	-33.0	-9.0	13.0	108.0	78.0	-70.0	75.0	163.76
62	89.0	-24.0	127.0	-84.0	28.0	42.0	21.0	-53.0	168.18
63	-22.0	32.0	36.0	10.0	61.0	101.0	-128.0	-44.0	168.45
64	-46.0	75.0	-47.0	1.0	60.0	-16.0	41.0	127.0	169.31
65	22.0	1.0	-3.0	15.0	73.0	124.0	-23.0	120.0	168.73
66	-35.0	-40.0	-25.0	127.0	38.0	127.0	88.0	-48.0	163.76
67	-3.0	-128.0	-6.0	54.0	54.0	-4.0	-48.0	49.0	169.31
68	24.0	-51.0	32.0	119.0	73.0	25.0	-36.0	3.0	169.01
69	127.0	5.0	-12.0	-3.0	-46.0	-87.0	83.0	-53.0	168.02
70	82.0	17.0	104.0	-60.0	123.0	-47.0	-44.0	22.0	171.1
71	-20.0	-21.0	15.0	-18.0	108.0	82.0	-16.0	-5.0	171.1
72	29.0	11.0	68.0	-114.0	109.0	-86.0	13.0	-24.0	175.44
73	-31.0	-58.0	-15.0	-123.0	-124.0	16.0	20.0	0.0	176.83
74	-22.0	8.0	-17.0	11.0	-52.0	127.0	-37.0	9.0	177.94
75	0.0	-25.0	-14.0	94.0	-68.0	34.0	-55.0	-8.0	178.27
76	127.0	51.0	-21.0	115.0	113.0	-56.0	-33.0	41.0	176.92
77	60.0	54.0	-13.0	127.0	-4.0	-6.0	64.0	127.0	177.94
78	1.0	6.0	-39.0	84.0	77.0	126.0	21.0	-2.0	176.53
79	-64.0	55.0	-6.0	56.0	0.0	127.0	8.0	-128.0	176.33
80	-25.0	1.0	-16.0	34.0	-88.0	-37.0	-34.0	-28.0	176.33
81	-84.0	-13.0	2.0	-2.0	-128.0	-14.0	118.0	21.0	177.76
82	125.0	3.0	127.0	14.0	103.0	83.0	23.0	37.0	175.44
