0	-108.0	-29.0	-6.0	17.0	127.0	-51.0	117.0	40.0	161.26
1	30.0	0.0	-40.0	50.0	0.0	-48.0	49.0	117.0	156.89
2	49.0	127.0	3.0	25.0	-128.0	-73.0	52.0	127.0	153.52
3	78.0	5.0	-35.0	-8.0	119.0	115.0	6.0	-7.0	147.87
4	-84.0	-22.0	27.0	119.0	127.0	54.0	-47.0	70.0	162.18
5	48.0	49.0	121.0	14.0	-26.0	-47.0	-77.0	46.0	150.62
6	38.0	32.0	-4.0	12.0	-95.0	70.0	0.0	-42.0	157.1
7	49.0	70.0	29.0	-68.0	-111.0	42.0	-67.0	83.0	160.66
8	10.0	22.0	31.0	18.0	82.0	-71.0	20.0	-40.0	153.71
9	68.0	3.0	-5.0	17.0	55.0	117.0	52.0	25.0	170.34
10	113.0	16.0	-12.0	12.0	66.0	63.0	-54.0	50.0	162.05
11	116.0	-72.0	-48.0	-8.0	-65.0	0.0	-74.0	-36.0	170.34
12	-115.0	9.0	-15.0	26.0	-5.0	54.0	32.0	41.0	171.96
13	127.0	-10.0	-15.0	-17.0	24.0	-16.0	51.0	44.0	165.58
14	-81.0	-29.0	29.0	-85.0	38.0	-49.0	-74.0	-15.0	162.38
15	-20.0	127.0	16.0	-37.0	127.0	-95.0	-24.0	-8.0	155.21
16	108.0	32.0	-12.0	101.0	17.0	78.0	-59.0	50.0	157.67
17	16.0	-25.0	127.0	-12.0	-11.0	117.0	82.0	98.0	153.71
18	22.0	-30.0	37.0	-79.0	55.0	1.0	27.0	-15.0	153.52
19	77.0	94.0	0.0	0.0	6.0	127.0	19.0	71.0	146.57
20	-16.0	-10.0	27.0	-31.0	102.0	39.0	-6.0	19.0	150.0
21	-17.0	-28.0	-3.0	9.0	6.0	127.0	18.0	-57.0	140.13
22	-9.0	64.0	1.0	127.0	127.0	25.0	103.0	-102.0	147.87
23	8.0	2.0	-5.0	117.0	21.0	-69.0	-4.0	73.0	131.59
24	47.0	16.0	67.0	-17.0	64.0	59.0	-64.0	98.0	144.7
25	127.0	-42.0	27.0	-16.0	97.0	15.0	8.0	98.0	135.27
26	-58.0	-72.0	-47.0	-1.0	-53.0	-24.0	-20.0	-83.0	126.14
27	7.0	15.0	5.0	18.0	-2.0	53.0	85.0	-15.0	127.39
28	-21.0	-23.0	6.0	-17.0	-111.0	94.0	-66.0	-77.0	117.87
29	-40.0	79.0	97.0	-13.0	-67.0	76.0	-29.0	-6.0	105.48
30	-9.0	81.0	-15.0	9.0	69.0	26.0	-34.0	-17.0	105.48
31	54.0	23.0	36.0	-22.0	-28.0	-52.0	69.0	110.0	123.19
32	99.0	-9.0	4.0	11.0	55.0	-66.0	-43.0	30.0	120.43
33	-14.0	-91.0	12.0	11.0	45.0	22.0	28.0	-23.0	129.14
34	1.0	-34.0	13.0	52.0	4.0	7.0	31.0	-78.0	112.96
35	-63.0	-42.0	12.0	17.0	127.0	-94.0	45.0	46.0	124.73
36	-29.0	-68.0	-21.0	36.0	112.0	55.0	119.0	43.0	117.46
37	-59.0	125.0	15.0	26.0	127.0	-128.0	16.0	84.0	104.54
38	-10.0	-36.0	-21.0	-90.0	-13.0	42.0	43.0	71.0	106.73
39	49.0	-82.0	-8.0	-2.0	-51.0	21.0	71.0	127.0	131.23
40	38.0	-12.0	-9.0	-20.0	-62.0	18.0	-88.0	104.0	104.48
41	16.0	34.0	16.0	-19.0	17.0	-74.0	14.0	-106.0	104.54
42	39.0	16.0	13.0	14.0	-47.0	-81.0	-15.0	-110.0	120.43
43	-128.0	-26.0	41.0	19.0	-41.0	59.0	-33.0	12.0	117.87
44	-22.0	48.0	-12.0	-18.0	17.0	-14.0	6.0	95.0	118.78
45	7.0	3.0	31.0	-32.0	-26.0	-38.0	-29.0	-12.0	122.83
46	-73.0	13.0	120.0	46.0	71.0	127.0	97.0	12.0	127.03
47	28.0	-5.0	22.0	-20.0	-123.0	125.0	-4.0	55.0	124.73
48	-10.0	54.0	-5.0	30.0	-13.0	-50.0	19.0	-7.0	130.88
49	27.0	2.0	22.0	114.0	127.0	110.0	11.0	37.0	123.19
50	-16.0	29.0	28.0	-128.0	-19.0	111.0	70.0	23.0	128.59
51	-13.0	22.0	-3.0	-19.0	-59.0	-74.0	68.0	9.0	130.56
52	83.0	72.0	-91.0	122.0	127.0	127.0	11.0	46.0	134.98
53	-78.0	-64.0	0.0	54.0	33.0	89.0	-67.0	1.0	138.56
54	21.0	1.0	5.0	-24.0	18.0	-34.0	-46.0	22.0	128.59
55	31.0	4.0	-19.0	25.0	124.0	127.0	92.0	-23.0	130.88
56	31.0	127.0	-28.0	-21.0	-16.0	56.0	86.0	-2.0	142.43
57	-5.0	-35.0	0.0	-90.0	9.0	111.0	24.0	25.0	138.56
58	102.0	48.0	36.0	77.0	51.0	-4.0	-21.0	69.0	140.13
59	6.0	-19.0	1.0	-63.0	-82.0	-82.0	-60.0	-128.0	127.39
60	127.0	23.0	4.0	-15.0	-15.0	-50.0	54.0	97.0	144.7
61	58.0	-12.0	-9.0	42.0	-13.0	127.0	-78.0	-17.0	142.43
62	-62.0	4.0	-17.0	-36.0	-40.0	127.0	115.0	12.0	147.0
63	-2.0	-26.0	-34.0	-5.0	29.0	47.0	31.0	46.0	147.0
64	83.0	17.0	-9.0	1.0	-54.0	101.0	-27.0	34.0	157.67
65	-22.0	16.0	-9.0	127.0	111.0	-53.0	84.0	-98.0	160.1
66	27.0	76.0	5.0	3.0	127.0	-60.0	-3.0	64.0	160.1
67	9.0	-21.0	65.0	17.0	20.0	81.0	49.0	-128.0	162.18
68	61.0	-89.0	41.0	29.0	123.0	19.0	-8.0	12.0	172.04
69	83.0	-3.0	-5.0	27.0	-47.0	58.0	25.0	23.0	170.91
70	21.0	10.0	-48.0	50.0	-58.0	-112.0	11.0	47.0	172.04
71	9.0	-128.0	74.0	89.0	41.0	-74.0	117.0	-27.0	161.26
72	-13.0	-9.0	4.0	17.0	-40.0	-63.0	127.0	1.0	165.01
73	17.0	-56.0	-18.0	-6.0	-76.0	0.0	-88.0	77.0	166.06
74	1.0	10.0	20.0	18.0	-6.0	-87.0	-94.0	69.0	171.12
75	0.0	-12.0	36.0	0.0	-50.0	70.0	127.0	23.0	165.23
76	53.0	-16.0	-3.0	-5.0	35.0	-44.0	14.0	98.0	172.35
77	-59.0	-14.0	-17.0	25.0	38.0	85.0	16.0	-44.0	172.41
78	-16.0	64.0	-13.0	34.0	25.0	23.0	17.0	19.0	171.12
79	-58.0	10.0	-40.0	-14.0	-34.0	125.0	2.0	85.0	165.69
80	-43.0	-29.0	62.0	35.0	67.0	-52.0	-3.0	-55.0	170.08
81	-106.0	32.0	-25.0	-4.0	100.0	-94.0	57.0	-104.0	172.35
82	41.0	71.0	127.0	-2.0	40.0	-47.0	-80.0	8.0	171.64
83	-10.0	-52.0	-20.0	0.0	-36.0	125.0	-13.0	109.0	172.33
84	31.0	1.0	-77.0	26.0	-109.0	127.0	-67.0	49.0	177.57
85	70.0	30.0	-6.0	12.0	88.0	120.0	51.0	30.0	171.96
86	-5.0	22.0	13.0	-64.0	59.0	-94.0	-20.0	-1.0	165.58
87	64.0	119.0	9.0	116.0	-110.0	-24.0	34.0	44.0	165.69
