0	-1.0	-96.0	6.0	10.0	44.0	-106.0	38.0	-63.0	124.75
1	-2.0	10.0	-2.0	-48.0	101.0	22.0	-61.0	-20.0	109.68
2	5.0	-111.0	-11.0	1.0	-68.0	-27.0	6.0	-5.0	121.56
3	1.0	-1.0	6.0	-35.0	88.0	25.0	0.0	127.0	120.6
4	-25.0	28.0	17.0	29.0	17.0	-49.0	50.0	18.0	124.38
5	101.0	36.0	-3.0	21.0	127.0	-24.0	65.0	-78.0	113.28
6	3.0	-26.0	127.0	122.0	16.0	25.0	-28.0	-98.0	127.31
7	14.0	-16.0	127.0	43.0	-94.0	-95.0	66.0	121.0	119.16
8	2.0	-9.0	10.0	-18.0	36.0	15.0	117.0	-2.0	124.78
9	-13.0	-13.0	8.0	-83.0	-6.0	41.0	34.0	4.0	140.98
10	127.0	6.0	-2.0	-37.0	-1.0	-23.0	85.0	54.0	127.31
11	70.0	5.0	6.0	18.0	-65.0	-86.0	22.0	-78.0	113.28
12	77.0	2.0	11.0	3.0	127.0	-36.0	5.0	-66.0	120.6
13	-9.0	127.0	-11.0	-126.0	109.0	127.0	-70.0	-20.0	142.46
14	-14.0	28.0	-1.0	127.0	-82.0	-71.0	25.0	-128.0	125.98
15	44.0	2.0	-14.0	-50.0	-8.0	110.0	51.0	-8.0	133.19
16	-60.0	79.0	-59.0	3.0	-68.0	127.0	-69.0	103.0	148.42
17	-6.0	6.0	-11.0	-10.0	-90.0	91.0	127.0	-128.0	145.3
18	-66.0	19.0	-7.0	-19.0	17.0	120.0	25.0	-20.0	149.98
19	-3.0	4.0	-44.0	-27.0	25.0	-37.0	127.0	86.0	141.36
20	14.0	-23.0	-8.0	-35.0	-17.0	-23.0	118.0	76.0	140.98
21	-64.0	-40.0	19.0	16.0	-10.0	-108.0	127.0	35.0	140.24
22	5.0	-18.0	-25.0	-4.0	78.0	6.0	-59.0	-98.0	152.88
23	22.0	-8.0	-51.0	-30.0	1.0	101.0	-128.0	120.0	142.93
24	40.0	-13.0	7.0	31.0	-73.0	112.0	44.0	39.0	160.28
25	127.0	20.0	6.0	111.0	0.0	-74.0	-21.0	11.0	166.74
26	44.0	-6.0	-64.0	127.0	-15.0	-63.0	-34.0	-84.0	157.93
27	56.0	4.0	-9.0	50.0	-1.0	59.0	-26.0	-40.0	154.73
28	98.0	11.0	19.0	-25.0	-3.0	101.0	-87.0	12.0	151.6
29	26.0	-63.0	-23.0	23.0	48.0	88.0	98.0	4.0	156.08
30	-12.0	12.0	27.0	-31.0	12.0	75.0	127.0	16.0	157.93
31	45.0	58.0	2.0	50.0	-19.0	-99.0	101.0	25.0	164.17
32	15.0	8.0	-11.0	29.0	13.0	13.0	-51.0	25.0	167.02
33	-64.0	27.0	13.0	-9.0	38.0	113.0	44.0	72.0	160.28
34	117.0	127.0	-11.0	0.0	2.0	-98.0	5.0	-20.0	170.35
35	41.0	-1.0	-28.0	124.0	73.0	-44.0	-91.0	-33.0	169.31
36	-75.0	-126.0	0.0	22.0	-105.0	-128.0	-128.0	37.0	166.49
37	16.0	34.0	9.0	-86.0	15.0	127.0	-46.0	80.0	168.08
38	127.0	127.0	-8.0	-5.0	-69.0	43.0	1.0	-53.0	169.15
39	59.0	-5.0	24.0	60.0	14.0	127.0	-27.0	1.0	168.9
40	-128.0	21.0	14.0	72.0	-82.0	-84.0	124.0	-56.0	161.99
41	34.0	3.0	26.0	6.0	36.0	-98.0	34.0	-60.0	140.24
42	40.0	-11.0	0.0	16.0	2.0	28.0	-37.0	-25.0	154.73
43	14.0	34.0	15.0	119.0	127.0	127.0	16.0	87.0	167.35
44	23.0	48.0	17.0	1.0	127.0	-15.0	17.0	-78.0	163.65
45	-6.0	15.0	-30.0	53.0	-101.0	-61.0	-1.0	-83.0	169.11
46	-2.0	36.0	-36.0	17.0	-75.0	-56.0	25.0	127.0	169.58
47	52.0	11.0	21.0	-86.0	0.0	127.0	93.0	103.0	169.9
48	-12.0	20.0	21.0	127.0	105.0	63.0	-83.0	32.0	168.99
49	-25.0	10.0	6.0	0.0	-73.0	70.0	-47.0	7.0	166.81
50	-27.0	-16.0	-9.0	55.0	23.0	88.0	15.0	127.0	166.81
51	2.0	15.0	127.0	-2.0	-10.0	-63.0	86.0	127.0	162.06
52	5.0	30.0	-7.0	-78.0	127.0	6.0	25.0	-89.0	168.97
53	109.0	25.0	-5.0	-37.0	42.0	-128.0	45.0	-56.0	167.75
54	-1.0	37.0	27.0	-52.0	0.0	-68.0	19.0	18.0	166.74
55	-34.0	-4.0	1.0	-23.0	-113.0	-69.0	-76.0	-9.0	168.78
56	-37.0	-14.0	30.0	-39.0	-101.0	-56.0	-1.0	-1.0	168.99
57	-68.0	25.0	127.0	93.0	-71.0	101.0	-87.0	-75.0	168.53
58	13.0	12.0	-3.0	44.0	-71.0	-70.0	-54.0	37.0	169.15
59	3.0	22.0	-20.0	-83.0	127.0	-67.0	-12.0	104.0	169.58
60	-12.0	13.0	14.0	17.0	-61.0	104.0	-48.0	127.0	168.08
61	-34.0	23.0	37.0	27.0	127.0	121.0	0.0	127.0	168.53
62	-17.0	4.0	23.0	-51.0	37.0	13.0	35.0	104.0	167.14
63	17.0	127.0	1.0	-47.0	127.0	52.0	101.0	-1.0	154.73
64	25.0	18.0	7.0	12.0	-83.0	118.0	66.0	57.0	164.17
65	17.0	3.0	-5.0	16.0	-55.0	-20.0	-88.0	127.0	144.07
66	-28.0	15.0	43.0	3.0	47.0	-86.0	-112.0	117.0	148.42
67	27.0	8.0	-15.0	-29.0	37.0	-84.0	51.0	7.0	149.98
68	44.0	-23.0	21.0	95.0	73.0	-67.0	127.0	-28.0	137.53
69	31.0	-47.0	7.0	-4.0	-51.0	43.0	-76.0	72.0	142.46
70	-96.0	25.0	126.0	9.0	-79.0	-92.0	-4.0	10.0	144.41
71	-99.0	4.0	-17.0	22.0	47.0	89.0	25.0	37.0	121.9
72	5.0	-1.0	11.0	35.0	-99.0	122.0	-13.0	93.0	140.74
73	6.0	1.0	9.0	-50.0	-81.0	83.0	40.0	15.0	124.38
74	14.0	18.0	-1.0	5.0	38.0	33.0	108.0	-5.0	142.62
75	-37.0	101.0	27.0	53.0	25.0	-86.0	5.0	-128.0	134.65
76	2.0	-6.0	22.0	-4.0	11.0	-128.0	-27.0	-24.0	127.63
77	-76.0	-8.0	11.0	-55.0	-56.0	-61.0	-21.0	18.0	127.63
78	-53.0	-9.0	6.0	-53.0	-21.0	21.0	40.0	-15.0	109.68
79	-27.0	-11.0	-2.0	10.0	59.0	65.0	-79.0	32.0	135.56
80	14.0	11.0	-3.0	61.0	-3.0	127.0	-106.0	-40.0	130.86
81	34.0	-14.0	-36.0	76.0	127.0	25.0	28.0	17.0	133.41
82	-2.0	-23.0	127.0	-21.0	-53.0	21.0	44.0	-9.0	118.25
