0	7.0	21.0	-99.0	118.0	94.0	-128.0	-7.0	-3.0	68.39
1	10.0	3.0	-3.0	47.0	13.0	55.0	-5.0	-3.0	68.31
2	-12.0	39.0	113.0	124.0	-4.0	-49.0	-6.0	5.0	69.74
3	20.0	-53.0	-79.0	-41.0	-49.0	-30.0	-5.0	-18.0	72.34
4	-70.0	-5.0	13.0	-20.0	21.0	-11.0	0.0	-5.0	69.55
5	3.0	-24.0	10.0	-111.0	2.0	-17.0	-15.0	10.0	70.48
6	11.0	-5.0	79.0	-110.0	37.0	-6.0	9.0	42.0	90.64
7	22.0	29.0	12.0	-6.0	79.0	26.0	-22.0	15.0	70.04
8	-14.0	-26.0	-7.0	-42.0	-128.0	31.0	21.0	-56.0	95.48
9	-10.0	8.0	127.0	-59.0	1.0	-43.0	19.0	7.0	113.42
10	-1.0	-19.0	15.0	26.0	-19.0	89.0	-2.0	-84.0	126.23
11	-5.0	92.0	79.0	73.0	108.0	89.0	-7.0	-49.0	113.29
12	-7.0	48.0	-7.0	79.0	40.0	83.0	-24.0	-21.0	129.16
13	1.0	0.0	-11.0	127.0	3.0	25.0	0.0	10.0	131.02
14	3.0	-25.0	-33.0	28.0	5.0	1.0	7.0	38.0	125.78
15	5.0	2.0	-46.0	126.0	14.0	30.0	-10.0	34.0	117.65
16	-10.0	-1.0	-93.0	-32.0	-92.0	31.0	-33.0	10.0	131.74
17	2.0	54.0	-18.0	-16.0	-36.0	34.0	-64.0	20.0	135.24
18	-10.0	-49.0	45.0	-69.0	-18.0	-4.0	-9.0	2.0	132.06
19	19.0	29.0	-28.0	-7.0	-4.0	34.0	-21.0	0.0	140.8
20	-13.0	-16.0	-37.0	88.0	-38.0	11.0	14.0	-5.0	140.8
21	4.0	15.0	17.0	66.0	-121.0	26.0	-15.0	-41.0	138.33
22	22.0	-24.0	127.0	28.0	-105.0	4.0	-9.0	8.0	126.55
23	-11.0	-14.0	-2.0	93.0	-17.0	-6.0	6.0	9.0	126.55
24	-7.0	10.0	-9.0	-41.0	13.0	3.0	2.0	27.0	120.46
25	-13.0	-5.0	57.0	124.0	-3.0	66.0	0.0	8.0	132.61
26	-21.0	-2.0	79.0	12.0	65.0	-79.0	61.0	12.0	129.61
27	0.0	45.0	91.0	-11.0	11.0	-76.0	15.0	-2.0	121.98
28	51.0	-15.0	29.0	32.0	-89.0	20.0	-19.0	-28.0	125.63
29	8.0	7.0	-50.0	11.0	-9.0	-18.0	3.0	14.0	129.61
30	3.0	-28.0	-128.0	-128.0	-49.0	-8.0	-28.0	31.0	136.45
31	-92.0	9.0	-63.0	27.0	-1.0	-1.0	-3.0	9.0	145.59
32	9.0	-30.0	-16.0	-59.0	62.0	-128.0	1.0	15.0	149.63
33	6.0	-46.0	-83.0	114.0	-42.0	33.0	-32.0	0.0	145.1
34	92.0	21.0	-95.0	-104.0	-3.0	8.0	-8.0	7.0	143.61
35	6.0	-3.0	127.0	46.0	-8.0	-111.0	0.0	22.0	142.94
36	-8.0	-59.0	-7.0	42.0	-51.0	-128.0	1.0	49.0	143.71
37	-21.0	-6.0	76.0	5.0	93.0	-34.0	21.0	15.0	145.1
38	1.0	36.0	44.0	15.0	40.0	-25.0	1.0	-39.0	145.59
39	-2.0	7.0	94.0	-49.0	-126.0	-18.0	-51.0	-77.0	164.86
40	-1.0	-29.0	-11.0	-59.0	108.0	100.0	14.0	-10.0	150.53
41	-4.0	20.0	-25.0	-66.0	78.0	18.0	6.0	-14.0	148.2
42	10.0	81.0	-31.0	-102.0	111.0	21.0	9.0	42.0	164.8
43	3.0	-8.0	-128.0	-34.0	69.0	-76.0	11.0	14.0	152.07
44	26.0	22.0	-111.0	127.0	29.0	0.0	-47.0	5.0	151.44
45	14.0	19.0	30.0	-14.0	33.0	0.0	-8.0	-17.0	164.49
46	2.0	2.0	11.0	18.0	13.0	-5.0	-1.0	-21.0	148.89
47	50.0	-100.0	3.0	-31.0	39.0	-25.0	1.0	-10.0	164.49
48	15.0	12.0	59.0	46.0	-21.0	-16.0	9.0	-37.0	164.86
49	15.0	-43.0	49.0	-35.0	-71.0	45.0	-5.0	-9.0	153.52
50	6.0	29.0	-94.0	-12.0	4.0	-49.0	-6.0	-2.0	151.13
51	-3.0	-1.0	2.0	55.0	-82.0	-4.0	-4.0	15.0	151.44
52	37.0	-59.0	-96.0	-56.0	13.0	25.0	0.0	-23.0	147.19
53	-10.0	6.0	-58.0	-35.0	-42.0	-85.0	6.0	-10.0	148.2
54	0.0	11.0	-111.0	35.0	11.0	-2.0	-27.0	3.0	143.28
55	31.0	-51.0	-28.0	27.0	112.0	-42.0	3.0	122.0	135.24
56	25.0	-128.0	51.0	71.0	-83.0	-4.0	-2.0	36.0	143.71
57	51.0	50.0	18.0	24.0	-31.0	-22.0	-64.0	-5.0	131.02
58	-12.0	55.0	127.0	-3.0	-49.0	-33.0	-9.0	-4.0	117.65
59	-4.0	39.0	91.0	-117.0	23.0	-60.0	1.0	-37.0	125.68
60	-41.0	6.0	127.0	24.0	112.0	-1.0	-8.0	-84.0	113.29
61	-70.0	127.0	-68.0	-26.0	-68.0	-36.0	1.0	-17.0	107.63
62	-19.0	20.0	91.0	-89.0	-4.0	-9.0	6.0	-3.0	121.98
63	-13.0	80.0	51.0	-32.0	26.0	30.0	0.0	-2.0	115.41
64	10.0	48.0	3.0	-7.0	-17.0	-4.0	5.0	1.0	90.55
65	92.0	-42.0	-111.0	1.0	-2.0	37.0	-2.0	-37.0	70.94
66	26.0	-44.0	18.0	-12.0	39.0	-18.0	-3.0	-39.0	70.48
67	18.0	-12.0	-5.0	55.0	-30.0	-22.0	-9.0	0.0	70.94
68	-33.0	-74.0	127.0	111.0	33.0	-18.0	-19.0	122.0	91.73
69	-10.0	-84.0	59.0	42.0	40.0	7.0	31.0	17.0	107.63
70	-40.0	6.0	102.0	-28.0	62.0	37.0	3.0	-5.0	76.61
71	-12.0	92.0	-63.0	15.0	29.0	19.0	-3.0	-4.0	113.42
72	-29.0	36.0	-34.0	-82.0	-3.0	26.0	13.0	-10.0	111.3
73	-20.0	127.0	-10.0	4.0	17.0	-85.0	-17.0	4.0	102.87
74	11.0	9.0	-95.0	65.0	-24.0	6.0	-2.0	-9.0	90.55
75	-35.0	22.0	-128.0	27.0	111.0	48.0	-10.0	-9.0	76.61
76	15.0	21.0	28.0	-23.0	2.0	92.0	4.0	-6.0	104.46
77	-9.0	3.0	59.0	19.0	-70.0	-47.0	15.0	-5.0	99.86
78	3.0	-5.0	94.0	-27.0	-6.0	-61.0	-26.0	1.0	70.9
79	-23.0	28.0	62.0	109.0	101.0	30.0	1.0	-42.0	69.74
80	11.0	-8.0	-22.0	72.0	-55.0	-3.0	-87.0	0.0	68.39
81	-9.0	-1.0	35.0	42.0	-6.0	-12.0	45.0	-84.0	68.85
82	-11.0	0.0	12.0	55.0	58.0	19.0	21.0	0.0	69.55
83	-13.0	107.0	127.0	-39.0	-128.0	-80.0	-9.0	-14.0	68.63
