0	0.0	127.0	-34.0	14.0	15.0	-27.0	-4.0	-48.0	131.78
1	-110.0	-115.0	-14.0	-3.0	-17.0	51.0	5.0	-1.0	138.49
2	61.0	105.0	70.0	20.0	-30.0	20.0	-128.0	22.0	124.49
3	22.0	115.0	101.0	44.0	11.0	-97.0	16.0	44.0	115.88
4	27.0	102.0	-128.0	49.0	19.0	12.0	7.0	17.0	113.24
5	-35.0	-26.0	31.0	24.0	5.0	-6.0	120.0	16.0	120.78
6	69.0	-96.0	-11.0	-82.0	3.0	4.0	5.0	21.0	136.9
7	127.0	32.0	11.0	23.0	3.0	-60.0	-52.0	4.0	138.66
8	49.0	-32.0	127.0	125.0	-27.0	10.0	4.0	15.0	140.17
9	-128.0	113.0	-105.0	14.0	-50.0	-13.0	-90.0	41.0	140.17
10	-121.0	127.0	18.0	95.0	-43.0	-50.0	-113.0	17.0	142.89
11	24.0	26.0	16.0	-8.0	4.0	-90.0	-24.0	22.0	141.48
12	15.0	20.0	75.0	36.0	46.0	-62.0	-78.0	-7.0	141.67
13	73.0	-12.0	54.0	3.0	-5.0	-3.0	58.0	-7.0	143.12
14	-32.0	23.0	19.0	77.0	-60.0	36.0	61.0	20.0	143.12
15	-8.0	-55.0	-58.0	-1.0	12.0	-7.0	34.0	36.0	143.3
16	10.0	127.0	50.0	-100.0	12.0	40.0	106.0	-40.0	142.56
17	-39.0	34.0	-29.0	-128.0	15.0	4.0	58.0	14.0	142.89
18	69.0	11.0	47.0	17.0	-6.0	46.0	65.0	7.0	138.66
19	-95.0	-107.0	-96.0	21.0	46.0	3.0	47.0	23.0	129.33
20	-50.0	68.0	-39.0	-2.0	-25.0	0.0	55.0	-9.0	135.62
21	127.0	6.0	13.0	20.0	-27.0	28.0	-95.0	9.0	134.54
22	61.0	-77.0	-69.0	-128.0	78.0	11.0	65.0	-24.0	136.9
23	-80.0	-32.0	-49.0	-3.0	7.0	-31.0	111.0	70.0	135.7
24	34.0	-29.0	-53.0	-8.0	-8.0	12.0	-128.0	46.0	129.74
25	127.0	-50.0	87.0	-14.0	-7.0	-27.0	127.0	-4.0	118.25
26	110.0	-21.0	39.0	-39.0	0.0	17.0	45.0	18.0	118.25
27	87.0	-10.0	21.0	49.0	23.0	113.0	-63.0	42.0	113.24
28	102.0	-128.0	-80.0	123.0	-3.0	-45.0	19.0	-69.0	105.17
29	92.0	-76.0	127.0	33.0	-62.0	-28.0	-101.0	51.0	105.89
30	35.0	34.0	1.0	38.0	40.0	-14.0	18.0	-21.0	105.89
31	53.0	115.0	11.0	-29.0	-16.0	-6.0	25.0	-13.0	101.67
32	-104.0	78.0	59.0	18.0	-34.0	5.0	102.0	15.0	110.32
33	-7.0	116.0	-17.0	-49.0	-4.0	-80.0	-14.0	-16.0	101.67
34	-11.0	118.0	-70.0	-4.0	2.0	-10.0	-90.0	25.0	104.8
35	54.0	42.0	-26.0	-84.0	-61.0	2.0	-6.0	50.0	104.99
36	121.0	-120.0	28.0	127.0	16.0	-29.0	-29.0	-97.0	104.43
37	6.0	-16.0	-68.0	-18.0	8.0	0.0	35.0	58.0	100.03
38	20.0	31.0	-19.0	3.0	-25.0	-29.0	70.0	24.0	99.42
39	-38.0	93.0	-21.0	-28.0	32.0	-45.0	105.0	-78.0	76.14
40	-100.0	20.0	25.0	-25.0	-8.0	21.0	57.0	-47.0	87.16
41	87.0	95.0	43.0	23.0	11.0	11.0	-3.0	-10.0	77.28
42	-9.0	-85.0	-29.0	9.0	21.0	31.0	-3.0	49.0	68.22
43	22.0	-92.0	-3.0	-22.0	-69.0	127.0	-28.0	21.0	76.52
44	-66.0	-9.0	22.0	-16.0	-15.0	-5.0	8.0	-35.0	98.57
45	106.0	42.0	-30.0	26.0	9.0	9.0	-86.0	-29.0	77.77
46	55.0	87.0	-75.0	31.0	9.0	-25.0	80.0	92.0	63.91
47	-117.0	5.0	88.0	-9.0	-5.0	-26.0	79.0	11.0	63.1
48	-120.0	-9.0	32.0	-30.0	21.0	5.0	83.0	-92.0	63.1
49	92.0	43.0	-7.0	92.0	-7.0	22.0	-24.0	38.0	67.25
50	-102.0	91.0	33.0	5.0	0.0	12.0	-9.0	23.0	66.57
51	-128.0	99.0	48.0	25.0	9.0	10.0	91.0	-27.0	61.75
52	-7.0	-128.0	22.0	-39.0	11.0	-12.0	127.0	-83.0	67.25
53	-121.0	-94.0	-5.0	-11.0	-3.0	20.0	36.0	-2.0	58.22
54	85.0	127.0	-36.0	-10.0	-15.0	70.0	-96.0	68.0	58.87
55	121.0	-77.0	-19.0	-1.0	-10.0	-8.0	37.0	82.0	43.77
56	-90.0	15.0	-19.0	9.0	-31.0	3.0	80.0	-76.0	47.19
57	90.0	36.0	5.0	-82.0	-12.0	-7.0	-111.0	75.0	41.97
58	72.0	-54.0	-128.0	-61.0	7.0	4.0	7.0	-46.0	41.97
59	-16.0	127.0	-43.0	26.0	-26.0	-23.0	-77.0	-13.0	41.13
60	79.0	-127.0	-127.0	9.0	-8.0	-97.0	-67.0	23.0	41.16
61	64.0	-119.0	38.0	87.0	14.0	-7.0	-43.0	-46.0	47.19
62	-14.0	-128.0	-44.0	29.0	-54.0	21.0	-128.0	-6.0	52.66
63	23.0	-18.0	35.0	15.0	-38.0	33.0	-55.0	-46.0	58.22
64	48.0	-20.0	43.0	11.0	-1.0	8.0	-67.0	70.0	63.91
65	93.0	127.0	127.0	-2.0	12.0	5.0	-85.0	89.0	76.14
66	-61.0	108.0	14.0	-8.0	31.0	-5.0	97.0	54.0	78.75
67	-74.0	127.0	38.0	-14.0	12.0	-51.0	75.0	-13.0	78.75
68	102.0	79.0	104.0	78.0	18.0	-4.0	28.0	75.0	99.04
69	-87.0	-84.0	-75.0	22.0	6.0	29.0	16.0	17.0	99.04
70	-28.0	45.0	-12.0	-6.0	-23.0	-9.0	44.0	-57.0	99.2
71	43.0	-94.0	-85.0	-26.0	3.0	-39.0	-100.0	-14.0	103.54
72	8.0	-27.0	81.0	-30.0	-1.0	1.0	-25.0	-64.0	99.42
73	-19.0	110.0	81.0	-36.0	-15.0	10.0	106.0	101.0	111.97
74	-109.0	96.0	-7.0	2.0	3.0	-81.0	5.0	-16.0	104.8
75	127.0	-23.0	16.0	40.0	24.0	43.0	59.0	57.0	108.01
76	127.0	26.0	31.0	-9.0	-17.0	25.0	-7.0	2.0	124.76
77	-55.0	-39.0	-53.0	22.0	25.0	-49.0	100.0	-65.0	115.43
78	127.0	22.0	63.0	7.0	-28.0	-11.0	61.0	1.0	105.17
79	52.0	6.0	2.0	-1.0	-1.0	-17.0	-47.0	8.0	120.97
80	-84.0	-91.0	-105.0	-56.0	6.0	-14.0	2.0	-64.0	108.63
81	-29.0	10.0	5.0	-1.0	-18.0	107.0	82.0	-48.0	108.63
82	-7.0	-128.0	-24.0	-11.0	9.0	-73.0	64.0	5.0	124.49
83	106.0	-1.0	70.0	11.0	-43.0	-32.0	55.0	7.0	115.43
84	127.0	121.0	120.0	-36.0	-41.0	-25.0	-66.0	-12.0	129.33
