0	-7.0	-3.0	21.0	-10.0	-4.0	-26.0	21.0	50.0	92.83
1	31.0	-114.0	-39.0	29.0	-4.0	1.0	3.0	-7.0	94.06
2	-128.0	-115.0	-41.0	49.0	-3.0	14.0	-10.0	-33.0	96.91
3	127.0	127.0	-66.0	-33.0	25.0	-7.0	24.0	-29.0	94.23
4	127.0	-52.0	15.0	-57.0	5.0	23.0	0.0	79.0	96.35
5	15.0	90.0	69.0	49.0	35.0	-3.0	-2.0	-8.0	97.9
6	-49.0	-70.0	68.0	31.0	3.0	37.0	-2.0	-15.0	100.54
7	19.0	14.0	83.0	-40.0	32.0	1.0	1.0	48.0	98.45
8	23.0	-86.0	98.0	-1.0	-36.0	-5.0	-54.0	30.0	106.05
9	-128.0	49.0	37.0	-44.0	1.0	-1.0	10.0	-29.0	119.34
10	-14.0	127.0	-46.0	74.0	20.0	4.0	-26.0	-16.0	121.94
11	127.0	96.0	-29.0	-97.0	-15.0	-19.0	-14.0	127.0	126.51
12	-43.0	-2.0	111.0	-20.0	7.0	14.0	2.0	7.0	124.7
13	92.0	-32.0	43.0	8.0	-4.0	-9.0	8.0	-7.0	128.2
14	74.0	75.0	-113.0	79.0	18.0	-9.0	-6.0	-34.0	129.9
15	-56.0	31.0	-118.0	-93.0	-10.0	-3.0	1.0	16.0	129.29
16	-32.0	-107.0	28.0	-41.0	32.0	11.0	-6.0	2.0	130.37
17	126.0	26.0	-111.0	0.0	-6.0	10.0	-10.0	-59.0	118.21
18	13.0	-21.0	32.0	54.0	27.0	13.0	-15.0	4.0	124.7
19	57.0	127.0	-6.0	-7.0	11.0	-7.0	14.0	17.0	119.34
20	8.0	77.0	22.0	2.0	5.0	11.0	-6.0	-2.0	126.86
21	127.0	-92.0	-72.0	51.0	7.0	-33.0	3.0	78.0	129.29
22	-48.0	127.0	-39.0	-3.0	10.0	7.0	-4.0	-17.0	126.99
23	127.0	-36.0	16.0	-21.0	7.0	32.0	2.0	-20.0	129.53
24	-74.0	-34.0	58.0	14.0	-10.0	14.0	-46.0	28.0	130.37
25	-96.0	-75.0	17.0	57.0	-1.0	-16.0	-6.0	-4.0	130.29
26	-12.0	-81.0	-30.0	-43.0	-22.0	17.0	-4.0	-18.0	130.22
27	18.0	-13.0	25.0	-30.0	-9.0	-15.0	-12.0	1.0	126.86
28	96.0	-96.0	0.0	-6.0	20.0	11.0	21.0	-4.0	126.99
29	127.0	-72.0	22.0	75.0	-14.0	-6.0	73.0	63.0	106.62
30	-4.0	27.0	-34.0	17.0	-7.0	2.0	0.0	-8.0	109.12
31	20.0	-61.0	-20.0	8.0	15.0	-22.0	35.0	11.0	106.05
32	-103.0	62.0	-45.0	-11.0	2.0	11.0	6.0	68.0	102.55
33	-30.0	77.0	-69.0	-7.0	-8.0	13.0	3.0	75.0	113.89
34	33.0	-70.0	-100.0	-15.0	5.0	11.0	-25.0	-22.0	113.89
35	-55.0	-4.0	70.0	-2.0	-8.0	6.0	6.0	-33.0	123.09
36	127.0	39.0	101.0	45.0	-2.0	-9.0	-11.0	-18.0	104.09
37	50.0	-63.0	-10.0	9.0	-9.0	18.0	4.0	-15.0	119.96
38	19.0	70.0	-51.0	-27.0	17.0	-4.0	-10.0	-55.0	104.09
39	77.0	19.0	-16.0	-8.0	-3.0	-8.0	5.0	3.0	113.99
40	84.0	94.0	105.0	28.0	-1.0	-17.0	-18.0	14.0	115.68
41	104.0	8.0	25.0	92.0	-20.0	13.0	-4.0	63.0	118.21
42	-128.0	-61.0	-55.0	18.0	27.0	1.0	-8.0	-1.0	110.3
43	68.0	-93.0	3.0	-26.0	-15.0	19.0	-1.0	-8.0	101.54
44	60.0	67.0	10.0	-21.0	8.0	6.0	-3.0	17.0	98.45
45	-79.0	61.0	94.0	-60.0	-12.0	-5.0	-24.0	32.0	96.35
46	-16.0	44.0	-10.0	-51.0	-4.0	7.0	-16.0	-23.0	93.67
47	-83.0	70.0	-34.0	-76.0	3.0	-16.0	-19.0	-86.0	65.78
48	53.0	41.0	73.0	-21.0	-4.0	9.0	14.0	37.0	83.9
49	86.0	-48.0	-28.0	-31.0	-6.0	13.0	5.0	-38.0	73.44
50	45.0	-37.0	-43.0	-40.0	-7.0	-6.0	17.0	-26.0	73.93
51	-128.0	19.0	-98.0	-40.0	-25.0	-3.0	-4.0	4.0	60.85
52	127.0	92.0	72.0	-74.0	3.0	4.0	22.0	39.0	49.19
53	38.0	54.0	80.0	41.0	2.0	15.0	-8.0	58.0	56.29
54	-126.0	-58.0	5.0	61.0	7.0	-1.0	31.0	3.0	58.82
55	-76.0	63.0	-13.0	108.0	2.0	-12.0	-7.0	43.0	65.78
56	-56.0	67.0	-7.0	-46.0	21.0	-7.0	8.0	-13.0	62.72
57	-45.0	-128.0	9.0	-17.0	-1.0	-13.0	16.0	-1.0	49.19
58	18.0	127.0	-74.0	83.0	-4.0	30.0	-3.0	15.0	58.38
59	86.0	-35.0	-9.0	16.0	-3.0	-6.0	-16.0	2.0	61.59
60	57.0	-108.0	58.0	-71.0	-28.0	-2.0	14.0	-16.0	72.61
61	73.0	-97.0	-29.0	-7.0	11.0	13.0	-3.0	-41.0	63.7
62	112.0	-31.0	-11.0	29.0	27.0	1.0	10.0	-4.0	75.93
63	-79.0	-41.0	58.0	-6.0	1.0	22.0	16.0	5.0	73.74
64	-54.0	-34.0	82.0	-42.0	5.0	5.0	11.0	56.0	64.24
65	-68.0	17.0	-30.0	40.0	13.0	6.0	3.0	5.0	53.11
66	99.0	13.0	-31.0	38.0	13.0	1.0	18.0	-30.0	59.83
67	-36.0	-33.0	28.0	85.0	-9.0	0.0	-5.0	11.0	63.82
68	-111.0	-50.0	-25.0	-15.0	-15.0	-20.0	-14.0	68.0	53.11
69	92.0	71.0	22.0	-17.0	-28.0	23.0	-45.0	5.0	47.77
70	-22.0	17.0	-57.0	-16.0	11.0	-31.0	19.0	22.0	60.85
71	52.0	127.0	-75.0	31.0	-16.0	-11.0	17.0	-18.0	64.46
72	127.0	125.0	22.0	-42.0	-2.0	-18.0	-1.0	26.0	93.67
73	110.0	-90.0	-65.0	-82.0	-5.0	-15.0	-6.0	46.0	73.61
74	114.0	127.0	-81.0	71.0	14.0	-30.0	13.0	4.0	94.06
75	31.0	97.0	47.0	-102.0	-7.0	6.0	0.0	-2.0	64.69
76	-44.0	-128.0	30.0	-28.0	-5.0	-1.0	0.0	-11.0	72.61
77	-45.0	-99.0	-60.0	38.0	-24.0	-13.0	20.0	24.0	92.75
78	99.0	127.0	5.0	7.0	-14.0	3.0	-4.0	-3.0	73.74
79	-120.0	127.0	-43.0	5.0	-1.0	-11.0	6.0	-30.0	63.82
80	-84.0	-76.0	-42.0	9.0	-4.0	-1.0	-6.0	2.0	71.75
