0	-93.0	-51.0	-105.0	62.0	16.0	-22.0	-17.0	-20.0	74.69
1	38.0	65.0	-111.0	-17.0	-9.0	12.0	-3.0	2.0	78.61
2	-106.0	-27.0	21.0	-73.0	4.0	-7.0	-11.0	-43.0	74.69
3	-17.0	-101.0	-39.0	15.0	-3.0	25.0	-7.0	-56.0	78.67
4	86.0	6.0	7.0	127.0	3.0	-1.0	6.0	-37.0	103.95
5	93.0	122.0	32.0	-30.0	6.0	6.0	-3.0	-25.0	105.16
6	-125.0	56.0	16.0	-47.0	-8.0	-2.0	4.0	-13.0	117.03
7	-74.0	106.0	-128.0	60.0	10.0	3.0	20.0	16.0	115.15
8	-116.0	39.0	-10.0	-67.0	15.0	17.0	10.0	-50.0	109.92
9	46.0	101.0	127.0	17.0	0.0	-5.0	-8.0	-36.0	108.49
10	26.0	-121.0	-46.0	-62.0	6.0	-22.0	-7.0	5.0	107.35
11	-20.0	-66.0	-75.0	16.0	4.0	12.0	-11.0	-7.0	106.61
12	9.0	-128.0	26.0	-45.0	0.0	-14.0	6.0	40.0	117.03
13	98.0	-10.0	25.0	-73.0	-12.0	-1.0	4.0	9.0	119.89
14	-120.0	127.0	12.0	57.0	-1.0	-10.0	-12.0	-17.0	130.38
15	-72.0	-91.0	28.0	-8.0	2.0	16.0	22.0	10.0	130.77
16	127.0	-128.0	-95.0	52.0	5.0	8.0	-23.0	-47.0	124.58
17	-128.0	0.0	-46.0	-81.0	-3.0	-5.0	10.0	24.0	115.15
18	-66.0	127.0	-17.0	-57.0	0.0	0.0	-21.0	15.0	121.36
19	84.0	-111.0	-57.0	-45.0	-2.0	2.0	-18.0	-80.0	122.61
20	98.0	116.0	-66.0	-16.0	-4.0	-1.0	5.0	-19.0	107.18
21	-55.0	55.0	127.0	10.0	-8.0	-2.0	-8.0	33.0	107.35
22	127.0	-9.0	-92.0	-72.0	-28.0	-6.0	12.0	-7.0	110.62
23	-15.0	72.0	-128.0	-22.0	10.0	-12.0	8.0	-28.0	127.6
24	122.0	-95.0	127.0	-77.0	17.0	0.0	-11.0	-1.0	109.92
25	-40.0	-116.0	31.0	127.0	-24.0	-24.0	13.0	31.0	129.73
26	-128.0	64.0	1.0	52.0	6.0	-23.0	-15.0	8.0	130.55
27	66.0	-80.0	109.0	32.0	0.0	5.0	3.0	-25.0	130.38
28	71.0	-31.0	10.0	-128.0	28.0	-5.0	15.0	-48.0	130.92
29	36.0	93.0	37.0	90.0	-9.0	-1.0	-3.0	-1.0	128.99
30	4.0	-128.0	-14.0	95.0	-24.0	-1.0	-7.0	11.0	124.75
31	-1.0	-93.0	-107.0	-36.0	6.0	-10.0	22.0	-6.0	126.69
32	-72.0	54.0	117.0	14.0	18.0	24.0	5.0	-10.0	129.73
33	38.0	127.0	-24.0	-41.0	-10.0	8.0	-8.0	19.0	128.82
34	123.0	7.0	-66.0	12.0	-12.0	5.0	7.0	-35.0	111.23
35	127.0	90.0	41.0	4.0	-23.0	38.0	-16.0	-83.0	113.02
36	27.0	-77.0	55.0	90.0	-5.0	-24.0	22.0	8.0	127.6
37	-108.0	-28.0	-82.0	0.0	38.0	15.0	-5.0	-17.0	117.45
38	-30.0	127.0	-39.0	-52.0	-7.0	6.0	-7.0	24.0	124.97
39	-116.0	33.0	-92.0	-17.0	-4.0	-20.0	-3.0	27.0	131.01
40	-101.0	36.0	-77.0	3.0	16.0	-3.0	5.0	-39.0	130.92
41	-74.0	-122.0	74.0	123.0	-7.0	1.0	-10.0	-36.0	127.23
42	-16.0	-28.0	-51.0	16.0	14.0	-8.0	-15.0	-28.0	127.23
43	-19.0	14.0	-112.0	27.0	18.0	8.0	-3.0	59.0	129.0
44	-68.0	-25.0	28.0	-89.0	-19.0	-15.0	20.0	5.0	120.05
45	85.0	-24.0	-128.0	-71.0	5.0	0.0	12.0	-67.0	124.75
46	23.0	16.0	-61.0	-34.0	-14.0	7.0	-5.0	4.0	104.01
47	-61.0	42.0	47.0	-126.0	-13.0	-37.0	-6.0	11.0	106.49
48	-22.0	-18.0	23.0	127.0	20.0	-5.0	4.0	-1.0	106.89
49	-74.0	-10.0	-6.0	-46.0	-18.0	-6.0	8.0	13.0	102.22
50	89.0	11.0	16.0	-128.0	-20.0	-13.0	-28.0	19.0	105.16
51	-119.0	9.0	-31.0	81.0	5.0	4.0	-9.0	-83.0	87.81
52	104.0	-3.0	-15.0	21.0	-33.0	-13.0	-7.0	92.0	106.49
53	-8.0	-128.0	123.0	-67.0	-6.0	-22.0	2.0	-44.0	103.95
54	-3.0	127.0	12.0	20.0	-23.0	0.0	-1.0	37.0	121.36
55	-84.0	63.0	54.0	21.0	13.0	-11.0	5.0	-34.0	89.72
56	-21.0	-83.0	-128.0	113.0	5.0	5.0	15.0	48.0	92.75
57	-47.0	-90.0	-5.0	15.0	-14.0	9.0	-5.0	30.0	101.34
58	2.0	91.0	-22.0	-54.0	5.0	-1.0	4.0	-26.0	87.81
59	60.0	-112.0	-69.0	-47.0	-19.0	33.0	-6.0	10.0	92.75
60	-14.0	-26.0	0.0	48.0	-3.0	10.0	18.0	-68.0	85.96
61	27.0	107.0	-88.0	-33.0	-17.0	7.0	-13.0	5.0	81.32
62	-13.0	-40.0	40.0	-7.0	-10.0	-8.0	18.0	-13.0	72.45
63	16.0	-68.0	-45.0	-75.0	10.0	3.0	-2.0	-30.0	72.45
64	-84.0	-128.0	56.0	-32.0	-8.0	11.0	7.0	18.0	65.74
65	-13.0	-80.0	-86.0	0.0	-8.0	-2.0	1.0	65.0	72.46
66	-22.0	114.0	32.0	-19.0	-24.0	5.0	10.0	-10.0	65.34
67	-24.0	56.0	45.0	6.0	-2.0	-8.0	5.0	-42.0	65.74
68	-124.0	-20.0	62.0	-51.0	-8.0	18.0	3.0	-43.0	66.2
69	41.0	-107.0	52.0	16.0	20.0	-30.0	1.0	-53.0	66.2
70	21.0	-125.0	-126.0	-15.0	0.0	3.0	-15.0	-24.0	67.48
71	30.0	77.0	91.0	37.0	6.0	12.0	0.0	-51.0	71.11
72	-33.0	49.0	-112.0	-65.0	16.0	27.0	3.0	22.0	72.66
73	-117.0	127.0	-67.0	-18.0	6.0	-6.0	-4.0	17.0	72.15
74	9.0	-17.0	44.0	10.0	25.0	-20.0	-26.0	-15.0	64.4
75	-67.0	-111.0	-113.0	-22.0	1.0	11.0	50.0	15.0	72.66
76	84.0	65.0	-8.0	-4.0	14.0	1.0	-20.0	14.0	73.13
77	-41.0	10.0	-82.0	-24.0	6.0	1.0	6.0	15.0	75.96
78	-70.0	-20.0	45.0	-31.0	2.0	8.0	-75.0	18.0	78.61
79	69.0	-1.0	55.0	7.0	-17.0	-12.0	-10.0	1.0	71.29
80	-115.0	-1.0	70.0	55.0	-14.0	28.0	-5.0	35.0	76.44
81	4.0	-126.0	-59.0	32.0	0.0	-8.0	-12.0	34.0	73.25
82	81.0	-95.0	55.0	17.0	-14.0	13.0	-2.0	-19.0	72.15
83	-124.0	103.0	28.0	-89.0	-11.0	0.0	0.0	-16.0	71.11
