0	0.0	0.0	40.0	-21.0	-8.0	-12.0	-14.0	33.0	101.61
1	-74.0	-67.0	23.0	7.0	-4.0	-3.0	2.0	5.0	83.24
2	108.0	-53.0	-100.0	38.0	3.0	22.0	2.0	-16.0	76.12
3	11.0	26.0	38.0	-47.0	9.0	-16.0	-1.0	-12.0	102.25
4	97.0	-81.0	23.0	-8.0	1.0	7.0	-20.0	-25.0	72.37
5	122.0	58.0	30.0	46.0	-4.0	-17.0	9.0	-16.0	73.25
6	61.0	-41.0	-128.0	-27.0	-11.0	13.0	-29.0	-33.0	75.67
7	101.0	-97.0	-78.0	80.0	0.0	6.0	3.0	18.0	77.46
8	-66.0	79.0	-128.0	-104.0	6.0	10.0	-3.0	-40.0	76.02
9	-128.0	-69.0	-128.0	2.0	-6.0	-18.0	5.0	-58.0	101.23
10	31.0	-14.0	-33.0	37.0	-23.0	19.0	-6.0	-29.0	101.23
11	127.0	127.0	37.0	37.0	16.0	15.0	22.0	-62.0	103.87
12	-93.0	-9.0	127.0	-128.0	-2.0	-8.0	-1.0	-10.0	107.75
13	127.0	40.0	34.0	13.0	10.0	-6.0	-11.0	36.0	109.22
14	77.0	100.0	37.0	25.0	-7.0	-15.0	0.0	-2.0	112.78
15	-55.0	-19.0	-85.0	12.0	-6.0	-11.0	8.0	33.0	109.01
16	-78.0	37.0	-48.0	-21.0	6.0	17.0	-8.0	-67.0	110.95
17	62.0	-119.0	-97.0	99.0	-9.0	-15.0	10.0	-86.0	106.65
18	-99.0	83.0	-75.0	-9.0	-4.0	1.0	11.0	3.0	113.67
19	6.0	-128.0	-68.0	75.0	15.0	12.0	-21.0	-47.0	106.65
20	-101.0	61.0	89.0	-74.0	-20.0	-5.0	0.0	36.0	106.69
21	111.0	-5.0	-86.0	-17.0	8.0	-7.0	-3.0	54.0	102.32
22	-6.0	-116.0	122.0	-6.0	21.0	-6.0	-10.0	-28.0	107.25
23	9.0	-66.0	14.0	99.0	-13.0	-3.0	6.0	102.0	109.01
24	-99.0	-21.0	20.0	62.0	11.0	-5.0	-8.0	-64.0	119.32
25	50.0	-128.0	57.0	-26.0	8.0	-2.0	13.0	-47.0	115.42
26	116.0	65.0	4.0	44.0	-15.0	-3.0	30.0	15.0	120.06
27	-128.0	68.0	40.0	-36.0	15.0	32.0	-7.0	-22.0	118.07
28	-128.0	97.0	16.0	6.0	-3.0	12.0	-2.0	2.0	120.06
29	-48.0	-7.0	-41.0	2.0	-20.0	-4.0	-20.0	36.0	127.95
30	-1.0	-35.0	23.0	100.0	1.0	-11.0	14.0	37.0	136.05
31	-128.0	-85.0	-65.0	-28.0	6.0	-9.0	0.0	4.0	127.44
32	-70.0	-119.0	-91.0	30.0	-1.0	-14.0	6.0	-46.0	136.57
33	-13.0	-21.0	-119.0	-98.0	-13.0	11.0	-11.0	22.0	136.52
34	127.0	89.0	114.0	-61.0	4.0	1.0	11.0	-94.0	136.52
35	-128.0	5.0	86.0	-19.0	-17.0	26.0	-12.0	55.0	125.28
36	-128.0	-83.0	-82.0	5.0	2.0	-18.0	-13.0	-24.0	134.64
37	-121.0	71.0	-56.0	-25.0	-15.0	11.0	-4.0	-2.0	129.25
38	-28.0	63.0	92.0	-41.0	-1.0	-10.0	-1.0	-7.0	134.74
39	52.0	-10.0	16.0	-57.0	3.0	3.0	5.0	-12.0	127.95
40	14.0	127.0	94.0	1.0	7.0	3.0	-1.0	32.0	134.74
41	-9.0	-35.0	-59.0	-11.0	10.0	-22.0	4.0	-120.0	131.76
42	123.0	119.0	-2.0	6.0	-13.0	-6.0	-15.0	59.0	125.28
43	52.0	-111.0	-61.0	17.0	21.0	26.0	16.0	33.0	131.18
44	35.0	75.0	32.0	24.0	-15.0	-34.0	-1.0	-29.0	126.38
45	38.0	92.0	-33.0	-16.0	-12.0	5.0	-18.0	-2.0	126.32
46	93.0	9.0	-3.0	-22.0	-22.0	20.0	-3.0	-33.0	124.07
47	-128.0	-128.0	127.0	21.0	-4.0	-33.0	16.0	-8.0	129.25
48	-128.0	90.0	-52.0	7.0	9.0	-4.0	11.0	36.0	131.69
49	-102.0	123.0	-109.0	17.0	9.0	8.0	0.0	-56.0	134.77
50	99.0	80.0	127.0	127.0	-3.0	10.0	-3.0	-2.0	136.01
51	75.0	-128.0	-90.0	-38.0	5.0	4.0	-6.0	-4.0	136.01
52	-18.0	-128.0	121.0	33.0	1.0	0.0	8.0	8.0	135.22
53	48.0	-128.0	-128.0	28.0	-15.0	2.0	-6.0	-14.0	123.83
54	-53.0	127.0	10.0	-97.0	3.0	-11.0	-10.0	9.0	122.22
55	10.0	-57.0	-8.0	13.0	14.0	4.0	1.0	13.0	113.67
56	-66.0	-107.0	19.0	-94.0	1.0	11.0	-3.0	6.0	111.98
57	-20.0	127.0	-128.0	114.0	19.0	-17.0	1.0	-7.0	119.32
58	21.0	-4.0	-49.0	30.0	-11.0	6.0	-14.0	22.0	106.52
59	127.0	-75.0	-36.0	8.0	6.0	-5.0	-1.0	5.0	77.27
60	90.0	46.0	-116.0	30.0	2.0	23.0	-8.0	-51.0	102.32
61	17.0	-128.0	-17.0	-25.0	7.0	-6.0	-16.0	41.0	106.52
62	-125.0	90.0	-128.0	20.0	-16.0	-11.0	0.0	-95.0	83.24
63	74.0	-94.0	91.0	-35.0	0.0	3.0	-2.0	-70.0	85.94
64	4.0	57.0	-7.0	-33.0	7.0	10.0	0.0	-55.0	78.27
65	-128.0	69.0	-22.0	-128.0	8.0	23.0	5.0	-32.0	75.42
66	52.0	68.0	2.0	-9.0	27.0	5.0	-1.0	11.0	75.27
67	107.0	85.0	56.0	-48.0	-13.0	-10.0	4.0	69.0	72.77
68	49.0	-67.0	-52.0	12.0	-11.0	-18.0	-4.0	-39.0	73.96
69	57.0	121.0	-15.0	-22.0	-1.0	15.0	5.0	-1.0	73.96
70	-121.0	12.0	11.0	127.0	15.0	-11.0	-3.0	20.0	76.12
71	73.0	-109.0	-10.0	-88.0	0.0	2.0	-14.0	-48.0	103.86
72	-60.0	-12.0	-53.0	-3.0	7.0	-7.0	-5.0	-53.0	77.27
73	103.0	-114.0	-18.0	16.0	-7.0	-2.0	26.0	-85.0	85.94
74	83.0	-18.0	-31.0	-42.0	-3.0	-16.0	-11.0	18.0	74.72
75	-128.0	106.0	7.0	-54.0	-5.0	12.0	-22.0	37.0	72.37
76	-97.0	-62.0	-1.0	-81.0	4.0	1.0	-5.0	-5.0	74.86
77	19.0	-123.0	106.0	127.0	-15.0	-26.0	7.0	-8.0	76.47
78	-114.0	27.0	12.0	-31.0	23.0	9.0	-11.0	25.0	75.67
79	11.0	69.0	21.0	-86.0	-9.0	-21.0	23.0	0.0	73.25
80	127.0	-44.0	29.0	-9.0	-2.0	-15.0	-2.0	-78.0	77.06
81	-9.0	28.0	-67.0	78.0	-3.0	9.0	-7.0	-28.0	78.27
82	79.0	-21.0	-15.0	-40.0	-9.0	15.0	-6.0	-57.0	93.36
