0	127.0	-99.0	-128.0	-6.0	19.0	12.0	85.0	-49.0	101.33
1	-92.0	-104.0	2.0	2.0	10.0	4.0	16.0	-82.0	106.11
2	-10.0	32.0	27.0	-20.0	-14.0	18.0	-11.0	118.0	125.12
3	127.0	117.0	15.0	-50.0	1.0	-43.0	127.0	-51.0	127.25
4	123.0	-55.0	-26.0	26.0	4.0	28.0	-71.0	46.0	116.42
5	-80.0	-29.0	102.0	18.0	-12.0	-31.0	15.0	-18.0	125.53
6	36.0	54.0	-40.0	7.0	0.0	-23.0	-2.0	-63.0	125.14
7	-95.0	127.0	57.0	-128.0	1.0	31.0	-65.0	61.0	124.9
8	75.0	-66.0	18.0	2.0	1.0	4.0	10.0	-26.0	125.12
9	-128.0	23.0	-66.0	96.0	4.0	-15.0	2.0	108.0	127.86
10	127.0	7.0	0.0	-32.0	18.0	21.0	-57.0	11.0	127.86
11	47.0	-69.0	-76.0	89.0	3.0	5.0	-24.0	-18.0	125.14
12	-24.0	127.0	-44.0	17.0	3.0	-10.0	91.0	-10.0	125.53
13	125.0	-128.0	-56.0	15.0	46.0	21.0	-1.0	39.0	125.06
14	-78.0	-87.0	31.0	73.0	-63.0	17.0	-33.0	51.0	115.18
15	-114.0	68.0	-128.0	9.0	-19.0	-46.0	-11.0	-8.0	109.95
16	57.0	-55.0	19.0	0.0	9.0	14.0	2.0	-12.0	111.98
17	-92.0	127.0	-48.0	-19.0	-6.0	0.0	-8.0	-30.0	115.18
18	59.0	-28.0	5.0	6.0	-29.0	7.0	-9.0	0.0	108.03
19	125.0	-12.0	11.0	-25.0	2.0	9.0	83.0	4.0	104.73
20	127.0	127.0	-25.0	6.0	-18.0	1.0	61.0	-3.0	97.1
21	127.0	-27.0	4.0	-49.0	3.0	15.0	6.0	2.0	101.42
22	14.0	-33.0	9.0	6.0	-18.0	4.0	14.0	93.0	111.98
23	113.0	-22.0	-46.0	-128.0	-3.0	-5.0	-2.0	13.0	116.42
24	9.0	-28.0	127.0	31.0	11.0	-3.0	29.0	35.0	122.13
25	48.0	-43.0	-60.0	-9.0	1.0	36.0	-23.0	-54.0	120.4
26	66.0	-115.0	77.0	16.0	19.0	23.0	-17.0	-51.0	114.75
27	-114.0	-1.0	-68.0	-1.0	-4.0	6.0	22.0	54.0	94.79
28	-49.0	-60.0	127.0	72.0	19.0	-25.0	1.0	-42.0	97.1
29	65.0	127.0	-39.0	-6.0	-10.0	22.0	-84.0	-38.0	94.66
30	66.0	-43.0	56.0	-31.0	-15.0	-40.0	108.0	29.0	89.78
31	69.0	-119.0	58.0	34.0	12.0	-20.0	-29.0	-60.0	83.32
32	64.0	63.0	6.0	-4.0	8.0	36.0	14.0	71.0	82.65
33	79.0	41.0	27.0	-13.0	-39.0	-16.0	-8.0	28.0	88.08
34	63.0	-78.0	1.0	-74.0	14.0	4.0	-70.0	-30.0	74.65
35	-7.0	126.0	-90.0	1.0	9.0	10.0	79.0	-57.0	65.29
36	62.0	56.0	-30.0	-31.0	-18.0	16.0	11.0	-14.0	80.72
37	-26.0	-123.0	1.0	-9.0	18.0	3.0	-13.0	-47.0	73.55
38	-68.0	92.0	-102.0	7.0	-15.0	-2.0	-62.0	23.0	68.82
39	127.0	-128.0	30.0	-34.0	15.0	-26.0	8.0	-1.0	89.78
40	-62.0	87.0	-127.0	108.0	-14.0	-30.0	-14.0	73.0	83.32
41	33.0	57.0	-68.0	-21.0	18.0	18.0	53.0	-38.0	64.62
42	-61.0	-10.0	-12.0	116.0	-13.0	-33.0	-19.0	63.0	65.29
43	56.0	81.0	83.0	-111.0	-19.0	4.0	32.0	-14.0	69.96
44	9.0	-40.0	3.0	40.0	-2.0	-18.0	-66.0	105.0	60.36
45	-128.0	-3.0	63.0	-19.0	9.0	27.0	-5.0	-15.0	61.77
46	-64.0	45.0	-36.0	-8.0	11.0	-21.0	66.0	44.0	60.36
47	56.0	90.0	-27.0	-3.0	-14.0	24.0	5.0	12.0	41.17
48	72.0	-32.0	-11.0	-5.0	-7.0	-5.0	3.0	-10.0	41.36
49	81.0	-66.0	-8.0	-16.0	9.0	-9.0	-47.0	-20.0	50.62
50	13.0	82.0	-44.0	-13.0	9.0	6.0	12.0	-116.0	49.38
51	42.0	-69.0	-56.0	5.0	6.0	-24.0	-12.0	-11.0	41.41
52	10.0	33.0	7.0	-29.0	-8.0	-2.0	102.0	-54.0	39.21
53	-89.0	-101.0	64.0	73.0	21.0	-1.0	-95.0	-10.0	31.72
54	26.0	45.0	98.0	13.0	-23.0	-5.0	-4.0	-33.0	30.69
55	-111.0	13.0	-30.0	91.0	5.0	-57.0	-59.0	-90.0	28.23
56	127.0	22.0	-29.0	3.0	-18.0	22.0	27.0	89.0	28.65
57	63.0	-23.0	-18.0	21.0	27.0	-7.0	-11.0	-11.0	31.49
58	-31.0	-15.0	52.0	-19.0	-30.0	20.0	28.0	21.0	31.71
59	-52.0	-66.0	-100.0	-17.0	4.0	-14.0	-15.0	1.0	30.36
60	-119.0	-30.0	-32.0	4.0	5.0	13.0	-74.0	15.0	30.79
61	-112.0	-69.0	57.0	-35.0	5.0	-24.0	83.0	23.0	28.65
62	104.0	30.0	-5.0	-24.0	-5.0	-13.0	-14.0	-16.0	29.65
63	22.0	17.0	3.0	2.0	5.0	-6.0	24.0	8.0	30.79
64	-51.0	-54.0	15.0	-5.0	-1.0	-13.0	7.0	-20.0	39.21
65	44.0	127.0	3.0	6.0	17.0	4.0	12.0	-89.0	38.6
66	-88.0	48.0	6.0	-42.0	16.0	4.0	-47.0	68.0	43.78
67	34.0	-60.0	52.0	18.0	-21.0	-10.0	-36.0	-20.0	43.78
68	51.0	28.0	44.0	-123.0	-7.0	-42.0	-8.0	-35.0	31.71
69	127.0	15.0	-56.0	7.0	11.0	45.0	-1.0	-32.0	31.72
70	93.0	25.0	85.0	-90.0	-19.0	-9.0	-3.0	37.0	35.33
71	-128.0	80.0	-29.0	-14.0	2.0	-6.0	12.0	25.0	48.37
72	127.0	123.0	50.0	-32.0	6.0	37.0	-14.0	-63.0	49.38
73	-51.0	-47.0	-128.0	-7.0	28.0	7.0	-19.0	65.0	41.36
74	-55.0	-73.0	52.0	14.0	-19.0	-6.0	9.0	28.0	41.17
75	127.0	52.0	-78.0	99.0	29.0	9.0	-98.0	-42.0	36.95
76	-4.0	-91.0	-39.0	5.0	-23.0	-48.0	-4.0	24.0	36.95
77	93.0	-106.0	1.0	-26.0	-3.0	25.0	-31.0	-5.0	43.12
78	-105.0	-96.0	-127.0	127.0	28.0	-5.0	2.0	-11.0	50.18
79	41.0	16.0	0.0	12.0	-7.0	8.0	-9.0	-24.0	50.62
80	-48.0	-107.0	-23.0	-19.0	-11.0	-27.0	27.0	43.0	50.99
81	57.0	23.0	78.0	-10.0	36.0	26.0	16.0	7.0	55.63
82	93.0	64.0	-60.0	1.0	-7.0	-11.0	-19.0	58.0	64.62
83	7.0	-63.0	7.0	3.0	9.0	-22.0	-4.0	-28.0	73.55
84	107.0	-75.0	-30.0	16.0	-2.0	9.0	0.0	-49.0	82.65
85	127.0	19.0	-32.0	-15.0	-36.0	72.0	-43.0	111.0	74.65
86	-67.0	38.0	-54.0	-93.0	-1.0	-10.0	-128.0	-45.0	76.3
87	127.0	24.0	81.0	-22.0	8.0	18.0	2.0	-67.0	87.71
88	-44.0	-47.0	-95.0	-12.0	15.0	-25.0	6.0	-2.0	94.66
