0	-128.0	67.0	122.0	10.0	18.0	9.0	-20.0	33.0	121.71
1	-9.0	61.0	-15.0	-2.0	-8.0	-3.0	1.0	-4.0	118.08
2	-42.0	28.0	-38.0	-12.0	1.0	-14.0	24.0	11.0	112.79
3	-40.0	-105.0	-59.0	108.0	3.0	2.0	-5.0	-35.0	116.65
4	19.0	56.0	-9.0	-52.0	-8.0	5.0	39.0	77.0	116.42
5	-128.0	127.0	65.0	-128.0	-9.0	9.0	23.0	15.0	117.99
6	16.0	-79.0	-8.0	-20.0	14.0	-75.0	-41.0	-30.0	118.08
7	70.0	61.0	-16.0	24.0	-12.0	-8.0	10.0	-37.0	111.75
8	-18.0	-1.0	44.0	-3.0	13.0	3.0	-39.0	127.0	107.32
9	122.0	127.0	9.0	7.0	-1.0	4.0	-15.0	-78.0	110.95
10	-49.0	4.0	30.0	-14.0	-20.0	3.0	-5.0	-20.0	102.08
11	50.0	-118.0	-111.0	-6.0	7.0	16.0	0.0	-17.0	116.65
12	98.0	46.0	-2.0	69.0	-1.0	-17.0	16.0	-70.0	102.45
13	89.0	-44.0	96.0	-104.0	-14.0	-13.0	1.0	13.0	84.4
14	-17.0	-65.0	26.0	-16.0	1.0	11.0	9.0	-34.0	88.98
15	-90.0	-68.0	-128.0	-88.0	-14.0	-10.0	26.0	-47.0	75.29
16	87.0	61.0	-75.0	0.0	3.0	1.0	17.0	24.0	79.08
17	-128.0	-35.0	30.0	88.0	-20.0	-35.0	-5.0	-70.0	76.57
18	-93.0	116.0	-10.0	95.0	8.0	10.0	-15.0	-30.0	66.07
19	127.0	46.0	11.0	-18.0	-2.0	-19.0	33.0	-1.0	56.83
20	34.0	-94.0	110.0	-90.0	9.0	-1.0	-3.0	8.0	48.56
21	-20.0	-102.0	13.0	11.0	3.0	0.0	17.0	-13.0	72.78
22	-26.0	-42.0	-7.0	18.0	-1.0	0.0	35.0	17.0	42.23
23	-128.0	46.0	-29.0	-23.0	-1.0	-6.0	37.0	22.0	37.87
24	-123.0	-111.0	-113.0	21.0	-5.0	30.0	-19.0	-18.0	36.28
25	-81.0	-116.0	-67.0	4.0	-3.0	3.0	-17.0	-70.0	40.25
26	127.0	59.0	110.0	-6.0	20.0	-8.0	8.0	26.0	65.64
27	-46.0	13.0	10.0	-90.0	-2.0	18.0	-57.0	-38.0	63.81
28	-4.0	50.0	48.0	-5.0	-8.0	-13.0	69.0	21.0	42.88
29	-66.0	89.0	53.0	15.0	12.0	20.0	-10.0	-1.0	37.0
30	97.0	-92.0	-75.0	-13.0	4.0	13.0	-22.0	-71.0	63.81
31	54.0	-120.0	-44.0	-33.0	-17.0	-22.0	-13.0	61.0	56.88
32	115.0	-4.0	-10.0	16.0	-23.0	-14.0	1.0	-128.0	41.02
33	-76.0	-41.0	-113.0	127.0	-11.0	-3.0	14.0	-7.0	68.45
34	-96.0	101.0	-24.0	-10.0	-4.0	12.0	2.0	-25.0	48.56
35	37.0	-64.0	47.0	-2.0	11.0	2.0	-12.0	39.0	58.22
36	-51.0	67.0	-12.0	-7.0	-10.0	16.0	28.0	-17.0	62.94
37	45.0	-55.0	-9.0	3.0	-41.0	2.0	16.0	-37.0	57.33
38	-10.0	-50.0	1.0	-23.0	12.0	-2.0	-3.0	-43.0	40.25
39	-128.0	-120.0	58.0	-35.0	-9.0	-1.0	-37.0	8.0	45.09
40	117.0	-15.0	1.0	9.0	4.0	23.0	-15.0	9.0	32.61
41	-85.0	-128.0	-128.0	108.0	0.0	-3.0	-13.0	11.0	25.64
42	-76.0	62.0	33.0	42.0	3.0	16.0	0.0	68.0	33.39
43	127.0	6.0	-8.0	68.0	1.0	-20.0	88.0	-126.0	22.47
44	89.0	1.0	17.0	-48.0	9.0	7.0	11.0	-4.0	22.47
45	-15.0	-128.0	38.0	11.0	8.0	-17.0	18.0	2.0	23.5
46	-41.0	-24.0	16.0	1.0	-30.0	10.0	-50.0	-6.0	20.0
47	37.0	67.0	37.0	-2.0	-6.0	-20.0	5.0	-9.0	25.73
48	-9.0	91.0	-128.0	-70.0	5.0	23.0	68.0	-29.0	25.73
49	115.0	-128.0	-11.0	4.0	0.0	11.0	5.0	62.0	25.19
50	-128.0	-21.0	67.0	-21.0	-9.0	24.0	0.0	-43.0	33.39
51	81.0	46.0	31.0	3.0	-1.0	-14.0	74.0	42.0	42.88
52	-60.0	-102.0	-28.0	-3.0	2.0	9.0	-3.0	-33.0	57.2
53	64.0	83.0	-94.0	-8.0	-18.0	0.0	17.0	54.0	36.28
54	-76.0	10.0	7.0	-21.0	18.0	5.0	7.0	4.0	50.73
55	127.0	-113.0	-62.0	-15.0	-6.0	-7.0	-2.0	-70.0	72.96
56	104.0	64.0	68.0	23.0	-6.0	-12.0	-24.0	26.0	58.22
57	-48.0	-35.0	-94.0	-112.0	6.0	-17.0	7.0	1.0	57.2
58	84.0	-128.0	-35.0	-111.0	-14.0	35.0	-42.0	-15.0	75.29
59	-128.0	22.0	-14.0	-1.0	3.0	-11.0	-88.0	6.0	72.96
60	64.0	-73.0	-113.0	-20.0	18.0	-11.0	-13.0	13.0	84.4
61	-76.0	38.0	-40.0	40.0	-29.0	-2.0	34.0	-66.0	89.97
62	8.0	81.0	100.0	17.0	4.0	13.0	13.0	19.0	96.94
63	-65.0	41.0	-69.0	-21.0	-6.0	-44.0	-11.0	-33.0	84.24
64	13.0	89.0	-30.0	5.0	9.0	10.0	-3.0	-17.0	88.98
65	73.0	-74.0	29.0	32.0	-16.0	3.0	6.0	-56.0	91.93
66	56.0	50.0	8.0	-28.0	9.0	44.0	65.0	1.0	95.93
67	-128.0	-63.0	-12.0	-13.0	0.0	12.0	-18.0	116.0	91.93
68	-8.0	81.0	51.0	62.0	-4.0	-4.0	13.0	-8.0	102.92
69	18.0	32.0	-25.0	18.0	5.0	-9.0	-23.0	5.0	99.05
70	-8.0	-118.0	8.0	31.0	13.0	21.0	69.0	27.0	104.73
71	-89.0	-111.0	17.0	-8.0	3.0	-13.0	1.0	-96.0	112.79
72	39.0	38.0	-58.0	-61.0	-8.0	-7.0	6.0	9.0	102.92
73	-6.0	-42.0	-3.0	12.0	9.0	26.0	2.0	-112.0	102.45
74	28.0	-42.0	65.0	2.0	1.0	9.0	3.0	-2.0	119.77
75	-9.0	-128.0	16.0	-9.0	17.0	-20.0	64.0	20.0	124.3
76	74.0	28.0	-51.0	-20.0	-27.0	4.0	5.0	-56.0	125.57
77	13.0	-128.0	-2.0	16.0	8.0	-2.0	-65.0	51.0	124.89
78	127.0	17.0	70.0	60.0	-3.0	-1.0	6.0	-19.0	119.77
79	-128.0	26.0	27.0	0.0	35.0	5.0	-4.0	12.0	123.3
80	-107.0	-114.0	-28.0	-27.0	-9.0	-19.0	14.0	-16.0	125.57
81	91.0	56.0	-29.0	-13.0	-20.0	-3.0	-36.0	33.0	124.3
82	-66.0	-128.0	-57.0	33.0	-26.0	10.0	17.0	54.0	124.46
