0	-80.0	117.0	-20.0	22.0	-5.0	-23.0	-15.0	-6.0	97.45
1	87.0	-108.0	-95.0	-10.0	23.0	-20.0	-45.0	3.0	95.37
2	-24.0	-77.0	22.0	-49.0	-11.0	-3.0	21.0	-128.0	91.66
3	12.0	76.0	1.0	-22.0	-18.0	11.0	73.0	38.0	104.65
4	-37.0	-20.0	29.0	-20.0	8.0	7.0	-17.0	-32.0	101.25
5	127.0	-14.0	38.0	5.0	-10.0	3.0	-3.0	-33.0	112.01
6	27.0	127.0	-13.0	-79.0	8.0	-16.0	26.0	-6.0	98.28
7	88.0	-8.0	-97.0	1.0	-30.0	17.0	-46.0	32.0	107.26
8	6.0	-96.0	-57.0	8.0	-27.0	-12.0	-59.0	4.0	108.63
9	-74.0	68.0	-108.0	-12.0	-12.0	10.0	7.0	-39.0	113.28
10	67.0	-59.0	-15.0	-41.0	-9.0	2.0	67.0	-22.0	113.28
11	-105.0	-109.0	19.0	-8.0	18.0	-16.0	-36.0	-47.0	121.42
12	127.0	13.0	-38.0	-8.0	11.0	10.0	-11.0	-56.0	118.16
13	-78.0	-99.0	-44.0	16.0	20.0	10.0	-36.0	-80.0	123.97
14	-30.0	-14.0	-38.0	-6.0	5.0	-17.0	18.0	42.0	123.97
15	87.0	-71.0	-26.0	0.0	-17.0	6.0	52.0	-38.0	114.58
16	-118.0	112.0	-32.0	-24.0	-5.0	-10.0	-22.0	48.0	128.91
17	-77.0	-21.0	1.0	61.0	11.0	-15.0	1.0	102.0	128.91
18	108.0	-79.0	-81.0	-71.0	-17.0	4.0	-34.0	1.0	130.14
19	119.0	14.0	-116.0	41.0	9.0	-2.0	-12.0	-84.0	126.49
20	-122.0	96.0	127.0	-98.0	-15.0	16.0	6.0	-11.0	129.31
21	2.0	34.0	2.0	80.0	18.0	2.0	7.0	66.0	119.77
22	126.0	-128.0	-18.0	-19.0	3.0	28.0	-27.0	-52.0	119.77
23	107.0	36.0	-113.0	-66.0	-22.0	9.0	13.0	31.0	114.58
24	-48.0	23.0	-91.0	-66.0	7.0	-30.0	0.0	-4.0	109.23
25	-54.0	32.0	13.0	-74.0	13.0	-19.0	-39.0	47.0	109.23
26	30.0	-128.0	0.0	20.0	-4.0	31.0	35.0	20.0	103.65
27	1.0	95.0	-43.0	0.0	-11.0	11.0	51.0	64.0	97.45
28	127.0	75.0	-70.0	6.0	35.0	-17.0	-19.0	-24.0	80.72
29	-128.0	-68.0	-66.0	12.0	-14.0	-18.0	-39.0	-6.0	80.72
30	9.0	1.0	-11.0	73.0	-30.0	-1.0	-72.0	57.0	88.62
31	-120.0	33.0	-82.0	13.0	4.0	-12.0	54.0	-13.0	78.57
32	9.0	127.0	73.0	-57.0	4.0	-11.0	17.0	62.0	89.34
33	35.0	-69.0	8.0	-28.0	-1.0	8.0	21.0	-46.0	80.72
34	127.0	-33.0	-29.0	-29.0	10.0	13.0	-16.0	-80.0	71.47
35	-85.0	64.0	-37.0	50.0	-18.0	-22.0	29.0	-39.0	95.37
36	-74.0	18.0	29.0	-38.0	1.0	8.0	17.0	65.0	90.99
37	25.0	-54.0	-107.0	-107.0	32.0	-38.0	-6.0	-39.0	76.13
38	63.0	-44.0	-44.0	-3.0	3.0	27.0	-50.0	8.0	68.5
39	-110.0	-109.0	-9.0	-87.0	1.0	-24.0	63.0	44.0	54.84
40	-116.0	36.0	-4.0	103.0	8.0	2.0	-7.0	-9.0	52.28
41	-112.0	119.0	-50.0	-88.0	9.0	-2.0	-74.0	-22.0	50.8
42	1.0	-66.0	-31.0	83.0	-22.0	8.0	-5.0	12.0	45.77
43	127.0	-19.0	38.0	-18.0	1.0	-2.0	-26.0	127.0	44.02
44	121.0	-103.0	-27.0	75.0	-8.0	-3.0	-13.0	-118.0	41.58
45	25.0	0.0	-3.0	11.0	-1.0	-5.0	-10.0	-4.0	40.97
46	-128.0	-10.0	1.0	-11.0	6.0	1.0	27.0	69.0	40.97
47	89.0	21.0	77.0	-4.0	-20.0	7.0	22.0	21.0	39.65
48	25.0	-66.0	-19.0	-47.0	-1.0	37.0	21.0	-23.0	36.34
49	43.0	-41.0	-117.0	11.0	5.0	-32.0	-24.0	-19.0	38.21
50	-87.0	-69.0	88.0	0.0	1.0	13.0	-1.0	-4.0	36.8
51	127.0	78.0	55.0	-71.0	-32.0	-5.0	37.0	-114.0	30.53
52	-22.0	2.0	81.0	-63.0	3.0	-60.0	-4.0	2.0	32.85
53	25.0	-52.0	104.0	-69.0	-14.0	7.0	-1.0	-1.0	28.53
54	-64.0	-3.0	-128.0	1.0	20.0	0.0	-15.0	49.0	28.76
55	-44.0	-18.0	-30.0	-15.0	16.0	-8.0	-9.0	-56.0	30.37
56	-9.0	-43.0	-14.0	52.0	-5.0	8.0	67.0	-20.0	28.33
57	42.0	127.0	38.0	-18.0	-16.0	-20.0	14.0	106.0	28.53
58	41.0	1.0	9.0	1.0	-18.0	4.0	1.0	3.0	30.53
59	-72.0	-77.0	-24.0	-73.0	-5.0	6.0	-24.0	-4.0	28.76
60	18.0	-107.0	17.0	-3.0	8.0	-6.0	-5.0	-84.0	36.8
61	18.0	-33.0	40.0	-1.0	3.0	6.0	-4.0	33.0	41.58
62	-115.0	-26.0	86.0	0.0	0.0	25.0	-2.0	-7.0	44.36
63	-78.0	-19.0	-111.0	-83.0	-11.0	7.0	-17.0	28.0	48.07
64	-27.0	-55.0	126.0	-57.0	-2.0	1.0	37.0	-26.0	48.07
65	107.0	36.0	-26.0	-13.0	-5.0	28.0	57.0	-62.0	45.77
66	84.0	38.0	17.0	-18.0	-13.0	-2.0	-5.0	38.0	51.71
67	-115.0	-43.0	-116.0	114.0	-2.0	1.0	-4.0	-2.0	60.41
68	127.0	-18.0	-62.0	11.0	-5.0	0.0	23.0	18.0	68.09
69	4.0	-50.0	-41.0	-8.0	-2.0	11.0	9.0	6.0	52.28
70	-44.0	54.0	-15.0	2.0	-14.0	-15.0	59.0	15.0	59.73
71	43.0	127.0	119.0	-25.0	1.0	4.0	-10.0	-33.0	58.6
72	127.0	-21.0	-7.0	0.0	-12.0	-30.0	-11.0	-128.0	59.73
73	-72.0	-128.0	-2.0	-8.0	-5.0	-4.0	17.0	-5.0	60.41
74	-128.0	16.0	-19.0	88.0	11.0	2.0	16.0	-80.0	52.39
75	35.0	-35.0	-39.0	8.0	3.0	2.0	0.0	3.0	52.39
76	-116.0	-120.0	107.0	-18.0	-22.0	15.0	-1.0	-3.0	63.17
77	33.0	16.0	-7.0	-25.0	2.0	7.0	5.0	113.0	71.47
78	35.0	-20.0	-2.0	-31.0	-15.0	-31.0	7.0	-34.0	74.18
79	17.0	82.0	-67.0	-22.0	9.0	0.0	-23.0	-39.0	86.97
80	-37.0	-128.0	-4.0	47.0	1.0	8.0	13.0	12.0	84.5
81	101.0	-36.0	-124.0	2.0	0.0	23.0	4.0	10.0	89.34
82	65.0	92.0	1.0	64.0	-2.0	-22.0	-7.0	-14.0	80.72
83	18.0	121.0	-97.0	-15.0	36.0	1.0	27.0	-51.0	76.13
84	127.0	88.0	4.0	-93.0	0.0	5.0	22.0	78.0	90.99
85	2.0	-12.0	45.0	-20.0	3.0	-21.0	-23.0	-57.0	93.16
86	-49.0	47.0	-57.0	70.0	-35.0	-9.0	0.0	42.0	101.25
