0	127.0	-128.0	-28.0	4.0	15.0	45.0	-6.0	-77.0	79.82
1	52.0	-51.0	-7.0	27.0	53.0	-28.0	-8.0	-66.0	94.84
2	-128.0	1.0	-24.0	48.0	-5.0	5.0	-20.0	37.0	91.48
3	115.0	-85.0	22.0	-128.0	31.0	-22.0	-8.0	-29.0	105.72
4	-105.0	109.0	1.0	15.0	3.0	74.0	-44.0	-48.0	103.16
5	-78.0	-103.0	-105.0	-96.0	6.0	2.0	18.0	-1.0	107.47
6	-128.0	-81.0	25.0	-9.0	3.0	-13.0	-46.0	38.0	100.42
7	17.0	68.0	14.0	-40.0	-23.0	-41.0	87.0	-39.0	113.13
8	-10.0	75.0	-46.0	32.0	-24.0	11.0	-31.0	18.0	118.34
9	107.0	-38.0	11.0	-7.0	4.0	4.0	-14.0	3.0	117.99
10	127.0	99.0	-92.0	-77.0	-5.0	-4.0	2.0	-86.0	111.32
11	-61.0	127.0	-75.0	18.0	2.0	41.0	-127.0	58.0	116.03
12	127.0	-27.0	-37.0	-45.0	0.0	25.0	25.0	27.0	121.38
13	127.0	111.0	79.0	1.0	-2.0	47.0	5.0	-8.0	121.56
14	127.0	-128.0	-25.0	127.0	3.0	-17.0	27.0	30.0	125.07
15	-47.0	5.0	-17.0	-39.0	-36.0	-18.0	-69.0	42.0	107.47
16	-33.0	9.0	-33.0	-25.0	-5.0	6.0	-84.0	61.0	120.21
17	104.0	-66.0	-119.0	-9.0	16.0	-15.0	-13.0	-67.0	134.14
18	127.0	-6.0	-87.0	-21.0	-6.0	53.0	15.0	30.0	124.04
19	-128.0	70.0	8.0	80.0	10.0	-8.0	-5.0	6.0	121.38
20	39.0	-12.0	24.0	-28.0	-5.0	68.0	34.0	38.0	125.07
21	59.0	127.0	88.0	-42.0	24.0	3.0	30.0	-8.0	121.56
22	-128.0	-128.0	-11.0	-125.0	2.0	0.0	20.0	33.0	124.66
23	-26.0	-1.0	-119.0	42.0	-24.0	40.0	-13.0	18.0	115.08
24	126.0	43.0	-128.0	-4.0	-30.0	-1.0	-13.0	-128.0	116.03
25	108.0	46.0	-14.0	-56.0	9.0	26.0	-16.0	28.0	102.21
26	-83.0	22.0	127.0	4.0	-10.0	-27.0	25.0	-80.0	98.02
27	-15.0	-102.0	-25.0	-116.0	25.0	-33.0	15.0	30.0	96.93
28	-102.0	-76.0	58.0	20.0	-8.0	8.0	67.0	0.0	98.02
29	7.0	-55.0	-99.0	11.0	-5.0	-5.0	6.0	-69.0	85.4
30	62.0	6.0	55.0	-22.0	26.0	73.0	-45.0	-39.0	85.4
31	60.0	-106.0	114.0	-1.0	-14.0	-12.0	8.0	-42.0	80.71
32	127.0	22.0	-80.0	-31.0	82.0	3.0	-19.0	-46.0	82.68
33	127.0	-44.0	-18.0	-11.0	-7.0	-10.0	-15.0	-27.0	75.18
34	-39.0	-21.0	37.0	48.0	32.0	16.0	86.0	-15.0	80.02
35	11.0	-43.0	-17.0	-41.0	-20.0	-17.0	-128.0	43.0	66.97
36	72.0	-128.0	44.0	22.0	-24.0	-17.0	-37.0	34.0	68.26
37	-128.0	-33.0	-51.0	-43.0	-44.0	-88.0	-53.0	127.0	60.03
38	117.0	-128.0	-13.0	-52.0	30.0	-11.0	-77.0	-24.0	63.4
39	29.0	58.0	-20.0	54.0	22.0	35.0	-67.0	17.0	51.71
40	-96.0	-24.0	80.0	5.0	8.0	7.0	7.0	-63.0	70.38
41	2.0	109.0	-98.0	-17.0	-4.0	-33.0	8.0	0.0	57.47
42	45.0	-21.0	7.0	7.0	-11.0	-25.0	-128.0	42.0	77.21
43	58.0	100.0	-74.0	0.0	-4.0	39.0	13.0	-40.0	68.78
44	76.0	-25.0	2.0	6.0	-7.0	-4.0	-68.0	1.0	64.4
45	22.0	46.0	46.0	-42.0	-6.0	15.0	-128.0	7.0	55.83
46	127.0	121.0	15.0	5.0	9.0	-4.0	24.0	-10.0	45.66
47	-128.0	-128.0	-99.0	6.0	10.0	9.0	-7.0	123.0	63.4
48	-99.0	-66.0	-24.0	-7.0	25.0	-18.0	-21.0	38.0	47.27
49	50.0	99.0	-61.0	-60.0	-6.0	38.0	47.0	16.0	47.27
50	1.0	-14.0	-66.0	-2.0	-7.0	-17.0	7.0	55.0	51.71
51	-10.0	127.0	8.0	-28.0	1.0	13.0	-38.0	-47.0	48.74
52	58.0	-40.0	-128.0	15.0	-8.0	-27.0	41.0	11.0	43.71
53	-109.0	-55.0	16.0	70.0	-16.0	1.0	59.0	64.0	30.28
54	-5.0	20.0	29.0	21.0	-20.0	35.0	-18.0	18.0	30.28
55	123.0	31.0	33.0	85.0	-7.0	-11.0	3.0	27.0	27.59
56	-18.0	-13.0	74.0	-40.0	-1.0	20.0	46.0	-28.0	41.26
57	62.0	-103.0	38.0	-77.0	2.0	-26.0	1.0	38.0	21.96
58	-77.0	-37.0	42.0	50.0	18.0	3.0	26.0	-22.0	26.38
59	-88.0	-56.0	15.0	3.0	-8.0	24.0	-19.0	17.0	21.53
60	47.0	62.0	75.0	-55.0	-6.0	-1.0	-113.0	15.0	20.47
61	-11.0	-71.0	25.0	-8.0	-10.0	35.0	-23.0	36.0	21.82
62	23.0	31.0	-9.0	-23.0	13.0	-95.0	-33.0	-47.0	19.24
63	-6.0	-82.0	-98.0	15.0	-3.0	-37.0	41.0	-9.0	20.47
64	127.0	-65.0	67.0	20.0	-13.0	-19.0	30.0	54.0	21.53
65	-22.0	-3.0	8.0	-5.0	-14.0	-4.0	1.0	5.0	22.16
66	0.0	33.0	29.0	23.0	7.0	-3.0	-36.0	49.0	22.16
67	-44.0	69.0	-122.0	28.0	9.0	35.0	-59.0	-13.0	22.34
68	-83.0	-66.0	-128.0	6.0	22.0	-42.0	26.0	43.0	30.9
69	12.0	-61.0	83.0	-45.0	-2.0	-6.0	-52.0	15.0	50.56
70	72.0	26.0	-55.0	5.0	10.0	-12.0	57.0	118.0	43.71
71	79.0	5.0	-14.0	94.0	2.0	13.0	16.0	12.0	50.88
72	-78.0	-128.0	16.0	19.0	38.0	13.0	7.0	12.0	48.53
73	-93.0	78.0	79.0	-24.0	-9.0	2.0	-33.0	14.0	62.13
74	97.0	38.0	2.0	-46.0	14.0	17.0	19.0	-2.0	60.03
75	-128.0	-81.0	8.0	-1.0	4.0	9.0	-16.0	13.0	73.53
76	-6.0	67.0	-53.0	105.0	1.0	6.0	-128.0	-128.0	68.26
77	99.0	127.0	45.0	127.0	9.0	-35.0	0.0	-25.0	48.74
78	-10.0	39.0	67.0	-8.0	-23.0	10.0	15.0	-42.0	68.78
79	25.0	-46.0	62.0	-12.0	-5.0	-1.0	11.0	-4.0	80.02
80	-42.0	109.0	-71.0	-60.0	53.0	-8.0	-32.0	-49.0	91.54
81	62.0	-128.0	106.0	4.0	-3.0	-7.0	-61.0	-30.0	96.93
82	62.0	17.0	55.0	51.0	35.0	-23.0	-11.0	5.0	82.68
