0	127.0	-40.0	49.0	-4.0	-43.0	1.0	62.0	-43.0	64.1
1	88.0	127.0	13.0	-74.0	23.0	7.0	1.0	0.0	65.61
2	-95.0	-16.0	-48.0	26.0	-10.0	-18.0	-1.0	-99.0	69.04
3	-70.0	38.0	52.0	24.0	-4.0	4.0	-7.0	-15.0	64.4
4	-99.0	72.0	-26.0	-15.0	-1.0	-6.0	6.0	-30.0	54.86
5	-68.0	-73.0	65.0	31.0	8.0	-15.0	12.0	24.0	50.67
6	127.0	-83.0	-59.0	-41.0	5.0	34.0	-10.0	-11.0	38.74
7	-65.0	98.0	86.0	8.0	-8.0	-17.0	-5.0	-39.0	38.34
8	-122.0	-33.0	-128.0	16.0	-5.0	-24.0	-16.0	107.0	49.65
9	7.0	22.0	-60.0	28.0	36.0	5.0	-7.0	-29.0	41.89
10	-128.0	-24.0	-25.0	54.0	1.0	-41.0	17.0	-63.0	47.23
11	73.0	-82.0	71.0	92.0	8.0	2.0	-10.0	-43.0	47.23
12	16.0	-49.0	66.0	97.0	2.0	-5.0	-10.0	13.0	38.0
13	111.0	-40.0	0.0	-8.0	-10.0	2.0	-2.0	17.0	54.39
14	-13.0	-128.0	39.0	32.0	-23.0	-12.0	-3.0	-14.0	38.0
15	-73.0	23.0	-26.0	-17.0	-4.0	3.0	7.0	48.0	60.38
16	127.0	-125.0	62.0	-6.0	-1.0	-12.0	6.0	0.0	41.89
17	-115.0	38.0	127.0	18.0	-10.0	10.0	7.0	15.0	45.33
18	78.0	-56.0	-128.0	11.0	-2.0	-9.0	13.0	-63.0	42.46
19	118.0	-77.0	-39.0	66.0	7.0	-9.0	2.0	-1.0	38.34
20	-61.0	-42.0	64.0	-7.0	-35.0	-8.0	-10.0	51.0	37.79
21	-42.0	-3.0	22.0	19.0	11.0	-1.0	-9.0	25.0	39.29
22	127.0	-118.0	-5.0	-8.0	5.0	-9.0	11.0	48.0	39.89
23	-123.0	59.0	-80.0	13.0	-6.0	-6.0	0.0	-29.0	49.65
24	127.0	-35.0	-67.0	25.0	14.0	24.0	-9.0	127.0	50.89
25	-61.0	-46.0	50.0	26.0	-11.0	-12.0	-22.0	0.0	48.83
26	103.0	127.0	-115.0	-43.0	25.0	-5.0	-7.0	17.0	53.3
27	118.0	-107.0	-1.0	114.0	8.0	-48.0	11.0	27.0	64.1
28	-5.0	-13.0	102.0	127.0	-9.0	11.0	-23.0	-80.0	69.67
29	-17.0	-32.0	67.0	-5.0	17.0	11.0	20.0	77.0	71.19
30	75.0	-128.0	-112.0	-3.0	29.0	-9.0	6.0	-26.0	73.73
31	39.0	-55.0	24.0	-37.0	36.0	7.0	20.0	-13.0	75.02
32	-79.0	-103.0	-9.0	75.0	5.0	-2.0	0.0	13.0	73.73
33	-128.0	30.0	-67.0	-17.0	11.0	9.0	14.0	-91.0	76.29
34	127.0	127.0	37.0	83.0	-3.0	7.0	3.0	92.0	79.69
35	-86.0	27.0	-8.0	-27.0	-4.0	21.0	5.0	-6.0	94.58
36	83.0	127.0	23.0	15.0	-7.0	-10.0	21.0	49.0	90.69
37	-45.0	16.0	12.0	7.0	-17.0	-4.0	-9.0	16.0	107.96
38	-117.0	109.0	-73.0	-105.0	-3.0	13.0	9.0	47.0	123.72
39	70.0	-108.0	-65.0	17.0	-2.0	12.0	7.0	-24.0	87.9
40	-18.0	-51.0	-128.0	-39.0	-7.0	-6.0	-6.0	-125.0	81.82
41	-128.0	-10.0	86.0	94.0	-3.0	-3.0	-1.0	27.0	90.36
42	127.0	-68.0	-27.0	18.0	2.0	-8.0	-7.0	-36.0	84.24
43	-128.0	-18.0	-61.0	99.0	-4.0	23.0	-7.0	81.0	87.9
44	-107.0	54.0	-5.0	-19.0	-2.0	-11.0	6.0	24.0	92.39
45	51.0	1.0	14.0	8.0	-9.0	-2.0	-39.0	-81.0	114.68
46	-128.0	46.0	100.0	55.0	35.0	3.0	15.0	118.0	124.63
47	50.0	-34.0	-16.0	-126.0	0.0	8.0	3.0	-48.0	122.17
48	-95.0	36.0	12.0	62.0	45.0	1.0	-15.0	115.0	119.4
49	127.0	127.0	-94.0	-34.0	-6.0	-44.0	3.0	-12.0	122.17
50	49.0	-105.0	85.0	107.0	1.0	9.0	-24.0	3.0	120.52
51	11.0	-87.0	-24.0	-61.0	16.0	16.0	-16.0	75.0	90.69
52	6.0	85.0	67.0	5.0	25.0	-1.0	2.0	-100.0	110.07
53	17.0	127.0	0.0	31.0	7.0	-8.0	10.0	-111.0	77.64
54	-74.0	127.0	47.0	-15.0	-47.0	9.0	8.0	112.0	97.35
55	26.0	-27.0	12.0	127.0	8.0	11.0	30.0	-77.0	81.82
56	12.0	-73.0	-110.0	-14.0	0.0	-13.0	10.0	44.0	114.68
57	-59.0	-79.0	113.0	-5.0	-7.0	-6.0	-13.0	35.0	94.58
58	127.0	59.0	-56.0	-27.0	8.0	-7.0	-8.0	-54.0	85.08
59	-95.0	89.0	46.0	-10.0	-10.0	-9.0	12.0	25.0	95.71
60	-90.0	-97.0	66.0	35.0	11.0	22.0	-2.0	-23.0	101.71
61	52.0	-54.0	-3.0	-9.0	-6.0	-3.0	-7.0	50.0	100.88
62	85.0	36.0	127.0	14.0	-8.0	-2.0	1.0	29.0	104.1
63	-91.0	-87.0	39.0	-7.0	11.0	-1.0	-19.0	-79.0	105.2
64	-128.0	88.0	64.0	16.0	13.0	17.0	16.0	-31.0	104.1
65	55.0	-84.0	-59.0	81.0	-8.0	0.0	-1.0	31.0	107.79
66	81.0	-111.0	85.0	-53.0	-3.0	7.0	1.0	-6.0	108.31
67	17.0	127.0	-73.0	57.0	-3.0	-2.0	-2.0	38.0	124.63
68	102.0	-108.0	-47.0	-28.0	-20.0	-6.0	9.0	21.0	124.83
69	30.0	13.0	101.0	25.0	0.0	2.0	32.0	-43.0	124.6
70	122.0	-128.0	-3.0	25.0	6.0	-20.0	-2.0	16.0	123.72
71	60.0	127.0	-24.0	-16.0	5.0	51.0	0.0	-117.0	109.86
72	105.0	-52.0	-91.0	-128.0	-13.0	22.0	0.0	-28.0	107.96
73	-54.0	-103.0	-102.0	-101.0	-36.0	-14.0	-1.0	-9.0	97.35
74	-128.0	88.0	-18.0	-47.0	5.0	1.0	16.0	-16.0	105.2
75	30.0	123.0	-109.0	59.0	-10.0	-43.0	-34.0	65.0	79.69
76	127.0	2.0	109.0	54.0	-8.0	10.0	22.0	-57.0	75.02
77	87.0	127.0	53.0	-66.0	-6.0	-14.0	16.0	2.0	72.09
78	66.0	-128.0	81.0	-128.0	17.0	-25.0	-2.0	-5.0	66.09
79	-81.0	-19.0	-117.0	-34.0	4.0	-3.0	-3.0	95.0	69.04
80	-5.0	14.0	-118.0	-23.0	17.0	12.0	-9.0	28.0	71.19
81	62.0	-128.0	-33.0	30.0	8.0	-5.0	-5.0	23.0	64.4
82	-31.0	-40.0	33.0	92.0	-2.0	-3.0	-12.0	16.0	63.16
83	47.0	21.0	127.0	10.0	8.0	-5.0	11.0	-36.0	54.39
84	5.0	120.0	46.0	2.0	14.0	22.0	1.0	-75.0	50.67
85	127.0	-128.0	37.0	-81.0	-5.0	18.0	-4.0	100.0	42.46
86	33.0	127.0	6.0	-14.0	-16.0	31.0	20.0	-16.0	56.62
87	127.0	12.0	55.0	27.0	-5.0	9.0	-15.0	73.0	54.86
