0	127.0	-104.0	-19.0	25.0	-1.0	-14.0	-4.0	16.0	87.97
1	104.0	127.0	15.0	124.0	2.0	3.0	-13.0	49.0	91.93
2	41.0	-115.0	-20.0	-23.0	7.0	-9.0	5.0	-6.0	87.09
3	-75.0	127.0	-34.0	-30.0	-4.0	4.0	5.0	14.0	94.48
4	-73.0	-128.0	-78.0	0.0	0.0	-6.0	4.0	13.0	106.7
5	32.0	-110.0	1.0	-22.0	30.0	-15.0	-10.0	6.0	108.39
6	-89.0	22.0	-80.0	93.0	-3.0	3.0	43.0	-21.0	103.04
7	-20.0	-78.0	40.0	1.0	-30.0	-9.0	2.0	-12.0	96.39
8	-49.0	21.0	32.0	34.0	-12.0	-12.0	-15.0	-4.0	93.41
9	127.0	-4.0	-19.0	-44.0	-1.0	35.0	-10.0	-25.0	101.68
10	-128.0	50.0	-7.0	-32.0	-5.0	-10.0	13.0	-7.0	111.81
11	-90.0	-23.0	-39.0	25.0	-5.0	20.0	-16.0	8.0	112.71
12	47.0	-104.0	-12.0	-104.0	-10.0	1.0	-5.0	66.0	113.64
13	-8.0	-106.0	-56.0	42.0	-2.0	-14.0	-6.0	34.0	113.64
14	-33.0	-65.0	27.0	-26.0	-4.0	10.0	-1.0	-4.0	114.84
15	-10.0	64.0	12.0	10.0	8.0	48.0	-5.0	26.0	116.78
16	112.0	2.0	23.0	4.0	-8.0	-4.0	0.0	24.0	117.96
17	-93.0	-23.0	11.0	69.0	6.0	0.0	-2.0	0.0	116.71
18	84.0	23.0	33.0	-13.0	2.0	-16.0	7.0	2.0	117.09
19	88.0	-23.0	-26.0	-29.0	1.0	5.0	-3.0	0.0	116.78
20	19.0	-87.0	-105.0	-47.0	-6.0	16.0	-4.0	14.0	114.84
21	-105.0	-40.0	6.0	-53.0	8.0	-9.0	-15.0	13.0	115.55
22	127.0	-113.0	-41.0	-5.0	3.0	-10.0	12.0	-2.0	115.81
23	83.0	-9.0	-39.0	-98.0	12.0	-6.0	11.0	-66.0	114.1
24	-64.0	-79.0	-12.0	9.0	-24.0	-6.0	11.0	-109.0	109.12
25	-72.0	-120.0	-116.0	-79.0	5.0	-11.0	1.0	22.0	108.39
26	-89.0	6.0	14.0	69.0	-9.0	-1.0	-1.0	15.0	103.87
27	127.0	48.0	-15.0	-57.0	-14.0	11.0	7.0	-4.0	114.1
28	-14.0	-40.0	24.0	3.0	3.0	1.0	-9.0	-12.0	112.09
29	-10.0	111.0	104.0	8.0	7.0	7.0	-2.0	-1.0	101.68
30	-128.0	78.0	10.0	-44.0	-18.0	7.0	-7.0	31.0	98.36
31	10.0	60.0	-13.0	58.0	-2.0	-11.0	-6.0	21.0	96.39
32	28.0	77.0	-128.0	-35.0	39.0	13.0	-4.0	-13.0	98.97
33	-89.0	-19.0	-16.0	56.0	4.0	1.0	7.0	11.0	106.7
34	10.0	127.0	3.0	-7.0	-3.0	11.0	14.0	65.0	93.41
35	38.0	-56.0	127.0	-44.0	-11.0	0.0	5.0	7.0	91.93
36	115.0	-128.0	-63.0	7.0	2.0	-2.0	1.0	15.0	87.09
37	125.0	-42.0	91.0	16.0	-7.0	-3.0	10.0	18.0	83.35
38	93.0	92.0	-9.0	30.0	13.0	-4.0	-8.0	36.0	83.35
39	68.0	-63.0	48.0	-43.0	8.0	-11.0	-4.0	-48.0	87.97
40	72.0	-32.0	-71.0	13.0	6.0	-3.0	8.0	-36.0	82.53
41	26.0	8.0	41.0	2.0	-5.0	-11.0	10.0	-21.0	79.45
42	72.0	-53.0	127.0	-85.0	-5.0	0.0	3.0	17.0	81.0
43	54.0	80.0	-27.0	44.0	-2.0	4.0	-3.0	-21.0	75.77
44	2.0	29.0	-128.0	-18.0	-12.0	9.0	-4.0	-25.0	70.2
45	0.0	-64.0	38.0	8.0	-3.0	3.0	-20.0	-16.0	75.68
46	-89.0	-128.0	19.0	-55.0	10.0	3.0	-18.0	-85.0	75.68
47	51.0	39.0	-86.0	-18.0	-9.0	21.0	13.0	-10.0	69.86
48	-35.0	127.0	-40.0	-16.0	7.0	1.0	0.0	32.0	58.79
49	54.0	-84.0	-49.0	59.0	-14.0	7.0	-14.0	6.0	58.79
50	1.0	-9.0	-87.0	-26.0	-3.0	-42.0	5.0	-31.0	47.89
51	-13.0	111.0	-128.0	-10.0	4.0	0.0	5.0	-13.0	54.56
52	41.0	60.0	-116.0	22.0	-13.0	-13.0	-3.0	52.0	55.25
53	-4.0	16.0	101.0	67.0	-1.0	4.0	7.0	23.0	47.19
54	-121.0	-106.0	79.0	-16.0	-2.0	-7.0	0.0	-116.0	46.8
55	120.0	67.0	-85.0	-91.0	-18.0	9.0	-2.0	127.0	48.02
56	46.0	127.0	54.0	127.0	9.0	-2.0	10.0	13.0	44.04
57	-62.0	-10.0	-57.0	-28.0	0.0	9.0	-1.0	19.0	44.04
58	-128.0	90.0	-46.0	-18.0	-11.0	-24.0	-4.0	-60.0	47.89
59	-23.0	73.0	-9.0	-9.0	12.0	-21.0	-5.0	-68.0	53.37
60	35.0	7.0	48.0	110.0	25.0	-5.0	-6.0	32.0	49.87
61	-32.0	111.0	33.0	58.0	1.0	-3.0	0.0	-24.0	47.19
62	-20.0	-118.0	-77.0	-51.0	1.0	-6.0	11.0	-13.0	53.76
63	29.0	57.0	16.0	-39.0	-23.0	12.0	-6.0	5.0	56.29
64	100.0	16.0	43.0	16.0	6.0	10.0	-6.0	43.0	71.37
65	-128.0	-128.0	-84.0	22.0	-19.0	5.0	5.0	1.0	62.46
66	100.0	-85.0	91.0	-44.0	-23.0	3.0	-5.0	-66.0	54.56
67	100.0	-23.0	-32.0	-35.0	-2.0	2.0	-3.0	-21.0	61.82
68	29.0	45.0	43.0	18.0	-19.0	-16.0	-9.0	-19.0	70.42
69	-34.0	-124.0	98.0	48.0	-3.0	-14.0	7.0	-44.0	67.26
70	-104.0	-93.0	66.0	-7.0	11.0	10.0	0.0	-12.0	60.84
71	-3.0	48.0	-64.0	0.0	-6.0	21.0	-4.0	-2.0	54.93
72	-86.0	85.0	2.0	123.0	10.0	-10.0	6.0	-24.0	61.82
73	91.0	-9.0	58.0	-91.0	2.0	8.0	7.0	-13.0	72.55
74	-99.0	41.0	-86.0	1.0	-18.0	11.0	8.0	11.0	71.37
75	-109.0	-44.0	-111.0	-30.0	6.0	-10.0	9.0	59.0	67.26
76	-71.0	35.0	127.0	89.0	2.0	2.0	-18.0	-20.0	56.29
77	-64.0	97.0	-80.0	-73.0	5.0	-3.0	10.0	-7.0	55.25
78	59.0	-85.0	-117.0	-41.0	4.0	1.0	6.0	0.0	52.01
79	47.0	-83.0	91.0	-69.0	-9.0	-27.0	-10.0	-3.0	70.2
80	-59.0	-72.0	-58.0	61.0	-5.0	-26.0	-2.0	9.0	65.98
81	127.0	32.0	-3.0	10.0	4.0	7.0	-26.0	1.0	56.14
82	21.0	-50.0	13.0	-13.0	-23.0	-4.0	-8.0	36.0	72.55
83	-128.0	8.0	91.0	-40.0	-4.0	-24.0	-3.0	20.0	73.6
84	45.0	-91.0	-40.0	-128.0	26.0	-4.0	18.0	-9.0	79.45
85	38.0	-74.0	127.0	-12.0	-6.0	12.0	1.0	-83.0	79.34
86	20.0	103.0	-27.0	-128.0	-4.0	3.0	-2.0	-51.0	81.0
87	11.0	-128.0	60.0	-16.0	-5.0	8.0	-18.0	14.0	89.55
88	-128.0	-4.0	-59.0	-27.0	-9.0	-2.0	-2.0	-107.0	85.3
