0	-128.0	12.0	-10.0	-68.0	-12.0	-3.0	-23.0	-39.0	86.21
1	-54.0	38.0	4.0	65.0	-11.0	1.0	-37.0	18.0	89.28
2	62.0	-72.0	-126.0	23.0	1.0	5.0	-64.0	36.0	79.27
3	127.0	15.0	43.0	-48.0	1.0	27.0	-4.0	41.0	75.83
4	71.0	13.0	-4.0	-22.0	11.0	-3.0	-26.0	-38.0	100.51
5	-60.0	55.0	39.0	-4.0	9.0	-19.0	-15.0	17.0	92.75
6	-52.0	38.0	9.0	-51.0	-4.0	-21.0	103.0	-6.0	82.75
7	73.0	83.0	-90.0	-16.0	-1.0	-15.0	-7.0	-37.0	72.45
8	-56.0	-2.0	67.0	-24.0	5.0	-8.0	12.0	16.0	51.41
9	44.0	-106.0	-128.0	-27.0	11.0	-18.0	-11.0	0.0	64.59
10	-42.0	-106.0	127.0	28.0	-32.0	-5.0	-21.0	38.0	68.26
11	67.0	-16.0	-72.0	-28.0	-11.0	-12.0	8.0	-6.0	58.11
12	63.0	5.0	-22.0	-3.0	10.0	5.0	-16.0	-45.0	51.41
13	127.0	116.0	-6.0	16.0	-19.0	-7.0	-44.0	-32.0	49.97
14	-107.0	-75.0	17.0	94.0	-3.0	-7.0	10.0	-17.0	49.22
15	-4.0	-128.0	113.0	-124.0	-20.0	-10.0	-46.0	-60.0	45.63
16	-127.0	-8.0	-128.0	43.0	-5.0	-5.0	-4.0	30.0	45.17
17	-41.0	-3.0	-7.0	-95.0	-1.0	-40.0	-2.0	-13.0	48.24
18	66.0	-67.0	-17.0	126.0	12.0	-2.0	-19.0	39.0	45.13
19	-18.0	-106.0	-5.0	-62.0	-14.0	3.0	-19.0	14.0	45.13
20	-68.0	71.0	-16.0	-4.0	-1.0	0.0	45.0	36.0	45.63
21	108.0	38.0	-22.0	-22.0	6.0	22.0	-1.0	-4.0	48.15
22	-12.0	69.0	-34.0	103.0	-6.0	-18.0	-9.0	-2.0	43.57
23	69.0	5.0	28.0	-55.0	-3.0	34.0	16.0	0.0	43.57
24	-128.0	102.0	-78.0	-67.0	0.0	-8.0	-1.0	-14.0	45.31
25	-128.0	38.0	20.0	2.0	-3.0	-18.0	18.0	13.0	40.5
26	-79.0	-23.0	-24.0	-128.0	20.0	17.0	-3.0	-8.0	47.93
27	43.0	-16.0	-16.0	8.0	-13.0	-10.0	26.0	-3.0	45.41
28	30.0	101.0	-22.0	91.0	8.0	-2.0	41.0	-13.0	48.24
29	10.0	30.0	53.0	-6.0	-18.0	-22.0	11.0	23.0	48.77
30	80.0	-123.0	-47.0	-12.0	11.0	-9.0	12.0	-5.0	49.78
31	-40.0	40.0	-64.0	-2.0	-9.0	7.0	71.0	-16.0	50.77
32	106.0	14.0	68.0	-8.0	20.0	20.0	-100.0	-32.0	62.08
33	-9.0	-57.0	-64.0	-1.0	2.0	-5.0	14.0	2.0	83.02
34	75.0	-26.0	-9.0	-89.0	11.0	-11.0	-26.0	-11.0	82.48
35	51.0	-4.0	-39.0	-43.0	-8.0	-13.0	-9.0	28.0	92.75
36	-32.0	-23.0	58.0	-1.0	4.0	12.0	-24.0	12.0	80.34
37	35.0	-23.0	-128.0	64.0	1.0	6.0	22.0	16.0	68.66
38	42.0	-43.0	4.0	-115.0	-2.0	27.0	-2.0	-5.0	61.53
39	52.0	99.0	0.0	9.0	17.0	-4.0	-29.0	-20.0	58.11
40	-61.0	-45.0	53.0	40.0	8.0	6.0	-86.0	35.0	93.88
41	67.0	16.0	88.0	-11.0	4.0	18.0	-18.0	-22.0	96.51
42	64.0	29.0	-60.0	32.0	-10.0	-16.0	-29.0	2.0	68.95
43	-37.0	-128.0	-99.0	-18.0	-11.0	20.0	15.0	-5.0	73.13
44	19.0	15.0	33.0	-57.0	1.0	-2.0	-10.0	-2.0	64.36
45	56.0	18.0	-52.0	-19.0	1.0	-15.0	24.0	-47.0	68.66
46	-49.0	-47.0	-72.0	-33.0	-8.0	-6.0	22.0	5.0	93.44
47	-27.0	-102.0	-10.0	8.0	10.0	4.0	-13.0	-29.0	91.48
48	-8.0	-8.0	26.0	-32.0	3.0	8.0	-26.0	23.0	97.85
49	127.0	37.0	-23.0	21.0	2.0	-7.0	2.0	21.0	113.03
50	-12.0	-122.0	-9.0	-35.0	-10.0	0.0	-10.0	21.0	106.19
51	-40.0	28.0	-96.0	-32.0	-13.0	9.0	-8.0	-19.0	112.05
52	10.0	74.0	1.0	-128.0	5.0	6.0	70.0	-14.0	108.42
53	-35.0	71.0	-34.0	-46.0	-15.0	7.0	23.0	-19.0	114.09
54	-97.0	83.0	10.0	-12.0	-18.0	-63.0	49.0	22.0	103.99
55	-54.0	26.0	-11.0	9.0	-10.0	19.0	-37.0	-17.0	112.05
56	100.0	-108.0	78.0	-120.0	-17.0	-7.0	-15.0	-46.0	103.99
57	35.0	-105.0	-128.0	23.0	19.0	-8.0	-57.0	77.0	96.82
58	83.0	-113.0	125.0	17.0	5.0	-16.0	4.0	40.0	107.95
59	36.0	-22.0	-124.0	-27.0	-7.0	16.0	23.0	11.0	110.18
60	-54.0	3.0	26.0	-128.0	8.0	-21.0	-2.0	-16.0	114.09
61	2.0	0.0	-15.0	-9.0	13.0	11.0	-60.0	14.0	105.1
62	111.0	-62.0	-58.0	-10.0	15.0	-14.0	15.0	-26.0	102.26
63	-111.0	9.0	80.0	41.0	20.0	3.0	8.0	-9.0	86.21
64	14.0	75.0	-72.0	-14.0	-13.0	29.0	-31.0	-123.0	104.42
65	17.0	-45.0	127.0	18.0	-17.0	-15.0	26.0	54.0	100.51
66	24.0	-31.0	-121.0	65.0	8.0	-8.0	3.0	36.0	97.85
67	17.0	-18.0	105.0	-128.0	1.0	9.0	17.0	-47.0	105.1
68	-109.0	78.0	-104.0	75.0	-8.0	14.0	-2.0	15.0	114.91
69	-35.0	-89.0	22.0	-128.0	0.0	14.0	-34.0	6.0	114.6
70	-25.0	-83.0	-31.0	-20.0	7.0	30.0	8.0	34.0	114.69
71	-92.0	51.0	2.0	26.0	5.0	6.0	35.0	-5.0	114.69
72	-29.0	18.0	-32.0	-111.0	-5.0	-9.0	-5.0	-1.0	114.05
73	-44.0	-64.0	-10.0	111.0	-5.0	-18.0	-15.0	11.0	101.98
74	44.0	94.0	-25.0	-128.0	-2.0	14.0	51.0	-1.0	97.29
75	42.0	-61.0	2.0	85.0	-6.0	-34.0	8.0	17.0	101.1
76	-41.0	110.0	-128.0	-67.0	-29.0	54.0	21.0	-44.0	73.13
77	123.0	0.0	-87.0	8.0	6.0	-4.0	21.0	62.0	80.34
