0	-26.0	-19.0	-113.0	-37.0	0.0	-18.0	-68.0	32.0	132.5
1	-41.0	-48.0	99.0	52.0	1.0	13.0	12.0	-13.0	131.72
2	-61.0	-32.0	-10.0	-63.0	-1.0	6.0	0.0	-17.0	132.5
3	96.0	-12.0	19.0	44.0	-1.0	32.0	13.0	-30.0	130.45
4	13.0	54.0	-128.0	-41.0	54.0	-4.0	-58.0	51.0	132.79
5	-5.0	-59.0	6.0	95.0	8.0	-34.0	-70.0	-44.0	133.17
6	124.0	78.0	-30.0	-90.0	-2.0	18.0	2.0	-64.0	131.55
7	77.0	127.0	109.0	-3.0	4.0	-13.0	-37.0	18.0	125.28
8	30.0	-8.0	-88.0	-10.0	8.0	14.0	40.0	11.0	121.73
9	-12.0	45.0	21.0	103.0	-1.0	3.0	26.0	-8.0	117.21
10	-112.0	83.0	-18.0	-41.0	3.0	-19.0	33.0	-1.0	108.4
11	64.0	-45.0	0.0	37.0	-1.0	-3.0	3.0	-7.0	115.66
12	88.0	-4.0	48.0	-120.0	-6.0	-5.0	6.0	-10.0	115.42
13	-14.0	24.0	-75.0	4.0	11.0	4.0	6.0	-16.0	107.71
14	-71.0	-109.0	8.0	37.0	12.0	-20.0	1.0	-18.0	107.71
15	65.0	14.0	8.0	-20.0	-10.0	11.0	26.0	3.0	109.69
16	17.0	70.0	-28.0	-18.0	4.0	7.0	-18.0	-15.0	107.64
17	-79.0	46.0	-25.0	57.0	2.0	-2.0	-14.0	-54.0	107.64
18	-14.0	-30.0	-20.0	-4.0	1.0	0.0	34.0	75.0	104.76
19	-80.0	108.0	26.0	11.0	-4.0	0.0	-53.0	-6.0	104.88
20	-102.0	-98.0	29.0	-1.0	-12.0	-15.0	-52.0	-8.0	110.55
21	-2.0	92.0	-74.0	-18.0	-8.0	4.0	-14.0	-13.0	122.2
22	48.0	36.0	20.0	-91.0	17.0	2.0	10.0	8.0	117.78
23	54.0	20.0	-10.0	25.0	2.0	1.0	-17.0	-9.0	117.21
24	75.0	61.0	22.0	10.0	6.0	5.0	-4.0	-14.0	105.48
25	-61.0	-17.0	9.0	5.0	-31.0	20.0	-29.0	15.0	97.38
26	-128.0	-33.0	10.0	-50.0	3.0	-45.0	-6.0	-39.0	96.17
27	22.0	70.0	-97.0	-1.0	-19.0	-3.0	6.0	-81.0	91.75
28	8.0	-12.0	15.0	2.0	1.0	2.0	-27.0	33.0	91.64
29	-63.0	-85.0	-128.0	-24.0	-10.0	-1.0	37.0	-6.0	89.38
30	-2.0	127.0	-3.0	-26.0	-10.0	-2.0	-13.0	-6.0	83.84
31	40.0	-10.0	56.0	-128.0	1.0	15.0	33.0	29.0	89.21
32	26.0	-27.0	17.0	21.0	1.0	-14.0	-110.0	-11.0	79.09
33	106.0	-29.0	-43.0	45.0	8.0	-21.0	-50.0	-9.0	72.36
34	127.0	91.0	-29.0	32.0	-9.0	32.0	43.0	42.0	70.1
35	-58.0	-61.0	-77.0	7.0	-5.0	19.0	15.0	9.0	86.71
36	-56.0	-99.0	-1.0	-62.0	1.0	2.0	-77.0	-26.0	85.13
37	-78.0	-38.0	-62.0	-61.0	18.0	-2.0	112.0	23.0	72.36
38	39.0	80.0	46.0	-35.0	0.0	-16.0	27.0	-2.0	61.33
39	-71.0	81.0	33.0	20.0	-6.0	3.0	-52.0	27.0	81.81
40	-92.0	-15.0	21.0	34.0	-12.0	11.0	-77.0	2.0	83.84
41	94.0	20.0	-60.0	-13.0	3.0	30.0	-22.0	11.0	68.07
42	29.0	29.0	17.0	16.0	-3.0	32.0	-7.0	1.0	68.07
43	-28.0	-19.0	-44.0	4.0	3.0	1.0	-128.0	-6.0	75.55
44	-37.0	-62.0	57.0	-8.0	2.0	-9.0	-16.0	29.0	66.04
45	66.0	-17.0	65.0	-40.0	-2.0	21.0	105.0	5.0	69.78
46	112.0	127.0	-30.0	40.0	-3.0	5.0	-51.0	2.0	65.69
47	-22.0	32.0	-8.0	28.0	15.0	6.0	2.0	-12.0	57.94
48	-40.0	-7.0	-4.0	16.0	-10.0	-3.0	-125.0	69.0	56.93
49	4.0	-18.0	-3.0	19.0	-6.0	2.0	-10.0	-10.0	58.4
50	-22.0	49.0	-5.0	-127.0	3.0	-17.0	59.0	-35.0	57.94
51	50.0	-128.0	10.0	-45.0	-15.0	-5.0	87.0	-10.0	50.15
52	127.0	-57.0	29.0	30.0	-18.0	12.0	16.0	23.0	49.91
53	35.0	44.0	-64.0	-6.0	5.0	-30.0	-9.0	40.0	49.61
54	-95.0	-80.0	123.0	10.0	11.0	6.0	-67.0	15.0	49.91
55	-21.0	77.0	22.0	-6.0	-4.0	-1.0	94.0	30.0	51.45
56	24.0	-13.0	-128.0	0.0	1.0	-3.0	-104.0	-2.0	61.04
57	12.0	84.0	-18.0	-31.0	19.0	-12.0	-36.0	-3.0	60.48
58	11.0	-43.0	15.0	-58.0	15.0	-9.0	27.0	8.0	61.33
59	39.0	43.0	-37.0	23.0	-8.0	6.0	-14.0	-10.0	76.62
60	-54.0	-42.0	9.0	0.0	15.0	16.0	-30.0	-5.0	76.62
61	58.0	33.0	103.0	-16.0	5.0	9.0	4.0	12.0	91.64
62	21.0	32.0	-54.0	-1.0	-5.0	44.0	-86.0	57.0	94.16
63	33.0	52.0	-15.0	35.0	10.0	-32.0	-19.0	-6.0	102.46
64	-10.0	19.0	23.0	-2.0	-7.0	-15.0	-11.0	18.0	97.38
65	125.0	80.0	18.0	29.0	7.0	12.0	12.0	-17.0	98.92
66	5.0	-10.0	-11.0	34.0	6.0	4.0	9.0	-17.0	97.28
67	51.0	22.0	-46.0	24.0	18.0	-13.0	5.0	-9.0	97.28
68	-101.0	-15.0	31.0	-9.0	-1.0	14.0	41.0	47.0	105.13
69	14.0	-62.0	-19.0	-17.0	-6.0	14.0	78.0	12.0	110.33
70	2.0	14.0	5.0	15.0	-10.0	22.0	-13.0	-91.0	125.16
71	-73.0	49.0	17.0	7.0	-4.0	9.0	-27.0	18.0	126.39
72	98.0	-25.0	-100.0	-15.0	-5.0	33.0	-27.0	-4.0	128.58
73	67.0	-107.0	61.0	-7.0	11.0	-11.0	-41.0	-40.0	133.19
74	-42.0	127.0	76.0	-60.0	-5.0	-28.0	41.0	28.0	133.19
75	52.0	1.0	-14.0	12.0	6.0	-3.0	41.0	-23.0	132.89
76	127.0	-7.0	-40.0	-45.0	-3.0	-6.0	13.0	-21.0	126.39
77	-110.0	29.0	27.0	91.0	-17.0	-8.0	58.0	-3.0	125.28
