0	-3.0	15.0	18.0	-15.0	18.0	1.0	6.0	11.0	118.84
1	-10.0	-14.0	42.0	7.0	-17.0	-7.0	-16.0	1.0	79.42
2	-1.0	-71.0	-31.0	30.0	15.0	3.0	-18.0	4.0	89.91
3	-72.0	-24.0	-61.0	-8.0	7.0	-1.0	4.0	9.0	110.55
4	-24.0	27.0	-6.0	-27.0	-16.0	4.0	25.0	7.0	113.55
5	40.0	-24.0	25.0	93.0	10.0	-11.0	-2.0	3.0	108.18
6	-19.0	21.0	25.0	20.0	-2.0	-2.0	2.0	-19.0	88.01
7	52.0	7.0	-16.0	-5.0	23.0	-18.0	-1.0	-10.0	80.87
8	-2.0	-8.0	68.0	-14.0	-11.0	1.0	11.0	12.0	82.0
9	-17.0	99.0	14.0	-109.0	-9.0	-14.0	1.0	-9.0	58.96
10	50.0	56.0	2.0	5.0	12.0	-9.0	2.0	-7.0	46.92
11	-20.0	-5.0	-40.0	-10.0	1.0	1.0	-11.0	-42.0	46.71
12	6.0	73.0	-5.0	110.0	25.0	-2.0	68.0	-19.0	46.33
13	-18.0	26.0	120.0	28.0	-7.0	-11.0	105.0	33.0	46.92
14	32.0	-15.0	-7.0	-62.0	-5.0	32.0	-4.0	-5.0	46.7
15	15.0	-25.0	-11.0	-99.0	-9.0	-18.0	17.0	39.0	46.26
16	-15.0	-23.0	-7.0	-20.0	3.0	-1.0	5.0	-6.0	47.88
17	118.0	-58.0	-67.0	-13.0	0.0	7.0	15.0	-10.0	49.13
18	6.0	14.0	-10.0	0.0	17.0	2.0	-5.0	-9.0	47.01
19	67.0	-26.0	18.0	-17.0	-6.0	11.0	-3.0	-7.0	47.96
20	1.0	19.0	11.0	17.0	11.0	-22.0	5.0	-9.0	50.94
21	-48.0	32.0	83.0	-20.0	10.0	-13.0	-13.0	-10.0	47.01
22	49.0	-6.0	-32.0	-31.0	0.0	-11.0	9.0	-14.0	51.81
23	9.0	40.0	49.0	-3.0	-11.0	8.0	-6.0	23.0	50.54
24	-58.0	74.0	44.0	-2.0	0.0	-9.0	21.0	-12.0	70.14
25	-47.0	-1.0	-1.0	-6.0	4.0	25.0	1.0	18.0	55.6
26	-54.0	-3.0	-37.0	49.0	-7.0	-1.0	-17.0	18.0	51.81
27	-21.0	-3.0	26.0	-13.0	8.0	29.0	25.0	39.0	64.04
28	-18.0	-40.0	63.0	0.0	-11.0	-2.0	5.0	45.0	66.44
29	34.0	-22.0	54.0	-7.0	6.0	-8.0	-10.0	-7.0	51.81
30	-10.0	60.0	10.0	-29.0	-6.0	3.0	1.0	19.0	49.95
31	-1.0	-54.0	0.0	-34.0	26.0	1.0	7.0	17.0	54.14
32	-13.0	11.0	-74.0	5.0	-9.0	3.0	-5.0	-16.0	62.12
33	25.0	-72.0	-63.0	1.0	0.0	-12.0	5.0	-13.0	49.25
34	43.0	-66.0	3.0	28.0	-7.0	2.0	-16.0	19.0	46.7
35	-62.0	29.0	2.0	-15.0	-6.0	9.0	-17.0	5.0	50.94
36	18.0	-7.0	33.0	-108.0	-10.0	15.0	9.0	2.0	58.93
37	-61.0	-33.0	-51.0	-3.0	5.0	4.0	0.0	-2.0	54.14
38	11.0	30.0	-61.0	-26.0	-4.0	15.0	1.0	-17.0	47.68
39	1.0	-43.0	22.0	42.0	7.0	-8.0	-3.0	-17.0	52.43
40	-1.0	-51.0	28.0	72.0	7.0	1.0	-22.0	-21.0	52.36
41	-54.0	61.0	-34.0	-15.0	4.0	1.0	-8.0	23.0	73.26
42	-98.0	62.0	-16.0	25.0	20.0	17.0	-12.0	-25.0	71.21
43	-39.0	67.0	-19.0	-7.0	-9.0	-5.0	6.0	-1.0	64.04
44	-68.0	63.0	-16.0	-54.0	6.0	-12.0	16.0	-20.0	66.44
45	39.0	-99.0	52.0	-27.0	-2.0	-20.0	-34.0	11.0	75.32
46	-18.0	-51.0	-3.0	29.0	5.0	20.0	10.0	15.0	99.39
47	82.0	-63.0	0.0	2.0	-15.0	1.0	-6.0	9.0	89.91
48	-18.0	-4.0	-15.0	-89.0	-7.0	-18.0	20.0	-11.0	102.77
49	-8.0	-45.0	-4.0	-34.0	10.0	-14.0	-16.0	4.0	80.07
50	19.0	-62.0	38.0	15.0	-19.0	5.0	5.0	0.0	80.87
51	78.0	18.0	26.0	-14.0	-6.0	6.0	-36.0	-4.0	102.77
52	13.0	-7.0	16.0	-10.0	4.0	-6.0	-1.0	-37.0	90.1
53	-19.0	20.0	-28.0	-24.0	11.0	9.0	3.0	-7.0	126.5
54	125.0	-14.0	17.0	36.0	-9.0	-22.0	-9.0	-11.0	122.57
55	16.0	-12.0	-6.0	16.0	-5.0	-14.0	-7.0	-26.0	119.76
56	-1.0	-14.0	-4.0	-29.0	-22.0	3.0	9.0	10.0	123.98
57	-22.0	-15.0	-10.0	86.0	-13.0	-4.0	-12.0	9.0	130.12
58	-39.0	-2.0	3.0	-5.0	-8.0	21.0	6.0	-14.0	131.86
59	-16.0	38.0	-4.0	0.0	16.0	-7.0	13.0	-24.0	128.34
60	28.0	-87.0	1.0	-5.0	-9.0	1.0	15.0	0.0	130.76
61	40.0	18.0	-32.0	124.0	-18.0	0.0	2.0	-22.0	134.99
62	17.0	-77.0	107.0	-16.0	-6.0	-2.0	-14.0	0.0	130.43
63	17.0	-23.0	-3.0	11.0	3.0	-12.0	9.0	-6.0	127.98
64	-72.0	26.0	-31.0	-4.0	6.0	11.0	-20.0	-1.0	130.43
65	-12.0	45.0	6.0	-9.0	10.0	-22.0	-19.0	-18.0	130.12
66	29.0	27.0	-25.0	-24.0	-7.0	17.0	1.0	31.0	135.64
67	-77.0	1.0	3.0	10.0	-11.0	-10.0	-9.0	5.0	135.64
68	-40.0	63.0	1.0	-11.0	-4.0	-4.0	-2.0	19.0	133.1
69	32.0	-35.0	45.0	35.0	-9.0	-3.0	-7.0	3.0	126.64
70	-45.0	-39.0	2.0	5.0	-1.0	-4.0	-14.0	16.0	126.64
71	82.0	10.0	-22.0	-20.0	7.0	9.0	11.0	3.0	125.09
72	28.0	-24.0	-31.0	72.0	-1.0	-24.0	0.0	-9.0	123.89
73	2.0	46.0	-93.0	-2.0	-6.0	-19.0	-4.0	9.0	111.79
74	-43.0	60.0	-49.0	-20.0	1.0	3.0	-11.0	-9.0	116.24
75	-5.0	8.0	-15.0	-37.0	-2.0	18.0	-16.0	-33.0	118.84
