0	-68.0	-51.0	-19.0	-24.0	4.0	18.0	-9.0	-9.0	49.13
1	43.0	30.0	0.0	93.0	12.0	1.0	68.0	11.0	50.54
2	-77.0	-24.0	28.0	-37.0	-13.0	1.0	3.0	-25.0	49.95
3	-54.0	67.0	54.0	-54.0	-7.0	1.0	1.0	-9.0	49.25
4	-12.0	11.0	-4.0	-10.0	-9.0	15.0	5.0	39.0	47.96
5	-54.0	-23.0	-28.0	15.0	-5.0	-8.0	21.0	0.0	47.88
6	32.0	-5.0	38.0	10.0	-7.0	5.0	-13.0	-14.0	47.01
7	-1.0	20.0	-34.0	-16.0	15.0	-13.0	-1.0	-17.0	46.7
8	29.0	-12.0	-63.0	-108.0	-7.0	-1.0	105.0	-37.0	46.92
9	32.0	-14.0	-4.0	1.0	7.0	25.0	1.0	-33.0	46.7
10	-18.0	-71.0	2.0	-31.0	-16.0	-18.0	-3.0	-10.0	46.26
11	17.0	-99.0	52.0	-13.0	26.0	4.0	-7.0	-16.0	46.71
12	-13.0	-33.0	-3.0	-20.0	0.0	-3.0	0.0	9.0	46.92
13	25.0	7.0	-74.0	-17.0	0.0	8.0	2.0	-9.0	46.33
14	-72.0	-58.0	-61.0	-99.0	-1.0	17.0	0.0	-20.0	47.68
15	-47.0	46.0	22.0	-10.0	-7.0	11.0	-16.0	-4.0	47.01
16	11.0	56.0	-6.0	-29.0	-15.0	-12.0	1.0	19.0	54.14
17	-48.0	-14.0	63.0	-3.0	6.0	0.0	-11.0	39.0	58.96
18	50.0	-43.0	18.0	28.0	25.0	3.0	-6.0	-19.0	64.04
19	16.0	63.0	17.0	-6.0	10.0	-1.0	6.0	15.0	52.36
20	-10.0	15.0	-31.0	-5.0	17.0	29.0	16.0	-6.0	52.43
21	-2.0	-14.0	-93.0	-7.0	-2.0	-22.0	25.0	-10.0	54.14
22	-19.0	-3.0	0.0	17.0	-9.0	-14.0	17.0	2.0	62.12
23	6.0	18.0	-16.0	5.0	3.0	-19.0	-19.0	11.0	80.87
24	40.0	38.0	-6.0	-20.0	20.0	-2.0	9.0	-17.0	99.39
25	-10.0	-23.0	1.0	36.0	-9.0	9.0	2.0	-6.0	55.6
26	34.0	-24.0	2.0	-14.0	-11.0	1.0	-12.0	33.0	50.94
27	19.0	-39.0	-67.0	11.0	-10.0	-22.0	9.0	23.0	64.04
28	118.0	-26.0	-7.0	7.0	8.0	3.0	1.0	-42.0	90.1
29	-15.0	-72.0	-37.0	-27.0	7.0	2.0	-20.0	-1.0	79.42
30	-1.0	-2.0	11.0	2.0	6.0	-4.0	25.0	-24.0	80.07
31	-16.0	-7.0	-31.0	5.0	7.0	-14.0	20.0	9.0	89.91
32	-19.0	-8.0	68.0	5.0	-9.0	-11.0	15.0	16.0	108.18
33	-1.0	19.0	44.0	-5.0	4.0	1.0	-2.0	4.0	102.77
34	-5.0	-15.0	49.0	-109.0	-7.0	-24.0	-14.0	5.0	89.91
35	39.0	-40.0	42.0	-14.0	7.0	3.0	5.0	-5.0	75.32
36	-40.0	29.0	-10.0	86.0	-4.0	2.0	4.0	9.0	88.01
37	-62.0	60.0	45.0	42.0	-11.0	7.0	5.0	3.0	111.79
38	-39.0	74.0	2.0	110.0	1.0	-7.0	-9.0	-11.0	110.55
39	2.0	26.0	-32.0	20.0	3.0	11.0	-8.0	1.0	113.55
40	13.0	14.0	25.0	-34.0	-2.0	-20.0	10.0	-26.0	130.76
41	-3.0	-63.0	18.0	-20.0	-5.0	3.0	6.0	-21.0	134.99
42	-61.0	-62.0	-5.0	-3.0	-17.0	-22.0	-12.0	-19.0	118.84
43	-72.0	-24.0	-31.0	49.0	1.0	17.0	-2.0	-9.0	118.84
44	-8.0	-77.0	-1.0	-5.0	-6.0	1.0	1.0	7.0	123.89
45	28.0	62.0	33.0	25.0	-11.0	-9.0	7.0	5.0	127.98
46	-58.0	60.0	-15.0	-11.0	10.0	-2.0	-17.0	0.0	135.64
47	40.0	8.0	-16.0	-13.0	-22.0	-18.0	-3.0	-9.0	125.09
48	-18.0	99.0	-61.0	-27.0	10.0	9.0	-22.0	-7.0	130.43
49	9.0	-54.0	-40.0	-34.0	-18.0	-11.0	-11.0	3.0	119.76
50	82.0	27.0	83.0	29.0	-9.0	-14.0	-16.0	-2.0	130.12
51	-18.0	27.0	1.0	0.0	4.0	-11.0	9.0	-22.0	133.1
52	49.0	21.0	26.0	30.0	-4.0	9.0	-7.0	19.0	126.5
53	-43.0	-4.0	-4.0	-20.0	11.0	15.0	15.0	-14.0	130.43
54	-18.0	40.0	-51.0	16.0	-9.0	6.0	-18.0	45.0	116.24
55	-17.0	-45.0	26.0	72.0	-6.0	-9.0	-6.0	-11.0	123.98
56	52.0	32.0	6.0	0.0	-19.0	3.0	-4.0	18.0	135.64
57	-20.0	73.0	3.0	-26.0	10.0	32.0	-5.0	31.0	122.57
58	-45.0	-3.0	-22.0	-24.0	-1.0	-6.0	-16.0	18.0	128.34
59	78.0	-22.0	-16.0	35.0	11.0	-8.0	-34.0	12.0	126.64
60	6.0	10.0	-15.0	0.0	-9.0	-1.0	5.0	17.0	131.86
61	15.0	-87.0	16.0	-29.0	-6.0	-12.0	-36.0	-18.0	130.12
62	-1.0	45.0	-11.0	-9.0	18.0	1.0	6.0	4.0	126.64
63	82.0	-1.0	10.0	-15.0	-6.0	-4.0	-5.0	-12.0	80.87
64	-24.0	-51.0	3.0	-8.0	5.0	-2.0	2.0	-10.0	82.0
65	1.0	-7.0	-32.0	-4.0	5.0	-4.0	11.0	-1.0	66.44
66	-22.0	-6.0	-25.0	72.0	6.0	-10.0	-17.0	-7.0	102.77
67	1.0	26.0	120.0	-2.0	-2.0	21.0	13.0	3.0	73.26
68	67.0	61.0	-3.0	-15.0	0.0	1.0	11.0	-7.0	58.93
69	-39.0	18.0	-10.0	-62.0	-6.0	20.0	-16.0	19.0	51.81
70	125.0	-25.0	-49.0	-2.0	0.0	-5.0	-14.0	9.0	71.21
71	18.0	63.0	25.0	-7.0	-11.0	-2.0	-4.0	-7.0	70.14
72	28.0	1.0	107.0	28.0	23.0	4.0	5.0	0.0	50.94
73	-21.0	-35.0	14.0	-15.0	-6.0	-7.0	9.0	23.0	66.44
74	17.0	-15.0	3.0	124.0	-8.0	-18.0	-10.0	-13.0	51.81
75	-98.0	-66.0	-7.0	-89.0	16.0	-12.0	-1.0	10.0	51.81
