0	-1.0	1.0	18.0	-9.0	12.0	17.0	21.0	15.0	60.79
1	-3.0	80.0	97.0	-13.0	9.0	7.0	-8.0	-11.0	67.12
2	5.0	10.0	-11.0	5.0	-33.0	4.0	0.0	-20.0	66.81
3	49.0	8.0	-50.0	7.0	-19.0	-17.0	8.0	-3.0	70.51
4	-5.0	-49.0	7.0	19.0	-10.0	-20.0	-16.0	-2.0	70.58
5	-22.0	-13.0	-3.0	-13.0	7.0	17.0	4.0	9.0	81.07
6	-11.0	13.0	24.0	-26.0	9.0	8.0	-15.0	1.0	91.51
7	23.0	11.0	-10.0	-6.0	-2.0	1.0	-7.0	-26.0	76.57
8	50.0	45.0	-60.0	-13.0	6.0	-8.0	-29.0	-8.0	77.67
9	28.0	48.0	79.0	-6.0	9.0	-4.0	-17.0	-6.0	89.4
10	-11.0	18.0	-16.0	1.0	-17.0	2.0	-21.0	12.0	86.77
11	-39.0	26.0	7.0	16.0	0.0	2.0	-7.0	25.0	92.78
12	-17.0	21.0	-16.0	-52.0	-11.0	-5.0	2.0	-20.0	89.4
13	-7.0	23.0	60.0	-13.0	35.0	-6.0	12.0	51.0	116.37
14	13.0	12.0	13.0	-55.0	-2.0	-14.0	5.0	0.0	114.24
15	-46.0	9.0	-29.0	67.0	13.0	0.0	-5.0	12.0	107.29
16	-13.0	-57.0	-117.0	49.0	-1.0	5.0	-10.0	-1.0	115.39
17	10.0	-33.0	17.0	45.0	-18.0	-29.0	-8.0	-18.0	124.03
18	-7.0	-18.0	86.0	20.0	20.0	-6.0	-2.0	-5.0	122.35
19	29.0	34.0	-14.0	1.0	7.0	-9.0	17.0	7.0	127.84
20	101.0	-33.0	-5.0	15.0	-2.0	14.0	38.0	1.0	117.23
21	4.0	93.0	-32.0	-10.0	9.0	-11.0	-8.0	9.0	107.94
22	-44.0	-40.0	20.0	-105.0	1.0	12.0	-8.0	22.0	109.63
23	43.0	-101.0	-3.0	35.0	11.0	19.0	-18.0	13.0	115.39
24	-25.0	18.0	-46.0	47.0	-3.0	-4.0	39.0	0.0	126.95
25	-4.0	-26.0	25.0	9.0	-30.0	-13.0	-3.0	15.0	127.11
26	12.0	55.0	79.0	-16.0	-11.0	-22.0	7.0	8.0	123.44
27	64.0	4.0	98.0	20.0	4.0	9.0	-11.0	8.0	123.44
28	58.0	4.0	48.0	44.0	-6.0	11.0	2.0	3.0	114.18
29	58.0	113.0	28.0	2.0	-8.0	0.0	20.0	-14.0	119.16
30	-7.0	-28.0	-58.0	-16.0	-2.0	12.0	5.0	3.0	126.95
31	-49.0	-13.0	32.0	-76.0	-8.0	-17.0	0.0	-12.0	127.84
32	39.0	9.0	-62.0	19.0	-21.0	0.0	-23.0	3.0	128.04
33	41.0	-33.0	16.0	-19.0	-7.0	-10.0	-11.0	0.0	127.27
34	-46.0	4.0	-2.0	-61.0	8.0	-17.0	-5.0	-15.0	127.11
35	6.0	-11.0	7.0	-84.0	9.0	0.0	11.0	-16.0	100.96
36	-28.0	12.0	34.0	127.0	18.0	19.0	-9.0	-7.0	114.18
37	-14.0	15.0	-6.0	65.0	-6.0	0.0	-5.0	4.0	100.96
38	-42.0	-47.0	34.0	20.0	11.0	-15.0	-13.0	11.0	97.07
39	-46.0	1.0	13.0	-33.0	-10.0	-15.0	-6.0	0.0	115.03
40	-40.0	-21.0	2.0	10.0	8.0	-16.0	-8.0	45.0	95.47
41	-45.0	6.0	2.0	-1.0	22.0	19.0	2.0	-6.0	97.07
42	8.0	2.0	6.0	-10.0	4.0	15.0	17.0	-14.0	104.65
43	-50.0	109.0	64.0	-128.0	4.0	-6.0	-11.0	4.0	97.38
44	-82.0	-105.0	-3.0	-15.0	-15.0	-6.0	-26.0	12.0	79.4
45	-49.0	9.0	-119.0	44.0	-5.0	-20.0	16.0	14.0	77.67
46	14.0	-25.0	15.0	25.0	2.0	-6.0	2.0	-11.0	70.58
47	114.0	-41.0	-6.0	31.0	7.0	22.0	-1.0	-19.0	73.91
48	82.0	-4.0	-2.0	-103.0	-14.0	-11.0	-7.0	27.0	70.51
49	-8.0	69.0	3.0	-19.0	-8.0	-8.0	-14.0	2.0	60.98
50	39.0	10.0	38.0	127.0	-12.0	7.0	13.0	43.0	60.79
51	58.0	91.0	19.0	10.0	16.0	33.0	-1.0	4.0	50.33
52	82.0	76.0	63.0	-8.0	-3.0	12.0	35.0	-17.0	38.77
53	41.0	-80.0	-43.0	44.0	-2.0	39.0	14.0	-2.0	38.16
54	-14.0	93.0	12.0	-16.0	6.0	4.0	-14.0	-1.0	38.17
55	-27.0	24.0	-65.0	-9.0	-2.0	-3.0	-8.0	-25.0	38.16
56	-11.0	-50.0	-43.0	0.0	-11.0	2.0	-8.0	6.0	38.77
57	24.0	-77.0	-11.0	12.0	-8.0	6.0	16.0	-16.0	38.11
58	12.0	15.0	127.0	12.0	10.0	3.0	12.0	18.0	38.81
59	54.0	127.0	54.0	-44.0	-14.0	2.0	11.0	0.0	38.32
60	39.0	-28.0	86.0	2.0	-11.0	4.0	16.0	-7.0	40.89
61	13.0	82.0	-40.0	14.0	-10.0	-23.0	-40.0	4.0	45.58
62	-12.0	124.0	-7.0	25.0	-1.0	21.0	5.0	-32.0	50.68
63	26.0	-52.0	34.0	7.0	-5.0	-12.0	0.0	-2.0	42.91
64	7.0	-55.0	32.0	-13.0	9.0	-3.0	-1.0	22.0	61.19
65	22.0	-2.0	-54.0	-78.0	-10.0	-15.0	12.0	29.0	59.95
66	-7.0	-104.0	-38.0	25.0	-7.0	-40.0	-3.0	-24.0	61.66
67	-4.0	-24.0	-44.0	25.0	0.0	-15.0	-16.0	6.0	39.61
68	-4.0	-97.0	15.0	-5.0	24.0	0.0	-8.0	-17.0	40.89
69	23.0	-7.0	-10.0	11.0	-3.0	2.0	3.0	-8.0	50.68
70	-56.0	0.0	-48.0	15.0	-4.0	-4.0	-11.0	12.0	42.97
71	6.0	-70.0	8.0	19.0	-16.0	-27.0	-2.0	14.0	51.37
72	-23.0	-3.0	-2.0	-12.0	31.0	-12.0	26.0	32.0	59.73
73	21.0	-1.0	112.0	-1.0	22.0	48.0	17.0	8.0	42.97
74	79.0	-46.0	-60.0	-35.0	4.0	0.0	6.0	-31.0	57.43
75	-50.0	29.0	-110.0	20.0	9.0	43.0	2.0	1.0	49.66
76	3.0	-33.0	-113.0	49.0	1.0	-13.0	3.0	13.0	44.71
77	-42.0	126.0	-34.0	112.0	5.0	17.0	16.0	0.0	40.18
78	-4.0	-5.0	108.0	-43.0	1.0	-4.0	28.0	8.0	44.71
79	-2.0	-13.0	-3.0	-47.0	0.0	-4.0	-6.0	-3.0	59.73
