0	-3.0	23.0	11.0	26.0	-8.0	0.0	18.0	16.0	89.25
1	28.0	107.0	11.0	-9.0	-2.0	-1.0	-2.0	26.0	90.47
2	-35.0	3.0	-5.0	20.0	6.0	-9.0	23.0	-46.0	92.99
3	-128.0	0.0	35.0	1.0	-4.0	5.0	-24.0	-26.0	104.67
4	15.0	-37.0	-37.0	-33.0	9.0	-3.0	1.0	-4.0	110.71
5	3.0	-45.0	-3.0	5.0	-3.0	7.0	-32.0	45.0	113.38
6	34.0	52.0	-14.0	-25.0	-10.0	12.0	18.0	-18.0	117.01
7	28.0	38.0	-1.0	33.0	-13.0	-16.0	60.0	112.0	113.38
8	-88.0	-53.0	15.0	23.0	-1.0	-6.0	-6.0	-38.0	113.4
9	-41.0	-128.0	-10.0	-29.0	-1.0	-3.0	39.0	-18.0	116.62
10	38.0	-42.0	12.0	-12.0	-6.0	1.0	-15.0	51.0	125.46
11	53.0	2.0	46.0	11.0	-4.0	1.0	-17.0	-25.0	122.36
12	102.0	109.0	-15.0	7.0	-12.0	-3.0	-23.0	-38.0	122.83
13	45.0	73.0	-17.0	18.0	12.0	-15.0	-46.0	13.0	127.34
14	-67.0	28.0	32.0	-37.0	-9.0	-4.0	24.0	9.0	129.33
15	-34.0	12.0	25.0	-22.0	-43.0	8.0	18.0	-86.0	130.81
16	15.0	-65.0	-34.0	3.0	3.0	-3.0	-16.0	-6.0	132.57
17	73.0	14.0	21.0	4.0	6.0	-18.0	85.0	-36.0	135.68
18	13.0	-39.0	10.0	13.0	-3.0	0.0	35.0	46.0	134.27
19	-38.0	22.0	32.0	-50.0	-24.0	-5.0	-16.0	-51.0	133.17
20	22.0	3.0	0.0	-6.0	3.0	-17.0	-11.0	-67.0	135.33
21	44.0	-19.0	1.0	62.0	-16.0	14.0	-121.0	65.0	135.68
22	3.0	4.0	49.0	14.0	7.0	-1.0	0.0	-3.0	135.71
23	-10.0	-10.0	-49.0	-66.0	-1.0	-3.0	7.0	13.0	132.57
24	22.0	-19.0	1.0	3.0	-14.0	0.0	-37.0	-21.0	130.88
25	-25.0	-7.0	72.0	17.0	-9.0	-15.0	1.0	61.0	130.88
26	-8.0	63.0	-1.0	17.0	-16.0	-1.0	-4.0	-115.0	126.42
27	25.0	-95.0	-5.0	-6.0	-12.0	4.0	2.0	-5.0	125.46
28	-36.0	-30.0	8.0	68.0	13.0	-16.0	-60.0	74.0	120.04
29	107.0	-41.0	2.0	2.0	-3.0	0.0	-23.0	-4.0	113.4
30	-11.0	19.0	-4.0	-4.0	-9.0	4.0	12.0	-128.0	107.08
31	10.0	54.0	6.0	4.0	1.0	-9.0	32.0	-15.0	100.57
32	6.0	-12.0	-28.0	-42.0	-10.0	-10.0	-5.0	51.0	104.67
33	-84.0	16.0	-11.0	-60.0	-12.0	45.0	-53.0	-31.0	103.67
34	29.0	-39.0	39.0	0.0	-5.0	-3.0	-30.0	-4.0	90.47
35	-32.0	-25.0	-11.0	1.0	-2.0	8.0	2.0	32.0	89.25
36	43.0	-31.0	4.0	-2.0	-13.0	-8.0	-21.0	-16.0	86.06
37	-24.0	117.0	1.0	36.0	-5.0	-12.0	2.0	-52.0	87.85
38	20.0	-9.0	9.0	-22.0	-24.0	-6.0	17.0	-39.0	82.76
39	5.0	31.0	-22.0	2.0	2.0	-10.0	-25.0	1.0	74.56
40	6.0	15.0	-1.0	-23.0	1.0	-3.0	5.0	-5.0	69.69
41	21.0	0.0	11.0	23.0	3.0	6.0	59.0	-1.0	57.1
42	-37.0	4.0	16.0	-17.0	-10.0	-8.0	-17.0	46.0	63.5
43	-6.0	102.0	-73.0	5.0	-2.0	-10.0	28.0	15.0	59.41
44	7.0	-19.0	15.0	1.0	-23.0	0.0	-35.0	3.0	66.21
45	72.0	-31.0	1.0	-5.0	-20.0	23.0	-49.0	-69.0	61.26
46	73.0	-27.0	2.0	4.0	38.0	-4.0	-19.0	20.0	63.5
47	-6.0	53.0	23.0	1.0	-4.0	-5.0	0.0	-79.0	53.44
48	-28.0	17.0	-11.0	-8.0	-17.0	0.0	4.0	-63.0	57.1
49	-55.0	-20.0	102.0	-11.0	-1.0	-8.0	-3.0	-46.0	53.79
50	34.0	-24.0	25.0	2.0	28.0	4.0	-10.0	-14.0	62.79
51	14.0	15.0	8.0	-20.0	-1.0	14.0	-9.0	115.0	66.01
52	86.0	12.0	-15.0	1.0	3.0	2.0	-7.0	26.0	56.49
53	-43.0	78.0	-7.0	-26.0	2.0	-5.0	61.0	-21.0	53.44
54	19.0	16.0	25.0	43.0	6.0	-14.0	5.0	-20.0	50.24
55	-104.0	-53.0	19.0	83.0	-14.0	-4.0	-5.0	1.0	51.26
56	-34.0	-53.0	1.0	-42.0	-4.0	-3.0	-27.0	-27.0	48.85
57	53.0	61.0	15.0	-6.0	6.0	-11.0	4.0	-33.0	46.81
58	-19.0	11.0	-27.0	81.0	-3.0	0.0	-4.0	40.0	46.04
59	46.0	-60.0	-15.0	14.0	-8.0	8.0	-6.0	16.0	41.87
60	0.0	-65.0	-3.0	-25.0	7.0	-7.0	-45.0	-9.0	46.04
61	49.0	-7.0	-13.0	-11.0	8.0	5.0	-36.0	-6.0	43.81
62	42.0	25.0	0.0	23.0	8.0	1.0	-8.0	28.0	44.99
63	1.0	-36.0	-5.0	21.0	6.0	10.0	-6.0	22.0	47.9
64	5.0	26.0	-51.0	-2.0	-3.0	7.0	38.0	15.0	40.65
65	-3.0	38.0	41.0	2.0	15.0	-10.0	20.0	-3.0	38.82
66	-26.0	-45.0	-2.0	22.0	0.0	12.0	12.0	9.0	39.81
67	-29.0	19.0	7.0	-19.0	-3.0	14.0	31.0	21.0	40.65
68	7.0	-7.0	-22.0	-4.0	4.0	-2.0	-11.0	26.0	38.82
69	15.0	-25.0	-27.0	-27.0	-15.0	17.0	-11.0	-2.0	43.38
70	-19.0	77.0	5.0	-1.0	28.0	-3.0	69.0	-31.0	47.9
71	28.0	3.0	-4.0	-14.0	-4.0	15.0	8.0	25.0	51.27
72	-64.0	-13.0	29.0	-5.0	2.0	-3.0	2.0	9.0	70.96
73	-3.0	-7.0	-1.0	21.0	31.0	-16.0	-5.0	26.0	70.96
74	-73.0	-14.0	-40.0	-1.0	-13.0	3.0	11.0	72.0	74.56
75	-28.0	-28.0	5.0	36.0	3.0	7.0	-4.0	-47.0	79.77
76	-23.0	17.0	12.0	0.0	-24.0	14.0	27.0	2.0	77.0
77	39.0	10.0	-5.0	-28.0	14.0	1.0	-19.0	15.0	86.45
