0	14.0	-71.0	-105.0	-63.0	4.0	12.0	-13.0	-2.0	43.38
1	0.0	-10.0	-7.0	127.0	6.0	7.0	7.0	-9.0	38.53
2	-30.0	-71.0	36.0	7.0	0.0	1.0	6.0	25.0	38.38
3	4.0	-102.0	-24.0	-30.0	0.0	-1.0	-20.0	5.0	38.68
4	53.0	50.0	-6.0	26.0	4.0	3.0	28.0	35.0	41.14
5	51.0	29.0	2.0	-31.0	3.0	-31.0	44.0	4.0	43.38
6	5.0	49.0	-36.0	-128.0	6.0	30.0	-11.0	-8.0	44.82
7	-12.0	50.0	-24.0	15.0	-17.0	-1.0	-10.0	-5.0	72.47
8	90.0	32.0	127.0	-12.0	-7.0	-12.0	30.0	-28.0	84.67
9	-10.0	50.0	-35.0	-89.0	26.0	62.0	-23.0	-17.0	79.32
10	83.0	60.0	-43.0	120.0	-3.0	19.0	-11.0	4.0	62.51
11	14.0	14.0	4.0	0.0	-13.0	12.0	-26.0	3.0	47.97
12	-5.0	21.0	-11.0	-105.0	51.0	0.0	6.0	-6.0	61.43
13	-6.0	-45.0	7.0	53.0	10.0	5.0	-5.0	-3.0	67.72
14	-3.0	0.0	100.0	-94.0	-17.0	10.0	14.0	-13.0	79.32
15	-25.0	21.0	26.0	20.0	-15.0	-26.0	22.0	-31.0	71.92
16	119.0	-39.0	23.0	127.0	-2.0	-4.0	7.0	-1.0	65.99
17	1.0	13.0	-11.0	-86.0	-12.0	2.0	2.0	25.0	52.04
18	-12.0	-103.0	-43.0	5.0	-2.0	26.0	-8.0	20.0	81.49
19	39.0	-83.0	3.0	8.0	28.0	-37.0	6.0	0.0	84.67
20	-15.0	-4.0	127.0	-38.0	-4.0	19.0	1.0	8.0	90.43
21	6.0	118.0	-7.0	-11.0	15.0	10.0	44.0	5.0	83.89
22	-35.0	-19.0	-20.0	-23.0	-4.0	-11.0	10.0	-22.0	91.92
23	-44.0	-102.0	-38.0	-18.0	-30.0	-21.0	7.0	8.0	98.19
24	-10.0	63.0	-61.0	-6.0	1.0	-20.0	31.0	4.0	93.85
25	-95.0	13.0	1.0	-11.0	15.0	5.0	-24.0	4.0	98.19
26	-12.0	-12.0	-3.0	-22.0	27.0	-6.0	31.0	-27.0	104.77
27	-47.0	-3.0	-8.0	110.0	-1.0	10.0	8.0	-5.0	110.57
28	24.0	-19.0	2.0	10.0	6.0	23.0	-56.0	15.0	112.63
29	37.0	21.0	-32.0	4.0	10.0	-5.0	2.0	-25.0	119.39
30	-13.0	9.0	-23.0	-13.0	4.0	10.0	-2.0	-16.0	108.32
31	-9.0	51.0	-31.0	-128.0	-26.0	62.0	-16.0	47.0	123.79
32	-10.0	-49.0	34.0	17.0	-17.0	-31.0	14.0	-3.0	125.36
33	38.0	-64.0	0.0	-91.0	9.0	-16.0	-37.0	-16.0	127.29
34	109.0	40.0	17.0	15.0	-32.0	-15.0	-21.0	3.0	127.24
35	49.0	-26.0	-11.0	30.0	-11.0	2.0	19.0	8.0	112.9
36	-73.0	-75.0	-35.0	-128.0	-9.0	13.0	-4.0	19.0	126.92
37	-95.0	-55.0	-28.0	-16.0	-1.0	-26.0	-2.0	-22.0	122.29
38	-17.0	1.0	-64.0	-11.0	15.0	-2.0	2.0	-16.0	127.24
39	-47.0	-5.0	73.0	46.0	6.0	-17.0	0.0	16.0	105.11
40	-104.0	-9.0	3.0	-16.0	0.0	-3.0	-2.0	-19.0	104.77
41	-25.0	-79.0	23.0	26.0	14.0	34.0	-12.0	6.0	123.06
42	49.0	-65.0	74.0	-21.0	4.0	5.0	-5.0	3.0	120.74
43	-66.0	5.0	-3.0	-12.0	28.0	-12.0	3.0	-4.0	125.93
44	119.0	67.0	-109.0	120.0	4.0	3.0	-27.0	3.0	122.29
45	90.0	55.0	-53.0	-3.0	-12.0	10.0	0.0	15.0	125.93
46	-13.0	118.0	-50.0	-7.0	-3.0	-5.0	25.0	-29.0	108.72
47	-5.0	28.0	-31.0	-19.0	-8.0	10.0	8.0	-4.0	125.35
48	38.0	-96.0	28.0	-41.0	1.0	17.0	-12.0	4.0	108.18
49	21.0	6.0	-26.0	-91.0	-30.0	14.0	-2.0	16.0	110.57
50	17.0	-28.0	-79.0	127.0	5.0	-10.0	22.0	12.0	112.9
51	-12.0	-79.0	100.0	46.0	12.0	39.0	3.0	-8.0	98.86
52	70.0	-20.0	-4.0	-7.0	12.0	4.0	-3.0	26.0	89.03
53	-14.0	-83.0	76.0	-12.0	-18.0	-24.0	20.0	14.0	88.26
54	-98.0	-75.0	29.0	30.0	26.0	-1.0	12.0	15.0	76.54
55	-86.0	47.0	-28.0	1.0	15.0	5.0	-25.0	7.0	71.92
56	-16.0	95.0	26.0	-13.0	-6.0	30.0	1.0	13.0	49.92
57	-111.0	6.0	121.0	-8.0	28.0	3.0	38.0	-26.0	63.16
58	-8.0	84.0	-2.0	-54.0	-2.0	-2.0	6.0	14.0	62.51
59	0.0	-75.0	76.0	-30.0	-9.0	7.0	-17.0	25.0	58.42
60	-12.0	-52.0	-118.0	12.0	15.0	5.0	30.0	12.0	46.89
61	-11.0	-44.0	-105.0	20.0	16.0	0.0	-6.0	16.0	41.65
62	-26.0	-45.0	14.0	39.0	14.0	35.0	-14.0	15.0	38.43
63	-9.0	-24.0	-10.0	-18.0	-3.0	18.0	-4.0	-11.0	39.0
64	-47.0	30.0	-10.0	-16.0	-9.0	-1.0	16.0	-11.0	38.87
65	69.0	-83.0	63.0	-47.0	-6.0	-28.0	12.0	12.0	40.51
66	7.0	-45.0	-35.0	30.0	0.0	46.0	-2.0	-3.0	39.0
67	-5.0	-20.0	-64.0	20.0	12.0	-3.0	31.0	-5.0	39.38
68	74.0	-56.0	0.0	26.0	2.0	-45.0	15.0	9.0	38.38
69	-109.0	60.0	68.0	-16.0	0.0	10.0	-23.0	-3.0	39.78
70	38.0	2.0	-33.0	-105.0	6.0	-2.0	-17.0	-8.0	40.51
71	14.0	-62.0	26.0	-41.0	7.0	-15.0	3.0	8.0	43.68
72	-2.0	55.0	-23.0	-61.0	10.0	8.0	-24.0	19.0	54.71
73	-12.0	-54.0	-4.0	-25.0	1.0	30.0	-9.0	-31.0	61.43
74	-61.0	60.0	-40.0	21.0	-4.0	-3.0	17.0	7.0	53.29
75	-8.0	60.0	2.0	-10.0	-9.0	-22.0	13.0	-8.0	47.97
76	72.0	-103.0	-44.0	52.0	-1.0	-3.0	-5.0	7.0	53.29
77	24.0	-15.0	-109.0	110.0	26.0	3.0	-14.0	-2.0	50.6
78	-67.0	31.0	12.0	-30.0	0.0	-17.0	2.0	7.0	56.19
