0	-29.0	-22.0	-6.0	4.0	10.0	-4.0	-4.0	-25.0	164.09
1	-9.0	-51.0	-2.0	-8.0	3.0	4.0	2.0	-4.0	162.08
2	-26.0	-58.0	10.0	-17.0	1.0	-9.0	1.0	1.0	161.02
3	43.0	31.0	-3.0	14.0	2.0	-1.0	2.0	-24.0	158.79
4	95.0	-19.0	2.0	-17.0	-10.0	-1.0	1.0	17.0	158.89
5	3.0	-8.0	-3.0	14.0	7.0	0.0	3.0	0.0	162.83
6	5.0	-1.0	0.0	2.0	-6.0	-1.0	1.0	0.0	162.83
7	-116.0	40.0	13.0	4.0	0.0	1.0	8.0	-7.0	162.1
8	-1.0	1.0	-3.0	8.0	1.0	4.0	11.0	3.0	164.49
9	-18.0	-32.0	-2.0	-4.0	-1.0	-3.0	-1.0	13.0	164.09
10	39.0	-1.0	-11.0	-5.0	-1.0	1.0	-2.0	4.0	164.08
11	7.0	2.0	-2.0	1.0	-2.0	2.0	-3.0	22.0	164.49
12	2.0	4.0	3.0	-4.0	-7.0	-8.0	-3.0	64.0	164.07
13	0.0	27.0	-7.0	-16.0	-9.0	-1.0	-4.0	1.0	163.16
14	-38.0	12.0	7.0	-3.0	-5.0	2.0	0.0	3.0	163.41
15	5.0	8.0	-5.0	-2.0	0.0	-4.0	-8.0	0.0	161.52
16	-3.0	92.0	7.0	17.0	2.0	-3.0	7.0	-2.0	161.25
17	-7.0	-103.0	1.0	1.0	16.0	2.0	-7.0	-7.0	161.25
18	6.0	-16.0	-3.0	13.0	-1.0	-4.0	-3.0	-19.0	158.79
19	-28.0	12.0	31.0	2.0	0.0	2.0	-3.0	-4.0	158.11
20	-11.0	13.0	1.0	5.0	-4.0	-1.0	-1.0	-13.0	157.04
21	75.0	-99.0	0.0	-1.0	-2.0	-3.0	1.0	-4.0	149.71
22	11.0	1.0	7.0	-4.0	-3.0	-3.0	3.0	-4.0	144.29
23	-37.0	14.0	38.0	-4.0	7.0	-1.0	0.0	-9.0	142.07
24	86.0	-7.0	-2.0	-5.0	0.0	0.0	-1.0	-5.0	132.62
25	4.0	25.0	1.0	-1.0	-7.0	11.0	12.0	32.0	140.03
26	2.0	-19.0	-5.0	11.0	2.0	1.0	1.0	2.0	140.05
27	8.0	-47.0	1.0	7.0	-2.0	7.0	-2.0	3.0	132.5
28	-2.0	-3.0	-11.0	-1.0	0.0	2.0	0.0	18.0	144.5
29	4.0	-1.0	-3.0	-7.0	-15.0	-4.0	0.0	1.0	132.77
30	-19.0	-12.0	-2.0	12.0	-11.0	-4.0	6.0	-2.0	118.69
31	-56.0	1.0	-2.0	3.0	0.0	-4.0	-6.0	1.0	118.69
32	-1.0	32.0	16.0	1.0	1.0	0.0	-3.0	-15.0	128.85
33	6.0	1.0	-13.0	-5.0	6.0	-1.0	-2.0	-2.0	127.69
34	-25.0	-7.0	18.0	-1.0	20.0	3.0	-6.0	-12.0	124.96
35	2.0	-20.0	0.0	0.0	0.0	-7.0	1.0	-4.0	120.4
36	7.0	-5.0	-37.0	0.0	-10.0	-1.0	1.0	0.0	130.48
37	35.0	27.0	10.0	-8.0	-2.0	-3.0	15.0	-8.0	132.21
38	-2.0	-1.0	-10.0	5.0	0.0	-8.0	-7.0	6.0	127.5
39	3.0	-3.0	-3.0	-5.0	-8.0	0.0	0.0	-13.0	127.69
40	2.0	-41.0	-5.0	3.0	3.0	4.0	-1.0	27.0	124.96
41	-24.0	1.0	1.0	-4.0	-7.0	-1.0	2.0	-14.0	131.96
42	0.0	-19.0	-4.0	1.0	5.0	11.0	-3.0	1.0	126.77
43	23.0	70.0	2.0	0.0	1.0	0.0	14.0	7.0	128.08
44	2.0	8.0	-7.0	-2.0	3.0	2.0	1.0	-7.0	129.3
45	-5.0	-5.0	0.0	2.0	5.0	-4.0	0.0	3.0	129.72
46	3.0	-7.0	5.0	-16.0	0.0	1.0	2.0	1.0	128.33
47	9.0	8.0	0.0	-3.0	-7.0	-6.0	-1.0	-3.0	129.51
48	48.0	28.0	-9.0	1.0	-4.0	-1.0	-3.0	-1.0	141.8
49	0.0	41.0	-14.0	4.0	1.0	-8.0	-3.0	71.0	132.5
50	30.0	2.0	-4.0	2.0	0.0	-2.0	-10.0	-19.0	128.85
51	34.0	23.0	-11.0	3.0	-4.0	0.0	0.0	4.0	142.07
52	52.0	-3.0	-6.0	0.0	9.0	-8.0	2.0	-4.0	149.63
53	-6.0	-3.0	-2.0	0.0	0.0	1.0	7.0	-4.0	149.63
54	34.0	2.0	0.0	2.0	1.0	-2.0	-2.0	2.0	134.55
55	-5.0	4.0	5.0	-7.0	1.0	-7.0	-2.0	-1.0	129.01
56	-6.0	-58.0	5.0	-3.0	-2.0	-1.0	-3.0	-6.0	129.72
57	-22.0	0.0	0.0	8.0	0.0	9.0	-15.0	0.0	147.16
58	-10.0	10.0	0.0	-13.0	-17.0	2.0	0.0	4.0	132.62
59	-86.0	-2.0	-20.0	26.0	4.0	-1.0	2.0	0.0	139.82
60	2.0	11.0	4.0	-3.0	13.0	1.0	0.0	-70.0	147.26
61	4.0	13.0	-1.0	-1.0	6.0	2.0	1.0	34.0	145.44
62	0.0	-43.0	-4.0	-9.0	2.0	-3.0	4.0	-1.0	151.0
63	35.0	-1.0	-1.0	-4.0	16.0	10.0	-2.0	1.0	147.16
64	14.0	2.0	-3.0	3.0	-3.0	-1.0	-5.0	9.0	146.16
65	-5.0	5.0	-4.0	-16.0	-5.0	0.0	-1.0	8.0	144.59
66	-32.0	-24.0	-5.0	1.0	0.0	-2.0	2.0	16.0	144.29
67	87.0	-26.0	-2.0	-2.0	-13.0	0.0	-9.0	-5.0	151.0
68	-17.0	-6.0	-8.0	-2.0	-4.0	4.0	4.0	-1.0	152.59
69	17.0	-1.0	0.0	3.0	-2.0	3.0	5.0	-1.0	150.32
70	4.0	-11.0	-5.0	29.0	-1.0	-4.0	-1.0	-10.0	154.72
71	27.0	-1.0	-9.0	11.0	-1.0	0.0	-1.0	1.0	155.25
72	-72.0	22.0	0.0	-4.0	4.0	5.0	2.0	6.0	157.04
73	2.0	-21.0	-1.0	0.0	-3.0	-6.0	-2.0	0.0	160.39
74	-1.0	57.0	2.0	-4.0	-3.0	-1.0	-2.0	4.0	161.85
75	-13.0	52.0	-7.0	-6.0	-1.0	0.0	-4.0	3.0	161.85
76	-18.0	16.0	0.0	0.0	-5.0	4.0	-4.0	-21.0	163.15
77	3.0	-46.0	0.0	-17.0	11.0	-3.0	2.0	-8.0	163.15
