0	-74.0	-28.0	-8.0	4.0	12.0	20.0	39.0	-26.0	70.19
1	20.0	12.0	-24.0	66.0	7.0	-5.0	29.0	51.0	66.26
2	-30.0	3.0	-1.0	-35.0	-1.0	-21.0	-3.0	29.0	75.05
3	70.0	17.0	-8.0	-49.0	-6.0	24.0	27.0	-29.0	70.19
4	-66.0	-8.0	-128.0	-21.0	-9.0	-3.0	-25.0	2.0	65.95
5	23.0	-4.0	84.0	-37.0	-7.0	-1.0	-20.0	-27.0	76.75
6	-2.0	40.0	13.0	12.0	8.0	-3.0	8.0	12.0	80.86
7	-124.0	36.0	37.0	-22.0	0.0	40.0	-2.0	5.0	75.05
8	19.0	50.0	-26.0	5.0	-15.0	16.0	18.0	0.0	83.29
9	59.0	64.0	-13.0	17.0	-7.0	-5.0	-72.0	6.0	89.05
10	-1.0	0.0	-2.0	-27.0	-13.0	-22.0	3.0	-24.0	94.01
11	14.0	-21.0	6.0	114.0	6.0	17.0	10.0	-26.0	103.47
12	68.0	-57.0	45.0	-6.0	1.0	0.0	7.0	-15.0	103.44
13	-37.0	61.0	12.0	-38.0	5.0	-21.0	1.0	2.0	115.17
14	12.0	64.0	-31.0	-7.0	-3.0	10.0	20.0	10.0	117.26
15	127.0	-59.0	-45.0	24.0	-8.0	8.0	6.0	-2.0	115.17
16	-53.0	-65.0	-70.0	-22.0	22.0	9.0	3.0	3.0	110.72
17	-7.0	127.0	65.0	-37.0	5.0	17.0	8.0	3.0	92.78
18	28.0	-128.0	26.0	-2.0	-10.0	42.0	2.0	-7.0	94.81
19	25.0	-114.0	9.0	30.0	-12.0	-46.0	-8.0	-9.0	103.47
20	-91.0	4.0	33.0	4.0	7.0	-20.0	35.0	-10.0	91.0
21	34.0	3.0	-9.0	33.0	20.0	-9.0	-17.0	0.0	86.33
22	70.0	-91.0	7.0	-41.0	-3.0	-6.0	9.0	4.0	97.24
23	-78.0	75.0	-54.0	8.0	12.0	-6.0	26.0	25.0	99.99
24	-95.0	-23.0	25.0	29.0	-5.0	-11.0	-33.0	12.0	110.72
25	-35.0	-46.0	28.0	-11.0	18.0	9.0	-46.0	29.0	111.33
26	99.0	24.0	-48.0	-14.0	-13.0	12.0	0.0	-5.0	123.15
27	82.0	-2.0	-7.0	-6.0	-16.0	22.0	41.0	-25.0	123.37
28	101.0	-7.0	-14.0	17.0	0.0	-4.0	-1.0	-1.0	123.16
29	-1.0	0.0	40.0	-20.0	-1.0	1.0	-6.0	9.0	120.88
30	85.0	53.0	-26.0	109.0	-5.0	10.0	-10.0	4.0	113.52
31	-21.0	19.0	-5.0	0.0	6.0	5.0	-5.0	-18.0	121.8
32	80.0	8.0	110.0	-128.0	5.0	-2.0	5.0	-28.0	121.8
33	47.0	-17.0	-32.0	5.0	-3.0	-6.0	7.0	-18.0	114.9
34	1.0	-22.0	-11.0	-87.0	-13.0	3.0	-17.0	-15.0	118.93
35	-84.0	19.0	12.0	4.0	3.0	-23.0	-13.0	-3.0	118.93
36	44.0	31.0	4.0	-14.0	-1.0	2.0	18.0	11.0	119.14
37	69.0	19.0	9.0	-58.0	-3.0	-2.0	80.0	37.0	118.72
38	-21.0	-82.0	63.0	-22.0	-1.0	-13.0	6.0	9.0	115.74
39	-20.0	-25.0	-6.0	90.0	1.0	8.0	15.0	-16.0	108.8
40	-44.0	-15.0	-50.0	21.0	-1.0	-15.0	-4.0	3.0	99.99
41	-23.0	22.0	26.0	-80.0	-2.0	-42.0	4.0	-20.0	91.0
42	72.0	52.0	4.0	-10.0	3.0	16.0	-10.0	13.0	90.63
43	-71.0	-79.0	-28.0	10.0	8.0	7.0	8.0	-7.0	97.24
44	63.0	-8.0	-18.0	-94.0	-12.0	-7.0	37.0	-6.0	86.78
45	-87.0	19.0	31.0	10.0	-8.0	14.0	39.0	-1.0	86.33
46	-62.0	75.0	-6.0	92.0	3.0	23.0	-30.0	-17.0	83.5
47	117.0	-107.0	-12.0	-2.0	15.0	-7.0	75.0	24.0	80.86
48	12.0	98.0	-2.0	-1.0	7.0	8.0	-4.0	5.0	79.14
49	-63.0	-35.0	-2.0	92.0	-14.0	-6.0	-8.0	-3.0	73.61
50	91.0	80.0	-11.0	6.0	-2.0	-3.0	-53.0	12.0	70.7
51	11.0	-80.0	12.0	-95.0	7.0	3.0	-8.0	-4.0	62.55
52	-35.0	121.0	-22.0	-128.0	-1.0	1.0	-23.0	7.0	63.0
53	87.0	-55.0	-44.0	1.0	-8.0	5.0	6.0	-7.0	55.22
54	-2.0	12.0	26.0	13.0	17.0	8.0	-24.0	-27.0	55.16
55	-117.0	-21.0	24.0	90.0	9.0	-17.0	81.0	12.0	57.5
56	-10.0	4.0	127.0	-6.0	12.0	16.0	7.0	51.0	57.02
57	39.0	-21.0	13.0	-4.0	-1.0	-11.0	1.0	21.0	55.67
58	-7.0	22.0	-128.0	-20.0	-7.0	1.0	-20.0	-1.0	55.28
59	28.0	12.0	26.0	-17.0	19.0	10.0	-2.0	-5.0	55.28
60	44.0	-20.0	3.0	-13.0	-8.0	-18.0	-7.0	25.0	61.16
61	-104.0	23.0	-24.0	73.0	-15.0	21.0	-28.0	5.0	58.21
62	28.0	25.0	-87.0	55.0	-3.0	6.0	3.0	-21.0	62.96
63	1.0	-49.0	-38.0	73.0	10.0	3.0	-73.0	-35.0	56.52
64	-5.0	29.0	-14.0	-38.0	-3.0	1.0	54.0	2.0	59.03
65	80.0	-2.0	-11.0	31.0	-12.0	-3.0	-8.0	-5.0	61.04
66	20.0	-13.0	20.0	-1.0	-7.0	-19.0	-7.0	-2.0	55.22
67	6.0	-11.0	19.0	85.0	7.0	-35.0	80.0	32.0	61.2
68	-26.0	14.0	-9.0	-33.0	-4.0	-16.0	-10.0	4.0	62.56
69	-37.0	127.0	-57.0	-28.0	-12.0	17.0	-11.0	-1.0	62.96
70	-4.0	23.0	-70.0	14.0	10.0	25.0	-3.0	-19.0	62.55
71	127.0	26.0	-25.0	-111.0	3.0	-29.0	52.0	-5.0	57.4
72	6.0	-74.0	72.0	-76.0	5.0	0.0	52.0	2.0	61.16
73	46.0	-75.0	-2.0	18.0	-21.0	4.0	3.0	8.0	61.8
74	-30.0	68.0	-22.0	47.0	1.0	15.0	-11.0	21.0	55.03
75	-20.0	87.0	127.0	16.0	-5.0	-9.0	-2.0	0.0	57.5
76	17.0	-17.0	22.0	-22.0	-7.0	-19.0	-15.0	25.0	55.99
77	-1.0	121.0	-18.0	38.0	-13.0	6.0	-7.0	6.0	66.26
