0	44.0	64.0	-9.0	-6.0	7.0	-7.0	-11.0	-1.0	57.5
1	39.0	-59.0	-12.0	-76.0	-7.0	16.0	29.0	-17.0	61.16
2	12.0	23.0	-26.0	38.0	-16.0	0.0	2.0	-2.0	61.04
3	-1.0	17.0	-22.0	92.0	-3.0	-3.0	-8.0	11.0	55.03
4	80.0	127.0	37.0	-2.0	15.0	10.0	-3.0	0.0	55.28
5	-95.0	-46.0	-24.0	6.0	10.0	-11.0	-8.0	12.0	55.22
6	91.0	75.0	13.0	73.0	-13.0	8.0	52.0	2.0	55.16
7	-62.0	-49.0	4.0	31.0	-1.0	1.0	-30.0	-5.0	55.22
8	12.0	52.0	-44.0	-128.0	1.0	2.0	39.0	-27.0	55.28
9	28.0	-2.0	-87.0	18.0	-1.0	-20.0	-8.0	-6.0	55.67
10	-10.0	12.0	-26.0	-14.0	0.0	21.0	-4.0	-1.0	55.99
11	-63.0	0.0	4.0	-17.0	-15.0	42.0	-73.0	-15.0	57.02
12	6.0	121.0	-57.0	0.0	19.0	-22.0	-2.0	4.0	57.4
13	-117.0	26.0	26.0	16.0	-7.0	-16.0	20.0	37.0	56.52
14	-21.0	-35.0	25.0	-4.0	-7.0	25.0	-2.0	12.0	57.5
15	68.0	12.0	-2.0	10.0	-12.0	-3.0	-72.0	12.0	59.03
16	1.0	8.0	45.0	-22.0	-3.0	-6.0	26.0	-29.0	61.2
17	69.0	-13.0	-6.0	-28.0	7.0	-35.0	27.0	3.0	62.96
18	20.0	53.0	19.0	-22.0	-7.0	-3.0	15.0	-1.0	75.05
19	-44.0	98.0	9.0	90.0	5.0	16.0	18.0	-3.0	73.61
20	-23.0	-21.0	-70.0	-22.0	-13.0	-29.0	8.0	2.0	61.16
21	72.0	-2.0	-48.0	21.0	5.0	-3.0	-20.0	7.0	66.26
22	47.0	19.0	22.0	-20.0	-8.0	9.0	-10.0	3.0	58.21
23	-30.0	-25.0	24.0	8.0	-1.0	12.0	7.0	-19.0	62.55
24	28.0	75.0	-6.0	-1.0	6.0	-6.0	8.0	3.0	66.26
25	-71.0	-107.0	12.0	13.0	-8.0	3.0	52.0	0.0	65.95
26	70.0	3.0	-24.0	109.0	1.0	22.0	-2.0	2.0	70.19
27	101.0	-28.0	63.0	-58.0	12.0	-11.0	1.0	32.0	79.14
28	28.0	87.0	31.0	-13.0	-2.0	-5.0	18.0	13.0	80.86
29	-66.0	50.0	-50.0	4.0	3.0	-17.0	-33.0	-5.0	94.01
30	127.0	12.0	-25.0	-21.0	3.0	10.0	10.0	-35.0	80.86
31	20.0	-114.0	-11.0	73.0	-5.0	-5.0	-53.0	-28.0	94.81
32	-124.0	-21.0	-18.0	-95.0	-4.0	-21.0	39.0	-10.0	97.24
33	127.0	-4.0	-54.0	-6.0	-12.0	-15.0	81.0	25.0	108.8
34	1.0	36.0	33.0	-14.0	17.0	17.0	54.0	9.0	103.47
35	-91.0	-21.0	127.0	47.0	-2.0	6.0	-7.0	-24.0	97.24
36	-35.0	23.0	-38.0	-49.0	-12.0	1.0	-17.0	-18.0	110.72
37	44.0	80.0	-9.0	-87.0	-13.0	15.0	-25.0	24.0	115.17
38	-2.0	-11.0	65.0	-33.0	-1.0	-9.0	6.0	-5.0	113.52
39	63.0	-75.0	-128.0	-7.0	7.0	-18.0	-8.0	5.0	118.93
40	59.0	-15.0	-28.0	17.0	9.0	9.0	-7.0	-1.0	121.8
41	25.0	-8.0	-5.0	33.0	-13.0	16.0	-10.0	-4.0	119.14
42	-104.0	31.0	26.0	-2.0	12.0	10.0	7.0	-2.0	123.15
43	-20.0	19.0	26.0	-41.0	18.0	-21.0	3.0	-26.0	121.8
44	46.0	-91.0	-13.0	-37.0	3.0	-9.0	9.0	-7.0	111.33
45	99.0	-17.0	12.0	14.0	5.0	3.0	4.0	29.0	117.26
46	-30.0	22.0	-1.0	-35.0	7.0	5.0	37.0	8.0	120.88
47	70.0	24.0	3.0	-38.0	-9.0	-2.0	0.0	-20.0	118.72
48	-84.0	-74.0	-32.0	-22.0	-1.0	5.0	-46.0	-16.0	115.74
49	-74.0	-7.0	-8.0	10.0	-1.0	7.0	-6.0	4.0	123.37
50	82.0	-65.0	28.0	90.0	7.0	17.0	41.0	9.0	118.93
51	-35.0	64.0	-11.0	-37.0	3.0	17.0	-11.0	0.0	123.16
52	-78.0	-22.0	40.0	-94.0	6.0	-19.0	3.0	5.0	115.17
53	-2.0	25.0	-2.0	114.0	-5.0	6.0	75.0	25.0	114.9
54	-1.0	-17.0	13.0	24.0	1.0	-4.0	-17.0	-18.0	110.72
55	-4.0	68.0	-14.0	-10.0	8.0	3.0	-5.0	51.0	76.75
56	-21.0	-79.0	-2.0	-20.0	-8.0	4.0	-3.0	6.0	99.99
57	-37.0	121.0	127.0	5.0	-15.0	23.0	6.0	-5.0	99.99
58	-53.0	61.0	7.0	-80.0	-3.0	8.0	7.0	6.0	92.78
59	-1.0	-20.0	110.0	-38.0	22.0	-6.0	-15.0	-15.0	86.33
60	14.0	-57.0	-14.0	4.0	-7.0	-46.0	-20.0	-21.0	75.05
61	87.0	127.0	-7.0	5.0	-14.0	-2.0	-23.0	29.0	91.0
62	85.0	19.0	26.0	-6.0	-10.0	-13.0	-28.0	-25.0	103.44
63	-5.0	-80.0	-128.0	12.0	5.0	-42.0	3.0	21.0	83.29
64	23.0	29.0	-22.0	-1.0	-3.0	0.0	-13.0	10.0	83.5
65	80.0	0.0	6.0	85.0	0.0	-7.0	-24.0	-26.0	103.47
66	117.0	-128.0	84.0	92.0	8.0	24.0	-10.0	-7.0	90.63
67	-7.0	22.0	20.0	17.0	-1.0	20.0	80.0	-27.0	91.0
68	-37.0	14.0	-70.0	30.0	-6.0	1.0	-7.0	4.0	86.78
69	6.0	-82.0	-45.0	4.0	-12.0	1.0	35.0	12.0	86.33
70	17.0	4.0	-8.0	-27.0	-3.0	14.0	-1.0	-7.0	89.05
71	11.0	-8.0	9.0	-111.0	-8.0	-19.0	-4.0	5.0	70.19
72	19.0	-55.0	-2.0	1.0	-21.0	-1.0	5.0	25.0	70.7
73	-87.0	40.0	-31.0	55.0	-3.0	8.0	3.0	51.0	63.0
74	-7.0	3.0	-18.0	66.0	20.0	-23.0	1.0	-3.0	62.55
75	34.0	4.0	-11.0	29.0	10.0	40.0	80.0	2.0	62.96
76	-20.0	-23.0	72.0	-128.0	-5.0	8.0	6.0	21.0	62.56
77	-26.0	19.0	12.0	-11.0	12.0	-6.0	8.0	-9.0	61.8
