0	-9.0	1.0	13.0	-4.0	0.0	2.0	0.0	-8.0	152.59
1	-1.0	-3.0	0.0	-17.0	2.0	-1.0	-7.0	3.0	164.09
2	17.0	27.0	-6.0	13.0	-10.0	4.0	-2.0	6.0	161.85
3	34.0	57.0	5.0	-4.0	0.0	-3.0	-2.0	-13.0	145.44
4	87.0	-11.0	-7.0	12.0	5.0	1.0	-6.0	32.0	151.0
5	6.0	1.0	-5.0	-1.0	0.0	0.0	1.0	0.0	155.25
6	5.0	-41.0	-3.0	-3.0	20.0	0.0	1.0	71.0	164.49
7	-17.0	27.0	3.0	-1.0	4.0	0.0	0.0	3.0	158.89
8	-72.0	-103.0	7.0	26.0	0.0	2.0	-1.0	13.0	162.1
9	0.0	-19.0	-1.0	1.0	-6.0	5.0	2.0	0.0	163.15
10	-6.0	2.0	5.0	1.0	-2.0	3.0	2.0	-5.0	151.0
11	7.0	8.0	1.0	0.0	-5.0	-4.0	-3.0	-19.0	164.09
12	35.0	-19.0	38.0	2.0	-1.0	-4.0	-2.0	-24.0	164.49
13	2.0	2.0	-5.0	1.0	-1.0	-1.0	-3.0	-12.0	163.16
14	-86.0	1.0	10.0	5.0	-5.0	-7.0	14.0	-8.0	158.11
15	7.0	-16.0	-3.0	-3.0	7.0	-1.0	-1.0	-4.0	147.16
16	2.0	4.0	18.0	-3.0	1.0	4.0	7.0	-9.0	147.26
17	0.0	-2.0	-20.0	-5.0	1.0	-1.0	5.0	-1.0	160.39
18	3.0	-99.0	-7.0	-6.0	-3.0	-8.0	-1.0	4.0	163.15
19	6.0	8.0	0.0	0.0	-8.0	-1.0	-4.0	-15.0	150.32
20	-116.0	23.0	2.0	2.0	-1.0	11.0	-8.0	64.0	163.41
21	9.0	-47.0	2.0	-2.0	7.0	-9.0	-1.0	-7.0	164.08
22	86.0	14.0	-2.0	11.0	13.0	2.0	-3.0	1.0	149.63
23	-32.0	28.0	1.0	-1.0	-2.0	-3.0	6.0	27.0	147.16
24	-2.0	-32.0	-4.0	5.0	2.0	-4.0	-3.0	7.0	158.79
25	-7.0	-19.0	-2.0	-5.0	-7.0	-1.0	1.0	1.0	161.25
26	-19.0	-6.0	1.0	-17.0	-2.0	-3.0	-3.0	4.0	162.83
27	4.0	12.0	-2.0	11.0	-1.0	10.0	0.0	2.0	162.08
28	3.0	25.0	7.0	-7.0	-3.0	-1.0	-7.0	0.0	158.79
29	95.0	92.0	0.0	-1.0	1.0	2.0	-4.0	-5.0	154.72
30	-3.0	-1.0	-4.0	3.0	0.0	-3.0	-5.0	-4.0	144.59
31	11.0	-46.0	16.0	0.0	-4.0	-1.0	1.0	-3.0	141.8
32	-18.0	12.0	0.0	8.0	6.0	-7.0	2.0	-4.0	161.02
33	48.0	-20.0	-7.0	0.0	2.0	4.0	2.0	-4.0	161.25
34	2.0	-1.0	-11.0	-4.0	-13.0	2.0	0.0	-14.0	162.83
35	-29.0	-21.0	0.0	-2.0	-1.0	1.0	15.0	34.0	164.07
36	-26.0	-24.0	-9.0	-4.0	2.0	1.0	0.0	1.0	157.04
37	-6.0	-51.0	0.0	-16.0	-7.0	0.0	-2.0	0.0	144.5
38	2.0	52.0	-3.0	-5.0	6.0	-1.0	1.0	1.0	139.82
39	-56.0	70.0	-13.0	-4.0	16.0	0.0	2.0	-1.0	144.29
40	4.0	13.0	0.0	-4.0	-2.0	-4.0	4.0	-25.0	132.77
41	-1.0	1.0	-6.0	1.0	-10.0	-1.0	1.0	9.0	134.55
42	35.0	8.0	-2.0	4.0	-4.0	-6.0	2.0	-10.0	140.05
43	-11.0	-8.0	0.0	4.0	-7.0	4.0	-2.0	1.0	140.03
44	-2.0	-43.0	-11.0	3.0	0.0	-3.0	-2.0	4.0	142.07
45	0.0	16.0	-2.0	-7.0	3.0	1.0	-10.0	-13.0	132.62
46	-5.0	-7.0	-3.0	14.0	1.0	1.0	3.0	-1.0	132.62
47	2.0	-58.0	-8.0	7.0	16.0	-1.0	-3.0	0.0	131.96
48	39.0	1.0	-4.0	-8.0	0.0	4.0	-6.0	-7.0	118.69
49	3.0	-12.0	4.0	-1.0	0.0	-2.0	0.0	-2.0	124.96
50	-5.0	13.0	-3.0	-4.0	0.0	-1.0	0.0	-2.0	129.3
51	-13.0	-1.0	0.0	1.0	-1.0	1.0	-1.0	1.0	127.69
52	-25.0	-5.0	-2.0	-17.0	-17.0	0.0	3.0	22.0	124.96
53	-37.0	-7.0	-1.0	3.0	1.0	0.0	-2.0	-6.0	129.72
54	-28.0	-3.0	-14.0	0.0	-15.0	11.0	4.0	0.0	128.85
55	75.0	-1.0	0.0	0.0	1.0	2.0	0.0	-21.0	132.5
56	-5.0	41.0	-2.0	29.0	-4.0	-4.0	7.0	1.0	129.01
57	4.0	5.0	-37.0	-2.0	5.0	-4.0	-1.0	-7.0	128.85
58	2.0	-58.0	10.0	8.0	4.0	-3.0	-1.0	-2.0	128.08
59	5.0	11.0	-3.0	-4.0	-4.0	-8.0	-3.0	16.0	129.72
60	14.0	31.0	-5.0	2.0	-3.0	-4.0	-2.0	3.0	126.77
61	34.0	-5.0	0.0	-5.0	1.0	-8.0	1.0	8.0	127.5
62	8.0	-1.0	-11.0	-13.0	0.0	2.0	-1.0	3.0	118.69
63	52.0	-7.0	7.0	-9.0	-3.0	0.0	-3.0	-1.0	127.69
64	-1.0	-3.0	-5.0	-8.0	0.0	-1.0	-9.0	-4.0	128.33
65	27.0	10.0	2.0	17.0	10.0	2.0	-3.0	3.0	120.4
66	-22.0	-1.0	31.0	-3.0	0.0	-2.0	-15.0	2.0	130.48
67	-10.0	2.0	5.0	4.0	3.0	-3.0	0.0	0.0	129.51
68	4.0	2.0	1.0	2.0	3.0	0.0	1.0	-4.0	132.5
69	0.0	-26.0	-3.0	-2.0	-11.0	9.0	1.0	17.0	132.21
70	2.0	-22.0	-1.0	2.0	-7.0	-2.0	2.0	1.0	142.07
71	3.0	-3.0	-4.0	0.0	-9.0	3.0	2.0	-70.0	149.63
72	23.0	0.0	-9.0	3.0	-5.0	7.0	8.0	4.0	146.16
73	-38.0	4.0	-10.0	3.0	-2.0	-8.0	-4.0	-4.0	144.29
74	30.0	32.0	0.0	-16.0	0.0	-4.0	12.0	-19.0	157.04
75	-18.0	-1.0	-2.0	14.0	-2.0	0.0	2.0	18.0	161.52
76	43.0	40.0	1.0	-16.0	11.0	-6.0	-4.0	-1.0	161.85
77	-24.0	22.0	-5.0	1.0	9.0	-1.0	11.0	6.0	149.71
