0	21.0	-17.0	83.0	-29.0	-16.0	-13.0	-21.0	-8.0	71.88
1	104.0	-17.0	38.0	13.0	-3.0	-52.0	-8.0	4.0	93.71
2	44.0	-47.0	-21.0	2.0	-4.0	7.0	23.0	7.0	91.23
3	84.0	6.0	-25.0	4.0	0.0	-9.0	13.0	-2.0	91.23
4	15.0	-30.0	-14.0	-14.0	-5.0	-2.0	3.0	-6.0	99.42
5	-26.0	45.0	-55.0	-17.0	-12.0	-13.0	9.0	7.0	99.42
6	98.0	-118.0	-24.0	-7.0	7.0	-18.0	-2.0	-15.0	83.13
7	-128.0	-51.0	11.0	2.0	3.0	-21.0	1.0	1.0	62.18
8	-87.0	41.0	105.0	-8.0	5.0	5.0	-3.0	-1.0	61.23
9	-25.0	28.0	114.0	-1.0	0.0	6.0	36.0	3.0	55.38
10	-71.0	50.0	-12.0	-14.0	18.0	4.0	-11.0	-3.0	58.33
11	-31.0	11.0	44.0	92.0	-8.0	-19.0	3.0	5.0	63.8
12	28.0	-106.0	-25.0	-34.0	9.0	16.0	6.0	-22.0	58.33
13	64.0	87.0	-80.0	4.0	-2.0	-12.0	-11.0	3.0	78.81
14	-20.0	-25.0	16.0	14.0	-20.0	29.0	-16.0	10.0	66.93
15	43.0	91.0	24.0	13.0	-8.0	8.0	8.0	1.0	79.32
16	-16.0	29.0	-16.0	-19.0	5.0	29.0	-6.0	-12.0	75.38
17	17.0	10.0	20.0	9.0	-8.0	3.0	-10.0	1.0	63.8
18	46.0	-30.0	74.0	22.0	-5.0	-5.0	-5.0	2.0	81.94
19	7.0	-13.0	-16.0	-4.0	4.0	-13.0	-1.0	4.0	65.56
20	50.0	-98.0	18.0	10.0	-4.0	-21.0	-18.0	-7.0	55.23
21	46.0	-117.0	32.0	-2.0	-11.0	4.0	1.0	-2.0	55.06
22	-14.0	-32.0	3.0	41.0	1.0	-7.0	-1.0	-19.0	54.17
23	2.0	127.0	62.0	-30.0	6.0	12.0	-10.0	-7.0	53.33
24	-52.0	-26.0	0.0	-105.0	-8.0	7.0	21.0	6.0	54.17
25	15.0	69.0	63.0	-8.0	-4.0	9.0	9.0	-21.0	53.47
26	18.0	127.0	2.0	-55.0	15.0	13.0	-1.0	-19.0	53.33
27	-105.0	-19.0	-12.0	38.0	11.0	16.0	-1.0	-12.0	52.57
28	19.0	-53.0	45.0	18.0	-10.0	-16.0	-12.0	-5.0	52.8
29	-42.0	-112.0	-13.0	111.0	8.0	17.0	-18.0	-14.0	54.18
30	-42.0	-44.0	-100.0	-13.0	-2.0	-14.0	10.0	19.0	54.97
31	127.0	-94.0	35.0	-9.0	18.0	4.0	13.0	7.0	53.88
32	-57.0	-78.0	38.0	87.0	8.0	23.0	2.0	3.0	54.11
33	-113.0	122.0	-44.0	-71.0	2.0	1.0	10.0	-17.0	53.47
34	-67.0	28.0	66.0	-23.0	-10.0	-5.0	-3.0	2.0	54.81
35	40.0	25.0	-41.0	11.0	-4.0	-10.0	5.0	-28.0	54.93
36	90.0	6.0	4.0	-5.0	3.0	-10.0	-2.0	-15.0	55.06
37	42.0	17.0	18.0	-10.0	-2.0	-37.0	1.0	18.0	55.38
38	99.0	-1.0	48.0	-2.0	5.0	-8.0	-14.0	-4.0	58.78
39	126.0	-128.0	-59.0	-11.0	-16.0	-28.0	-28.0	31.0	56.85
40	101.0	123.0	-24.0	-6.0	5.0	-5.0	-5.0	15.0	84.91
41	127.0	-18.0	-108.0	39.0	2.0	4.0	-6.0	-11.0	87.16
42	-54.0	21.0	-56.0	-2.0	7.0	18.0	23.0	-15.0	69.0
43	14.0	1.0	-32.0	5.0	1.0	-5.0	17.0	-13.0	74.4
44	-111.0	-58.0	114.0	22.0	5.0	-5.0	12.0	4.0	81.94
45	-5.0	107.0	-2.0	22.0	-9.0	9.0	3.0	12.0	71.88
46	-18.0	64.0	-19.0	-99.0	-9.0	-4.0	-5.0	21.0	87.05
47	20.0	21.0	22.0	-8.0	-3.0	-6.0	-13.0	20.0	89.66
48	-7.0	69.0	-21.0	15.0	-8.0	-14.0	-62.0	7.0	91.73
49	21.0	-37.0	4.0	-1.0	2.0	-3.0	-6.0	12.0	96.27
50	-17.0	-128.0	26.0	-15.0	11.0	3.0	-34.0	1.0	105.86
51	-33.0	122.0	90.0	-22.0	-1.0	5.0	-35.0	-6.0	107.58
52	43.0	-55.0	-64.0	3.0	3.0	-39.0	-12.0	-11.0	102.35
53	71.0	-23.0	-12.0	10.0	-3.0	6.0	-25.0	10.0	118.97
54	-2.0	-128.0	-20.0	125.0	-9.0	24.0	14.0	-6.0	116.06
55	6.0	-87.0	-32.0	4.0	6.0	4.0	1.0	-5.0	111.4
56	0.0	-70.0	48.0	-3.0	-8.0	0.0	18.0	4.0	115.69
57	-43.0	17.0	90.0	16.0	0.0	24.0	-9.0	-3.0	105.45
58	-86.0	60.0	15.0	-5.0	2.0	-5.0	3.0	9.0	110.18
59	-109.0	23.0	-109.0	-81.0	-1.0	-8.0	-13.0	-5.0	111.4
60	-19.0	22.0	11.0	-13.0	0.0	6.0	9.0	-15.0	120.28
61	10.0	73.0	3.0	-18.0	1.0	-2.0	-3.0	-12.0	121.62
62	42.0	-10.0	-8.0	-1.0	-5.0	-6.0	19.0	-13.0	124.75
63	66.0	-49.0	23.0	-66.0	-8.0	26.0	7.0	-10.0	125.04
64	-10.0	-25.0	14.0	28.0	2.0	-11.0	2.0	4.0	124.88
65	-59.0	70.0	-15.0	31.0	8.0	2.0	3.0	1.0	124.91
66	64.0	-37.0	43.0	9.0	-2.0	-6.0	-9.0	5.0	124.88
67	126.0	-6.0	5.0	93.0	-1.0	18.0	3.0	20.0	122.76
68	-14.0	-65.0	-71.0	-26.0	6.0	24.0	-24.0	-14.0	124.21
69	27.0	-106.0	42.0	-105.0	2.0	-15.0	-8.0	-16.0	124.75
70	-3.0	56.0	12.0	-67.0	-3.0	7.0	35.0	-6.0	118.97
71	-42.0	41.0	56.0	111.0	2.0	4.0	21.0	6.0	121.62
72	-20.0	34.0	27.0	-95.0	12.0	5.0	3.0	6.0	119.09
73	70.0	53.0	-58.0	96.0	10.0	7.0	36.0	-1.0	112.83
74	-48.0	-33.0	-1.0	31.0	10.0	33.0	-12.0	16.0	110.18
75	-59.0	84.0	-80.0	-32.0	-2.0	-2.0	-5.0	34.0	100.53
76	-112.0	17.0	-13.0	39.0	-14.0	-33.0	-13.0	-3.0	95.65
77	113.0	87.0	24.0	6.0	3.0	3.0	10.0	29.0	89.66
78	-63.0	80.0	-8.0	-9.0	1.0	4.0	2.0	-5.0	78.81
