0	64.0	11.0	-24.0	38.0	-8.0	-10.0	19.0	3.0	110.18
1	98.0	-6.0	3.0	-34.0	8.0	3.0	1.0	-22.0	110.18
2	-3.0	-10.0	16.0	9.0	-4.0	8.0	21.0	-28.0	122.76
3	126.0	60.0	14.0	39.0	-12.0	18.0	-11.0	3.0	121.62
4	70.0	-118.0	105.0	125.0	-8.0	13.0	-5.0	-15.0	121.62
5	0.0	-58.0	11.0	-13.0	0.0	33.0	-13.0	18.0	111.4
6	-19.0	84.0	-1.0	92.0	-8.0	-21.0	3.0	-4.0	91.23
7	-105.0	87.0	-41.0	2.0	0.0	-8.0	1.0	-7.0	102.35
8	40.0	-78.0	-80.0	-105.0	11.0	-5.0	12.0	4.0	89.66
9	46.0	-23.0	-16.0	5.0	5.0	-13.0	-35.0	-15.0	83.13
10	-112.0	-33.0	-8.0	18.0	1.0	-52.0	13.0	-12.0	75.38
11	-87.0	29.0	20.0	-30.0	1.0	-14.0	3.0	-16.0	71.88
12	-128.0	6.0	114.0	-3.0	1.0	9.0	10.0	-3.0	65.56
13	-57.0	-112.0	35.0	87.0	-2.0	-28.0	17.0	6.0	63.8
14	64.0	122.0	45.0	-2.0	1.0	2.0	3.0	12.0	58.78
15	27.0	-37.0	2.0	-6.0	10.0	-5.0	-2.0	15.0	58.33
16	127.0	53.0	-80.0	-8.0	5.0	-12.0	-12.0	-2.0	62.18
17	99.0	69.0	-21.0	-99.0	-16.0	7.0	-24.0	1.0	55.23
18	127.0	-128.0	42.0	22.0	6.0	16.0	2.0	-11.0	54.17
19	14.0	-30.0	18.0	93.0	-3.0	-7.0	8.0	3.0	54.11
20	43.0	1.0	-16.0	39.0	-10.0	4.0	3.0	1.0	53.88
21	-109.0	17.0	44.0	-22.0	-8.0	-14.0	14.0	20.0	54.17
22	-59.0	91.0	-32.0	-81.0	4.0	26.0	10.0	29.0	53.47
23	-20.0	-55.0	62.0	-9.0	-8.0	-2.0	23.0	10.0	53.33
24	-67.0	87.0	23.0	-18.0	-14.0	-13.0	-1.0	12.0	52.8
25	42.0	34.0	24.0	-29.0	2.0	6.0	7.0	5.0	52.57
26	126.0	80.0	56.0	41.0	-20.0	9.0	-34.0	1.0	53.33
27	-111.0	-44.0	-64.0	13.0	10.0	-37.0	-13.0	4.0	53.47
28	113.0	-128.0	-14.0	-4.0	6.0	-16.0	-5.0	-6.0	54.18
29	-5.0	-13.0	-25.0	111.0	5.0	1.0	2.0	5.0	55.38
30	28.0	-65.0	-12.0	3.0	3.0	-5.0	2.0	1.0	54.81
31	-17.0	70.0	-12.0	-23.0	2.0	6.0	6.0	7.0	54.93
32	6.0	123.0	90.0	4.0	7.0	18.0	3.0	-8.0	54.97
33	44.0	127.0	-109.0	4.0	5.0	24.0	1.0	-5.0	55.38
34	-42.0	17.0	-13.0	-15.0	2.0	-9.0	9.0	-17.0	55.06
35	-52.0	28.0	-55.0	-13.0	-5.0	4.0	-28.0	4.0	55.06
36	84.0	-53.0	-71.0	10.0	-1.0	24.0	-10.0	-6.0	58.33
37	-48.0	-37.0	90.0	-7.0	-8.0	-4.0	-14.0	-1.0	56.85
38	-18.0	-106.0	-12.0	15.0	0.0	7.0	-6.0	-7.0	71.88
39	17.0	-49.0	24.0	-9.0	5.0	6.0	-1.0	9.0	66.93
40	-14.0	-106.0	-58.0	10.0	-4.0	-5.0	23.0	21.0	69.0
41	-26.0	-51.0	3.0	9.0	-8.0	4.0	10.0	-14.0	61.23
42	-54.0	-128.0	63.0	-1.0	12.0	29.0	-3.0	-15.0	63.8
43	15.0	-1.0	0.0	-66.0	-5.0	4.0	-1.0	16.0	74.4
44	-33.0	21.0	43.0	-11.0	3.0	7.0	9.0	-11.0	78.81
45	-71.0	17.0	-20.0	-67.0	-4.0	4.0	-18.0	-10.0	78.81
46	20.0	45.0	-100.0	96.0	2.0	-19.0	36.0	19.0	81.94
47	21.0	69.0	4.0	-8.0	8.0	-39.0	21.0	-19.0	81.94
48	-63.0	-25.0	114.0	28.0	18.0	-3.0	18.0	-2.0	79.32
49	-113.0	6.0	-59.0	-19.0	-3.0	-6.0	-6.0	7.0	87.16
50	21.0	-32.0	11.0	-8.0	-2.0	-5.0	-6.0	1.0	84.91
51	104.0	107.0	48.0	31.0	-4.0	-11.0	-11.0	-13.0	87.05
52	71.0	28.0	-56.0	-14.0	9.0	-5.0	-12.0	-1.0	91.23
53	46.0	-18.0	-8.0	22.0	-1.0	-8.0	-2.0	-13.0	100.53
54	10.0	10.0	48.0	-14.0	-16.0	16.0	-10.0	-12.0	93.71
55	2.0	-17.0	5.0	-5.0	15.0	-10.0	-13.0	-3.0	111.4
56	66.0	-94.0	-44.0	-32.0	2.0	3.0	-25.0	34.0	95.65
57	-42.0	-17.0	74.0	-10.0	3.0	-21.0	-18.0	20.0	105.45
58	90.0	41.0	38.0	6.0	-11.0	5.0	36.0	7.0	99.42
59	-86.0	-98.0	-32.0	14.0	-3.0	7.0	3.0	2.0	99.42
60	-31.0	-19.0	38.0	-1.0	-5.0	-13.0	-5.0	-19.0	118.97
61	-7.0	22.0	83.0	-71.0	2.0	-6.0	9.0	-15.0	124.21
62	7.0	73.0	-25.0	-2.0	-9.0	-6.0	-5.0	-12.0	124.75
63	-20.0	41.0	-19.0	11.0	-9.0	29.0	-16.0	-6.0	124.88
64	42.0	122.0	15.0	4.0	6.0	4.0	-9.0	2.0	124.91
65	-14.0	-87.0	-21.0	-55.0	-2.0	24.0	-3.0	31.0	125.04
66	-25.0	-26.0	4.0	-2.0	-3.0	0.0	-62.0	7.0	124.88
67	43.0	-70.0	18.0	2.0	3.0	12.0	-21.0	-6.0	124.75
68	18.0	127.0	66.0	-26.0	-10.0	5.0	-9.0	-14.0	116.06
69	50.0	-25.0	-15.0	22.0	-9.0	17.0	-12.0	6.0	107.58
70	15.0	56.0	26.0	16.0	11.0	3.0	-1.0	-21.0	91.73
71	-43.0	23.0	-2.0	31.0	0.0	-33.0	13.0	10.0	96.27
72	-42.0	-117.0	-13.0	111.0	-2.0	5.0	1.0	4.0	89.66
73	19.0	21.0	-108.0	-1.0	2.0	-2.0	-3.0	-5.0	105.86
74	-2.0	-47.0	32.0	-17.0	-1.0	4.0	35.0	-5.0	118.97
75	-59.0	50.0	22.0	-5.0	-2.0	-2.0	-8.0	6.0	119.09
76	-10.0	25.0	27.0	13.0	18.0	23.0	3.0	-5.0	115.69
77	101.0	-30.0	12.0	-105.0	8.0	-15.0	-8.0	-3.0	120.28
78	-16.0	64.0	-24.0	-95.0	7.0	-18.0	5.0	4.0	112.83
