0	-128.0	-47.0	-16.0	-9.0	3.0	24.0	1.0	34.0	84.91
1	14.0	69.0	5.0	39.0	18.0	-9.0	-12.0	10.0	69.0
2	-31.0	45.0	-21.0	-19.0	-12.0	7.0	10.0	6.0	89.66
3	40.0	87.0	43.0	-13.0	2.0	26.0	-13.0	7.0	99.42
4	-7.0	-128.0	-108.0	22.0	11.0	16.0	10.0	-6.0	102.35
5	28.0	-1.0	48.0	-105.0	7.0	8.0	-3.0	-1.0	96.27
6	17.0	53.0	23.0	-6.0	-10.0	18.0	3.0	9.0	91.73
7	-25.0	-58.0	-109.0	4.0	-4.0	6.0	-1.0	18.0	71.88
8	-42.0	80.0	24.0	16.0	-2.0	18.0	3.0	-7.0	79.32
9	90.0	56.0	-12.0	-23.0	-20.0	9.0	-6.0	4.0	105.45
10	-5.0	-44.0	-80.0	2.0	9.0	4.0	-13.0	12.0	105.86
11	18.0	28.0	-25.0	-5.0	2.0	-15.0	6.0	1.0	111.4
12	-42.0	-49.0	114.0	-14.0	1.0	-7.0	-18.0	-5.0	120.28
13	99.0	-17.0	11.0	31.0	-1.0	-10.0	-5.0	7.0	122.76
14	-111.0	-30.0	22.0	3.0	1.0	-37.0	23.0	-5.0	116.06
15	-52.0	17.0	-15.0	-4.0	-8.0	-8.0	2.0	2.0	124.75
16	-63.0	-78.0	-32.0	-14.0	4.0	-18.0	12.0	-8.0	118.97
17	-59.0	87.0	-59.0	-17.0	-8.0	-6.0	9.0	2.0	121.62
18	127.0	6.0	-12.0	9.0	5.0	-5.0	-16.0	-15.0	118.97
19	20.0	-10.0	48.0	-67.0	1.0	6.0	-14.0	20.0	110.18
20	-57.0	10.0	3.0	38.0	12.0	4.0	-18.0	15.0	119.09
21	127.0	-106.0	-44.0	-10.0	5.0	29.0	-9.0	-3.0	124.75
22	43.0	-55.0	63.0	-32.0	0.0	-21.0	-5.0	-12.0	124.88
23	-19.0	-51.0	-8.0	111.0	-5.0	4.0	19.0	-3.0	121.62
24	84.0	17.0	-8.0	28.0	3.0	-13.0	36.0	-11.0	124.88
25	-87.0	127.0	114.0	2.0	6.0	-52.0	2.0	-11.0	124.21
26	-18.0	-25.0	18.0	39.0	0.0	-28.0	-1.0	1.0	124.91
27	-3.0	-32.0	-20.0	31.0	-9.0	29.0	-3.0	-13.0	125.04
28	71.0	-53.0	4.0	-34.0	-16.0	13.0	3.0	10.0	115.69
29	21.0	-128.0	-1.0	-30.0	7.0	5.0	-13.0	-12.0	111.4
30	-67.0	-128.0	-13.0	-11.0	-2.0	-14.0	-28.0	-28.0	110.18
31	19.0	-87.0	38.0	-95.0	-3.0	-6.0	-34.0	-19.0	107.58
32	10.0	107.0	11.0	-5.0	-5.0	2.0	-11.0	1.0	112.83
33	-14.0	28.0	66.0	96.0	8.0	0.0	-62.0	-5.0	93.71
34	70.0	91.0	12.0	10.0	-8.0	23.0	-5.0	21.0	81.94
35	15.0	-26.0	-56.0	14.0	10.0	3.0	14.0	5.0	87.16
36	7.0	127.0	-24.0	41.0	6.0	7.0	2.0	-5.0	66.93
37	2.0	34.0	-32.0	10.0	-14.0	7.0	-1.0	1.0	78.81
38	98.0	122.0	-19.0	-105.0	-1.0	24.0	3.0	-6.0	74.4
39	104.0	29.0	15.0	-8.0	-8.0	-2.0	21.0	-14.0	89.66
40	-2.0	-30.0	4.0	-71.0	-10.0	-16.0	-35.0	-7.0	71.88
41	-71.0	-117.0	-24.0	6.0	5.0	-5.0	5.0	-10.0	81.94
42	-109.0	1.0	35.0	-1.0	1.0	5.0	3.0	4.0	78.81
43	43.0	23.0	16.0	-13.0	11.0	-3.0	-3.0	4.0	63.8
44	-113.0	-6.0	-14.0	-81.0	8.0	-5.0	-11.0	4.0	58.78
45	-10.0	-70.0	90.0	92.0	-2.0	24.0	36.0	12.0	58.33
46	126.0	-33.0	18.0	125.0	-8.0	-13.0	-5.0	-1.0	61.23
47	-20.0	50.0	-16.0	18.0	-3.0	-5.0	-8.0	-16.0	62.18
48	64.0	-112.0	-2.0	-26.0	3.0	12.0	-12.0	-19.0	63.8
49	21.0	21.0	-80.0	-7.0	6.0	9.0	-1.0	6.0	55.38
50	-43.0	123.0	27.0	-3.0	10.0	-12.0	-6.0	20.0	53.88
51	-42.0	-25.0	20.0	-66.0	-9.0	-13.0	35.0	31.0	56.85
52	0.0	60.0	90.0	13.0	2.0	4.0	3.0	-6.0	54.17
53	6.0	-94.0	14.0	11.0	-2.0	-39.0	18.0	29.0	53.47
54	-16.0	-23.0	-64.0	-8.0	0.0	-11.0	9.0	-14.0	52.8
55	-20.0	41.0	56.0	-9.0	-8.0	17.0	10.0	-15.0	53.33
56	66.0	-18.0	-21.0	-22.0	5.0	-4.0	17.0	3.0	55.06
57	15.0	69.0	-58.0	-55.0	-1.0	-14.0	1.0	-15.0	54.11
58	42.0	-98.0	83.0	22.0	2.0	3.0	-9.0	-2.0	54.81
59	46.0	-19.0	38.0	87.0	8.0	-5.0	-25.0	-3.0	55.38
60	46.0	17.0	42.0	-2.0	-3.0	-8.0	-10.0	3.0	54.93
61	-105.0	6.0	32.0	9.0	2.0	7.0	-2.0	-2.0	54.18
62	-48.0	-65.0	26.0	93.0	5.0	1.0	23.0	-13.0	52.57
63	-112.0	-106.0	-55.0	22.0	18.0	-6.0	1.0	3.0	53.33
64	-59.0	-13.0	3.0	-29.0	-2.0	-5.0	-6.0	-15.0	53.47
65	-54.0	84.0	-13.0	-1.0	2.0	4.0	-21.0	-22.0	55.06
66	-26.0	41.0	45.0	-1.0	15.0	6.0	-10.0	1.0	54.17
67	-86.0	122.0	-25.0	4.0	2.0	-10.0	7.0	-12.0	54.97
68	-33.0	-37.0	62.0	-2.0	-9.0	16.0	-2.0	-17.0	55.23
69	42.0	73.0	105.0	111.0	-4.0	5.0	8.0	4.0	75.38
70	113.0	70.0	2.0	-99.0	-11.0	33.0	3.0	7.0	58.33
71	64.0	-37.0	0.0	4.0	-5.0	-33.0	-24.0	19.0	95.65
72	44.0	22.0	-100.0	-2.0	0.0	3.0	9.0	16.0	91.23
73	50.0	-118.0	-71.0	-18.0	-8.0	-21.0	-8.0	-4.0	65.56
74	101.0	64.0	-12.0	-8.0	-16.0	-2.0	13.0	-21.0	87.05
75	126.0	25.0	74.0	-15.0	3.0	4.0	13.0	-6.0	99.42
76	-14.0	-17.0	44.0	13.0	-4.0	-19.0	-12.0	7.0	91.23
77	27.0	11.0	-41.0	15.0	-3.0	-2.0	21.0	5.0	83.13
78	-17.0	21.0	24.0	5.0	-4.0	4.0	1.0	6.0	100.53
