0	-43.0	-78.0	90.0	10.0	2.0	-5.0	10.0	7.0	91.23
1	-113.0	-106.0	114.0	-66.0	2.0	-10.0	3.0	4.0	95.65
2	0.0	64.0	43.0	2.0	-12.0	4.0	-10.0	-11.0	74.4
3	-52.0	-19.0	15.0	111.0	-8.0	8.0	-25.0	7.0	71.88
4	-48.0	91.0	35.0	18.0	15.0	-18.0	-12.0	6.0	84.91
5	28.0	56.0	-8.0	-71.0	2.0	18.0	10.0	-17.0	81.94
6	15.0	-118.0	-109.0	93.0	-9.0	4.0	8.0	-15.0	89.66
7	126.0	-58.0	-58.0	-8.0	2.0	-8.0	3.0	-2.0	96.27
8	-14.0	-117.0	-2.0	-10.0	11.0	4.0	6.0	-3.0	89.66
9	50.0	17.0	32.0	-9.0	6.0	-4.0	9.0	-2.0	69.0
10	-33.0	84.0	27.0	-3.0	5.0	1.0	-16.0	29.0	63.8
11	70.0	6.0	24.0	-19.0	0.0	-8.0	14.0	-12.0	61.23
12	-63.0	50.0	14.0	-4.0	-5.0	6.0	18.0	1.0	58.78
13	7.0	-87.0	-55.0	-14.0	-16.0	3.0	-35.0	15.0	63.8
14	126.0	-26.0	26.0	-81.0	10.0	-6.0	-5.0	-4.0	62.18
15	99.0	69.0	44.0	11.0	-10.0	-5.0	-9.0	-12.0	58.33
16	-7.0	-47.0	-25.0	31.0	-3.0	-15.0	-5.0	1.0	55.38
17	42.0	80.0	56.0	-5.0	18.0	4.0	3.0	31.0	54.17
18	-25.0	-53.0	-15.0	4.0	1.0	23.0	7.0	20.0	53.47
19	-3.0	107.0	-80.0	5.0	-2.0	16.0	1.0	34.0	53.33
20	-71.0	127.0	38.0	-8.0	-9.0	33.0	-11.0	4.0	53.33
21	21.0	-44.0	-44.0	-26.0	0.0	24.0	-5.0	2.0	52.57
22	6.0	-17.0	4.0	31.0	-10.0	5.0	-13.0	7.0	52.8
23	-67.0	6.0	48.0	-1.0	7.0	24.0	-12.0	-5.0	53.47
24	84.0	21.0	22.0	3.0	-11.0	-2.0	-24.0	-12.0	53.88
25	-26.0	-70.0	-100.0	9.0	-4.0	-13.0	23.0	-14.0	54.11
26	-87.0	-49.0	16.0	28.0	3.0	-21.0	-18.0	6.0	54.93
27	90.0	-18.0	-56.0	22.0	-2.0	16.0	21.0	-6.0	54.17
28	-19.0	-128.0	2.0	6.0	-1.0	7.0	-18.0	12.0	55.06
29	2.0	87.0	62.0	92.0	-5.0	-3.0	3.0	21.0	55.23
30	71.0	-30.0	11.0	-30.0	-8.0	-5.0	2.0	4.0	55.38
31	46.0	-17.0	18.0	-105.0	6.0	5.0	-6.0	-3.0	55.06
32	127.0	-37.0	-108.0	-1.0	12.0	-6.0	-2.0	1.0	54.81
33	-54.0	28.0	42.0	-5.0	-2.0	-11.0	35.0	-19.0	54.97
34	-57.0	127.0	-21.0	4.0	9.0	-2.0	17.0	-15.0	54.18
35	18.0	45.0	-24.0	-2.0	3.0	-39.0	3.0	3.0	56.85
36	-42.0	1.0	5.0	39.0	0.0	7.0	9.0	4.0	58.33
37	64.0	25.0	90.0	16.0	4.0	-28.0	2.0	18.0	65.56
38	14.0	-23.0	-25.0	-23.0	3.0	17.0	-11.0	10.0	66.93
39	-31.0	-128.0	11.0	22.0	-4.0	-5.0	-1.0	9.0	71.88
40	-128.0	-32.0	83.0	-95.0	5.0	7.0	9.0	-14.0	91.23
41	20.0	-98.0	-64.0	-1.0	-2.0	3.0	-8.0	-21.0	87.05
42	-105.0	122.0	74.0	38.0	11.0	6.0	-5.0	-28.0	75.38
43	-17.0	22.0	12.0	-67.0	-14.0	-52.0	-8.0	5.0	87.16
44	-20.0	21.0	38.0	9.0	-4.0	4.0	-12.0	3.0	79.32
45	-5.0	11.0	-59.0	-11.0	-5.0	18.0	3.0	-1.0	78.81
46	64.0	23.0	-13.0	41.0	-3.0	-13.0	36.0	-8.0	81.94
47	27.0	41.0	24.0	14.0	6.0	-5.0	5.0	-5.0	83.13
48	19.0	-94.0	3.0	15.0	5.0	24.0	19.0	-19.0	78.81
49	104.0	-37.0	45.0	-99.0	3.0	-12.0	-10.0	3.0	91.73
50	-10.0	-30.0	63.0	10.0	-8.0	3.0	12.0	-7.0	93.71
51	-59.0	-112.0	-71.0	-34.0	10.0	4.0	-1.0	1.0	107.58
52	10.0	123.0	-80.0	-32.0	-8.0	0.0	-6.0	-10.0	110.18
53	-111.0	70.0	18.0	-9.0	8.0	-2.0	-1.0	-13.0	118.97
54	-112.0	53.0	-21.0	-29.0	5.0	-7.0	-34.0	2.0	116.06
55	-109.0	-33.0	-1.0	-6.0	8.0	13.0	-13.0	-5.0	111.4
56	21.0	28.0	66.0	125.0	-1.0	2.0	1.0	-3.0	119.09
57	-2.0	-51.0	-16.0	22.0	-8.0	-33.0	23.0	16.0	124.21
58	101.0	-1.0	-32.0	-22.0	-16.0	-14.0	36.0	-5.0	122.76
59	44.0	-25.0	20.0	2.0	2.0	9.0	13.0	-1.0	124.75
60	113.0	69.0	3.0	-8.0	-8.0	7.0	13.0	12.0	124.88
61	-42.0	17.0	-12.0	-2.0	-20.0	29.0	-3.0	-11.0	124.88
62	43.0	-25.0	-14.0	39.0	-9.0	4.0	-14.0	6.0	125.04
63	43.0	-65.0	-20.0	13.0	7.0	-14.0	-2.0	-6.0	124.91
64	15.0	73.0	-24.0	-2.0	-8.0	-10.0	-28.0	7.0	120.28
65	-86.0	-106.0	48.0	-15.0	-1.0	6.0	-9.0	20.0	118.97
66	-14.0	17.0	114.0	-55.0	18.0	29.0	-1.0	19.0	124.75
67	-16.0	122.0	-19.0	-13.0	2.0	-5.0	2.0	-6.0	121.62
68	66.0	60.0	-32.0	-17.0	5.0	26.0	-21.0	-7.0	121.62
69	42.0	41.0	-13.0	111.0	-3.0	5.0	3.0	-6.0	105.86
70	-20.0	29.0	0.0	87.0	1.0	12.0	-13.0	5.0	99.42
71	-42.0	87.0	23.0	-13.0	-2.0	-13.0	-62.0	-15.0	102.35
72	-18.0	10.0	-12.0	96.0	0.0	9.0	-3.0	4.0	112.83
73	98.0	-10.0	105.0	4.0	8.0	-16.0	1.0	10.0	111.4
74	127.0	-55.0	-16.0	-7.0	1.0	-21.0	-3.0	-22.0	110.18
75	40.0	-13.0	-8.0	-18.0	-3.0	-9.0	-6.0	1.0	115.69
76	17.0	-128.0	-41.0	-14.0	2.0	-37.0	21.0	-16.0	105.45
77	-59.0	-6.0	-12.0	-105.0	1.0	-19.0	1.0	-13.0	99.42
78	46.0	34.0	4.0	13.0	-4.0	-6.0	10.0	-15.0	100.53
