0	-16.0	12.0	1.0	-123.0	1.0	-16.0	-15.0	15.0	106.95
1	41.0	-30.0	-14.0	26.0	-6.0	-20.0	30.0	4.0	110.44
2	-65.0	54.0	19.0	-47.0	-3.0	-10.0	-18.0	12.0	110.44
3	91.0	-39.0	-5.0	66.0	-7.0	10.0	-17.0	10.0	105.16
4	98.0	-72.0	-7.0	8.0	-19.0	-20.0	28.0	-1.0	108.51
5	30.0	-61.0	-13.0	-8.0	6.0	-39.0	-3.0	-12.0	112.56
6	25.0	-41.0	-29.0	-14.0	4.0	-16.0	-19.0	3.0	120.58
7	-57.0	32.0	-82.0	24.0	-11.0	10.0	8.0	-6.0	118.93
8	-24.0	-72.0	32.0	38.0	5.0	5.0	-15.0	30.0	123.18
9	-41.0	-22.0	7.0	-27.0	2.0	24.0	9.0	-1.0	121.61
10	127.0	-15.0	13.0	-1.0	-11.0	-6.0	19.0	19.0	123.18
11	-115.0	3.0	-6.0	-51.0	1.0	-9.0	12.0	1.0	123.18
12	-19.0	53.0	9.0	31.0	7.0	-10.0	-8.0	-11.0	126.19
13	-121.0	127.0	53.0	111.0	-1.0	-8.0	-43.0	32.0	122.74
14	-61.0	-66.0	35.0	-128.0	-11.0	7.0	25.0	-15.0	115.48
15	87.0	61.0	1.0	1.0	-11.0	10.0	7.0	-11.0	116.53
16	-1.0	-1.0	12.0	-27.0	3.0	-17.0	-2.0	2.0	118.93
17	127.0	-5.0	48.0	23.0	10.0	10.0	-11.0	24.0	122.48
18	-40.0	-56.0	-37.0	-8.0	11.0	15.0	8.0	-14.0	119.36
19	53.0	4.0	-3.0	13.0	18.0	-36.0	-18.0	0.0	121.61
20	-29.0	-128.0	-21.0	8.0	2.0	-11.0	29.0	-14.0	114.41
21	64.0	119.0	64.0	-5.0	-1.0	8.0	0.0	-41.0	98.5
22	-24.0	68.0	-46.0	12.0	18.0	11.0	3.0	6.0	99.96
23	-33.0	-80.0	113.0	-26.0	2.0	39.0	40.0	1.0	105.12
24	44.0	-5.0	-9.0	22.0	-12.0	-18.0	13.0	33.0	102.65
25	-18.0	-17.0	17.0	-10.0	18.0	-2.0	-19.0	-13.0	95.55
26	-6.0	3.0	-55.0	10.0	2.0	29.0	-19.0	4.0	94.13
27	-64.0	62.0	-61.0	-3.0	-8.0	-4.0	7.0	-13.0	95.18
28	50.0	125.0	16.0	18.0	-3.0	15.0	11.0	2.0	95.18
29	26.0	-123.0	-97.0	-14.0	12.0	-7.0	35.0	-5.0	79.44
30	-11.0	-52.0	94.0	18.0	-5.0	-34.0	-19.0	9.0	60.93
31	-26.0	-18.0	-32.0	11.0	17.0	57.0	-36.0	3.0	87.97
32	-83.0	-23.0	-17.0	-16.0	-10.0	-3.0	-16.0	-8.0	73.34
33	24.0	81.0	9.0	1.0	-14.0	-4.0	5.0	-24.0	70.99
34	-123.0	-57.0	37.0	-52.0	9.0	22.0	13.0	19.0	60.47
35	15.0	-7.0	4.0	-9.0	1.0	-12.0	50.0	2.0	75.22
36	-128.0	106.0	80.0	-23.0	24.0	-24.0	-10.0	7.0	82.4
37	8.0	-5.0	60.0	-25.0	-8.0	11.0	25.0	-8.0	85.98
38	-79.0	-23.0	-128.0	6.0	-17.0	10.0	-11.0	-31.0	60.47
39	-13.0	9.0	5.0	7.0	3.0	-14.0	2.0	7.0	66.58
40	92.0	-66.0	27.0	-49.0	15.0	26.0	1.0	15.0	64.14
41	-22.0	127.0	-4.0	1.0	-9.0	16.0	-4.0	21.0	68.41
42	-23.0	39.0	-61.0	6.0	11.0	15.0	6.0	-6.0	60.93
43	77.0	0.0	-17.0	23.0	-11.0	-15.0	24.0	0.0	58.3
44	-73.0	109.0	2.0	10.0	-12.0	-8.0	-10.0	30.0	55.56
45	-50.0	127.0	38.0	-1.0	-3.0	13.0	-1.0	5.0	53.46
46	127.0	-9.0	-53.0	-10.0	-5.0	-9.0	13.0	23.0	52.57
47	-109.0	-107.0	2.0	21.0	-2.0	14.0	-25.0	3.0	52.23
48	62.0	29.0	-46.0	6.0	0.0	4.0	3.0	-11.0	51.79
49	127.0	-1.0	22.0	-12.0	12.0	-5.0	-21.0	-27.0	51.79
50	62.0	50.0	34.0	27.0	1.0	-7.0	-38.0	-5.0	52.14
51	-67.0	-95.0	81.0	40.0	-7.0	20.0	1.0	2.0	51.68
52	27.0	127.0	40.0	25.0	3.0	4.0	11.0	-43.0	50.96
53	-79.0	-128.0	16.0	-19.0	-3.0	-22.0	-2.0	-2.0	51.15
54	24.0	-76.0	-20.0	36.0	3.0	-6.0	-3.0	2.0	50.96
55	63.0	50.0	22.0	-13.0	7.0	7.0	-11.0	17.0	51.92
56	-23.0	-26.0	-9.0	-6.0	4.0	-3.0	-5.0	9.0	51.78
57	8.0	-89.0	34.0	-3.0	-5.0	19.0	25.0	-1.0	52.23
58	-128.0	-23.0	-52.0	28.0	-4.0	-22.0	-28.0	-2.0	53.46
59	1.0	37.0	15.0	6.0	6.0	-3.0	-5.0	1.0	57.06
60	-54.0	-29.0	13.0	-17.0	-10.0	1.0	13.0	31.0	57.06
61	-46.0	104.0	25.0	48.0	-4.0	-13.0	13.0	-32.0	55.36
62	0.0	-109.0	-1.0	-47.0	-19.0	-34.0	-5.0	2.0	55.88
63	29.0	117.0	-128.0	15.0	-28.0	-22.0	-22.0	-3.0	63.95
64	12.0	-128.0	1.0	-32.0	-1.0	5.0	22.0	91.0	76.98
65	84.0	-23.0	-63.0	44.0	-3.0	-6.0	-2.0	-16.0	84.69
66	-45.0	46.0	6.0	-12.0	6.0	-29.0	-16.0	10.0	87.97
67	-97.0	90.0	50.0	23.0	-6.0	-7.0	-17.0	4.0	68.41
68	101.0	17.0	-19.0	3.0	3.0	42.0	-25.0	-18.0	58.61
69	62.0	88.0	13.0	34.0	10.0	3.0	50.0	31.0	62.08
70	-64.0	34.0	47.0	-7.0	-9.0	39.0	-13.0	63.0	89.78
71	65.0	-29.0	16.0	-16.0	5.0	-16.0	14.0	7.0	75.22
72	60.0	127.0	-4.0	3.0	-3.0	-6.0	-17.0	-12.0	82.4
73	105.0	72.0	-24.0	-26.0	8.0	5.0	5.0	-1.0	95.55
74	77.0	-38.0	76.0	33.0	7.0	-5.0	10.0	-44.0	97.42
75	96.0	-4.0	-13.0	-36.0	-5.0	-5.0	-8.0	5.0	106.95
76	-17.0	-36.0	76.0	-8.0	6.0	25.0	-1.0	11.0	109.76
77	-18.0	125.0	-63.0	-69.0	3.0	9.0	1.0	10.0	115.48
78	52.0	-82.0	4.0	12.0	-5.0	-20.0	-12.0	11.0	113.88
