0	9.0	66.0	-11.0	-18.0	2.0	63.0	-85.0	126.0	42.86
1	23.0	33.0	115.0	-42.0	-6.0	58.0	17.0	-13.0	37.68
2	-70.0	-34.0	-33.0	-44.0	-8.0	-14.0	-84.0	-33.0	37.68
3	62.0	51.0	54.0	-6.0	-35.0	-17.0	18.0	4.0	36.71
4	69.0	-77.0	-72.0	127.0	19.0	-21.0	127.0	-3.0	39.12
5	-93.0	-48.0	17.0	-26.0	-20.0	-45.0	45.0	127.0	38.56
6	-15.0	99.0	13.0	9.0	-4.0	-20.0	-115.0	2.0	39.12
7	42.0	15.0	2.0	-90.0	-12.0	12.0	-37.0	10.0	40.62
8	-34.0	-40.0	5.0	72.0	11.0	10.0	-37.0	-51.0	46.02
9	26.0	-52.0	11.0	-11.0	21.0	-18.0	43.0	-13.0	53.6
10	56.0	-2.0	50.0	19.0	17.0	18.0	-58.0	-4.0	54.64
11	20.0	51.0	50.0	-28.0	3.0	50.0	123.0	105.0	51.51
12	44.0	127.0	29.0	29.0	39.0	-23.0	-59.0	-52.0	45.65
13	110.0	30.0	-29.0	-48.0	-9.0	-13.0	-11.0	13.0	60.42
14	-30.0	-7.0	-17.0	-9.0	-34.0	44.0	40.0	-77.0	60.42
15	30.0	-54.0	-11.0	18.0	-12.0	17.0	58.0	-91.0	73.36
16	42.0	32.0	-124.0	-35.0	-6.0	24.0	78.0	73.0	66.57
17	6.0	-35.0	127.0	15.0	-11.0	42.0	-10.0	-5.0	56.42
18	89.0	57.0	11.0	-31.0	-20.0	-7.0	22.0	-117.0	51.88
19	35.0	-104.0	72.0	61.0	-23.0	-87.0	-68.0	45.0	54.35
20	-65.0	0.0	-19.0	18.0	5.0	8.0	42.0	7.0	54.64
21	82.0	29.0	42.0	-14.0	0.0	79.0	-34.0	-44.0	51.88
22	-14.0	-46.0	20.0	-62.0	15.0	11.0	-2.0	78.0	47.96
23	-49.0	45.0	-5.0	-110.0	22.0	-16.0	-17.0	-56.0	59.39
24	2.0	3.0	-2.0	31.0	-11.0	1.0	-30.0	10.0	73.36
25	-14.0	-128.0	-43.0	4.0	-20.0	12.0	-84.0	-32.0	78.71
26	-13.0	50.0	18.0	-21.0	-6.0	-34.0	-89.0	24.0	73.62
27	59.0	127.0	-20.0	64.0	-26.0	4.0	-48.0	51.0	85.22
28	-80.0	-128.0	8.0	-35.0	7.0	11.0	-54.0	5.0	85.22
29	-3.0	-30.0	19.0	-43.0	53.0	25.0	-41.0	-25.0	79.73
30	82.0	75.0	79.0	-53.0	-26.0	-1.0	104.0	-19.0	69.54
31	-61.0	-12.0	31.0	6.0	4.0	1.0	11.0	-17.0	69.1
32	-75.0	32.0	-12.0	-113.0	65.0	67.0	14.0	20.0	82.43
33	115.0	-33.0	-4.0	-44.0	-8.0	42.0	119.0	-4.0	78.71
34	-75.0	-31.0	-33.0	-121.0	-16.0	-21.0	33.0	41.0	77.87
35	-61.0	-18.0	-26.0	5.0	9.0	9.0	7.0	-58.0	87.79
36	29.0	41.0	-33.0	-71.0	49.0	16.0	13.0	-2.0	92.64
37	52.0	-86.0	-1.0	127.0	44.0	32.0	-27.0	-20.0	93.34
38	-21.0	-56.0	15.0	30.0	-20.0	-8.0	-81.0	18.0	107.05
39	-52.0	98.0	66.0	-14.0	-5.0	-7.0	-23.0	23.0	123.03
40	4.0	-100.0	5.0	24.0	-2.0	44.0	26.0	52.0	123.04
41	-14.0	30.0	40.0	-81.0	-8.0	-14.0	127.0	58.0	125.39
42	-40.0	32.0	-10.0	-82.0	-4.0	58.0	-27.0	2.0	125.39
43	-57.0	41.0	-51.0	46.0	1.0	-45.0	-13.0	127.0	131.9
44	56.0	34.0	25.0	-63.0	-55.0	-5.0	-61.0	-69.0	134.84
45	42.0	0.0	-9.0	-47.0	-11.0	-9.0	-128.0	6.0	135.89
46	94.0	96.0	-39.0	-7.0	30.0	110.0	-24.0	11.0	136.39
47	10.0	56.0	-48.0	99.0	24.0	37.0	-57.0	-7.0	136.38
48	105.0	-78.0	47.0	10.0	-3.0	8.0	-128.0	24.0	136.39
49	25.0	-14.0	-3.0	102.0	-49.0	-33.0	83.0	19.0	135.72
50	120.0	-44.0	-2.0	-32.0	51.0	21.0	-45.0	29.0	134.5
51	-47.0	50.0	8.0	-10.0	23.0	-3.0	85.0	-8.0	128.62
52	25.0	-110.0	127.0	-18.0	-16.0	5.0	24.0	6.0	135.72
53	76.0	55.0	-66.0	-24.0	-8.0	16.0	127.0	-10.0	131.9
54	-32.0	-88.0	-4.0	33.0	38.0	-31.0	-79.0	37.0	136.21
55	-32.0	6.0	-21.0	46.0	-26.0	-26.0	-33.0	27.0	132.76
56	9.0	13.0	-21.0	-1.0	-4.0	10.0	-55.0	-66.0	133.25
57	34.0	32.0	-59.0	38.0	39.0	34.0	111.0	30.0	123.04
58	91.0	68.0	-11.0	45.0	75.0	-42.0	90.0	-3.0	118.34
59	-63.0	29.0	-20.0	-3.0	-10.0	5.0	-27.0	-9.0	94.1
60	110.0	-26.0	21.0	39.0	25.0	-32.0	-128.0	-74.0	93.34
61	-2.0	42.0	-5.0	-11.0	28.0	-33.0	-46.0	39.0	102.8
62	-14.0	-69.0	-92.0	-6.0	-7.0	56.0	-35.0	-14.0	99.91
63	38.0	30.0	-3.0	26.0	-27.0	0.0	-109.0	46.0	94.1
64	88.0	24.0	52.0	-44.0	-3.0	-13.0	-77.0	23.0	109.07
65	-13.0	-17.0	-20.0	40.0	19.0	25.0	2.0	10.0	107.05
66	20.0	-5.0	-70.0	49.0	-61.0	19.0	53.0	-20.0	130.14
67	-30.0	55.0	0.0	-15.0	22.0	39.0	56.0	-47.0	109.07
68	-25.0	126.0	-37.0	-34.0	15.0	-36.0	74.0	92.0	116.82
69	8.0	115.0	19.0	73.0	-17.0	-3.0	35.0	11.0	103.74
70	6.0	-34.0	-2.0	-10.0	18.0	-6.0	-59.0	-7.0	91.77
71	-41.0	-44.0	35.0	-66.0	6.0	-99.0	-64.0	2.0	91.77
72	38.0	4.0	-11.0	83.0	22.0	-35.0	70.0	-26.0	88.41
73	108.0	-2.0	-68.0	-46.0	-8.0	27.0	31.0	-7.0	86.33
74	-24.0	67.0	-8.0	26.0	19.0	-33.0	-10.0	-34.0	69.1
75	-21.0	-44.0	32.0	-63.0	-8.0	-17.0	104.0	-26.0	63.75
76	58.0	81.0	-8.0	55.0	-19.0	8.0	-36.0	-15.0	62.5
77	37.0	-20.0	26.0	26.0	-8.0	35.0	-29.0	0.0	51.51
78	105.0	61.0	-2.0	0.0	8.0	12.0	-92.0	0.0	45.65
79	112.0	104.0	-28.0	-122.0	-14.0	-15.0	102.0	-29.0	49.9
80	-28.0	74.0	-3.0	14.0	-23.0	9.0	76.0	29.0	41.41
