0	127.0	56.0	55.0	9.0	27.0	1.0	-51.0	42.0	123.5
1	99.0	20.0	15.0	20.0	3.0	13.0	42.0	15.0	96.22
2	-18.0	-72.0	-8.0	1.0	-19.0	17.0	-106.0	-28.0	87.68
3	99.0	127.0	25.0	-56.0	12.0	10.0	-36.0	-4.0	87.18
4	61.0	14.0	-94.0	43.0	6.0	20.0	98.0	-10.0	111.42
5	-29.0	127.0	-13.0	15.0	3.0	0.0	40.0	-3.0	96.28
6	14.0	-35.0	27.0	-106.0	2.0	10.0	-7.0	-2.0	118.79
7	-64.0	-4.0	9.0	-45.0	16.0	33.0	-5.0	-9.0	113.51
8	-14.0	11.0	-31.0	5.0	-4.0	10.0	-43.0	13.0	102.02
9	40.0	-44.0	5.0	12.0	-8.0	33.0	-22.0	-47.0	87.68
10	125.0	-4.0	9.0	31.0	5.0	24.0	-71.0	23.0	93.15
11	51.0	-59.0	-5.0	-83.0	-5.0	-9.0	-11.0	-13.0	89.93
12	91.0	17.0	23.0	-84.0	-2.0	-3.0	118.0	-28.0	102.02
13	-41.0	-24.0	-28.0	9.0	-9.0	16.0	-6.0	31.0	87.18
14	78.0	83.0	29.0	-52.0	-5.0	-4.0	-32.0	-30.0	80.21
15	2.0	110.0	-47.0	16.0	-15.0	-30.0	24.0	-58.0	87.78
16	-31.0	-105.0	40.0	-74.0	-5.0	-12.0	98.0	41.0	75.81
17	23.0	9.0	-24.0	0.0	-7.0	-19.0	-67.0	46.0	72.51
18	-95.0	-128.0	-9.0	10.0	10.0	-17.0	-8.0	-12.0	71.26
19	16.0	77.0	1.0	-7.0	-50.0	-14.0	34.0	6.0	62.17
20	73.0	83.0	8.0	-7.0	1.0	-34.0	-81.0	-48.0	58.13
21	-65.0	-63.0	-4.0	-26.0	19.0	-28.0	-52.0	-17.0	55.68
22	116.0	36.0	-21.0	117.0	-7.0	13.0	39.0	52.0	56.01
23	-18.0	-17.0	17.0	114.0	1.0	-14.0	12.0	18.0	53.05
24	43.0	77.0	-13.0	-20.0	4.0	2.0	2.0	-30.0	55.18
25	-65.0	-65.0	-104.0	37.0	5.0	7.0	-123.0	-20.0	54.29
26	-54.0	35.0	10.0	21.0	-10.0	-21.0	-24.0	58.0	53.0
27	0.0	1.0	-42.0	13.0	-9.0	-61.0	-51.0	-6.0	55.18
28	-37.0	-98.0	9.0	-36.0	-10.0	25.0	17.0	8.0	55.19
29	-33.0	-11.0	18.0	4.0	-10.0	7.0	-49.0	-17.0	55.19
30	38.0	-52.0	-50.0	-3.0	4.0	-60.0	83.0	67.0	52.09
31	-112.0	-14.0	-24.0	-33.0	-4.0	47.0	2.0	-17.0	53.0
32	27.0	32.0	1.0	5.0	-3.0	-8.0	86.0	3.0	51.22
33	-41.0	127.0	28.0	-83.0	-3.0	11.0	30.0	-54.0	52.83
34	102.0	127.0	-94.0	49.0	-19.0	-4.0	-76.0	86.0	53.07
35	29.0	-16.0	13.0	9.0	0.0	2.0	-31.0	45.0	55.56
36	-91.0	17.0	91.0	20.0	-19.0	13.0	10.0	69.0	56.01
37	127.0	11.0	-45.0	-42.0	-2.0	11.0	-46.0	-58.0	57.84
38	-86.0	-41.0	3.0	84.0	-9.0	15.0	52.0	-5.0	56.57
39	58.0	127.0	8.0	11.0	-23.0	10.0	-77.0	5.0	58.28
40	78.0	127.0	-74.0	-13.0	4.0	-25.0	-51.0	-3.0	66.11
41	66.0	1.0	-44.0	-21.0	-18.0	-6.0	-49.0	-14.0	62.17
42	57.0	-95.0	-82.0	16.0	-7.0	-33.0	-22.0	-3.0	65.33
43	-45.0	-128.0	-40.0	-55.0	32.0	-25.0	-47.0	-28.0	62.83
44	32.0	19.0	35.0	-19.0	19.0	1.0	37.0	-58.0	66.11
45	106.0	-13.0	9.0	-17.0	59.0	28.0	81.0	26.0	59.77
46	113.0	127.0	-19.0	27.0	3.0	6.0	-12.0	-22.0	69.1
47	-128.0	-106.0	-69.0	-18.0	-11.0	-26.0	59.0	-7.0	75.81
48	-72.0	-43.0	16.0	-18.0	-20.0	-66.0	-73.0	-45.0	76.87
49	-128.0	-7.0	-45.0	-9.0	1.0	-3.0	77.0	-10.0	84.5
50	-53.0	30.0	-4.0	2.0	-6.0	-45.0	-90.0	24.0	80.64
51	32.0	-113.0	33.0	-36.0	5.0	62.0	3.0	9.0	91.95
52	1.0	89.0	-10.0	-15.0	7.0	-24.0	46.0	44.0	90.76
53	43.0	37.0	80.0	9.0	19.0	-13.0	-17.0	28.0	94.52
54	-54.0	-123.0	-100.0	-5.0	1.0	35.0	-41.0	11.0	113.79
55	-17.0	91.0	18.0	70.0	-31.0	-25.0	85.0	10.0	96.28
56	-58.0	1.0	-108.0	-4.0	2.0	-4.0	3.0	-9.0	126.46
57	22.0	2.0	-1.0	3.0	-5.0	2.0	19.0	33.0	124.37
58	10.0	113.0	127.0	1.0	-12.0	-6.0	-70.0	81.0	126.46
59	77.0	27.0	77.0	26.0	-12.0	-26.0	-36.0	18.0	124.37
60	120.0	34.0	85.0	-18.0	-5.0	-92.0	-81.0	-78.0	126.9
61	-128.0	-2.0	7.0	61.0	8.0	3.0	103.0	-45.0	119.22
62	-91.0	-40.0	-19.0	1.0	-5.0	35.0	-19.0	-23.0	118.79
63	-68.0	-43.0	-6.0	113.0	-11.0	54.0	-15.0	38.0	99.34
64	70.0	-17.0	-3.0	-64.0	-2.0	3.0	3.0	-29.0	118.38
65	22.0	-124.0	-12.0	-28.0	4.0	-24.0	-63.0	-19.0	83.26
66	-15.0	9.0	-10.0	-26.0	-5.0	-27.0	-75.0	15.0	87.52
67	68.0	3.0	30.0	-84.0	-9.0	5.0	-21.0	-20.0	103.24
68	-8.0	-43.0	7.0	-50.0	-4.0	-101.0	-94.0	-66.0	91.69
69	-26.0	71.0	-54.0	-22.0	17.0	-53.0	64.0	1.0	90.76
70	10.0	37.0	-38.0	41.0	5.0	27.0	22.0	-42.0	108.95
71	32.0	-50.0	-6.0	3.0	0.0	-5.0	127.0	6.0	107.21
72	76.0	11.0	-34.0	3.0	10.0	-22.0	69.0	26.0	116.05
73	-128.0	28.0	-36.0	31.0	-39.0	38.0	19.0	-20.0	117.81
74	-82.0	58.0	-90.0	-43.0	14.0	-19.0	-111.0	-11.0	106.01
75	-71.0	80.0	13.0	-21.0	-2.0	3.0	-62.0	-71.0	113.79
76	-98.0	-42.0	77.0	-108.0	7.0	10.0	43.0	-4.0	106.01
