0	-128.0	44.0	68.0	19.0	-10.0	48.0	-80.0	0.0	48.73
1	110.0	-127.0	31.0	107.0	-1.0	5.0	-18.0	17.0	54.01
2	40.0	71.0	19.0	-27.0	3.0	10.0	-22.0	-6.0	47.87
3	-52.0	-128.0	-6.0	-1.0	9.0	17.0	-78.0	3.0	45.45
4	26.0	52.0	8.0	-32.0	-13.0	3.0	-4.0	-5.0	44.97
5	-5.0	127.0	-3.0	65.0	-19.0	7.0	44.0	-58.0	45.32
6	10.0	-1.0	23.0	18.0	1.0	11.0	-5.0	-76.0	45.44
7	-35.0	-128.0	-7.0	-6.0	-21.0	40.0	-18.0	-55.0	45.45
8	-76.0	19.0	-16.0	6.0	11.0	-2.0	-40.0	8.0	45.32
9	16.0	-93.0	-19.0	-2.0	-20.0	-20.0	15.0	-9.0	47.35
10	95.0	-43.0	-6.0	37.0	-5.0	-32.0	-128.0	-9.0	47.35
11	-128.0	77.0	14.0	-64.0	1.0	-20.0	86.0	10.0	46.46
12	-3.0	39.0	-114.0	-45.0	14.0	16.0	-22.0	-39.0	52.44
13	-93.0	-5.0	-11.0	45.0	4.0	3.0	-128.0	-2.0	51.91
14	127.0	29.0	-27.0	12.0	3.0	-8.0	36.0	0.0	57.51
15	-32.0	67.0	-8.0	-13.0	5.0	-53.0	127.0	-13.0	55.29
16	-23.0	-97.0	-28.0	38.0	5.0	8.0	-85.0	6.0	56.83
17	-84.0	127.0	-14.0	50.0	9.0	-2.0	107.0	-3.0	55.89
18	105.0	-81.0	111.0	92.0	-4.0	-1.0	-21.0	-93.0	56.29
19	122.0	53.0	93.0	-67.0	4.0	-52.0	-88.0	36.0	55.89
20	98.0	94.0	-10.0	-7.0	3.0	21.0	-35.0	-7.0	52.44
21	94.0	59.0	-18.0	-4.0	-10.0	0.0	-16.0	15.0	56.03
22	42.0	-40.0	-3.0	-43.0	-4.0	-12.0	-28.0	5.0	59.98
23	-72.0	56.0	-36.0	-63.0	4.0	-22.0	17.0	-84.0	70.19
24	34.0	73.0	42.0	-6.0	10.0	-10.0	85.0	-22.0	73.15
25	54.0	-2.0	-16.0	24.0	5.0	-2.0	-27.0	-59.0	70.19
26	-76.0	48.0	-26.0	-13.0	6.0	4.0	-98.0	15.0	63.36
27	36.0	28.0	-13.0	-8.0	-19.0	39.0	21.0	-42.0	68.15
28	-99.0	82.0	-2.0	-74.0	12.0	17.0	-52.0	47.0	66.61
29	-21.0	3.0	-128.0	29.0	7.0	-3.0	-92.0	-73.0	76.23
30	55.0	-87.0	83.0	-6.0	4.0	7.0	-45.0	-4.0	77.98
31	-65.0	-105.0	-32.0	31.0	-9.0	33.0	-65.0	-34.0	93.43
32	-5.0	39.0	54.0	-42.0	13.0	33.0	-47.0	-1.0	86.29
33	-51.0	25.0	4.0	8.0	-28.0	-11.0	41.0	9.0	88.85
34	127.0	58.0	79.0	-1.0	0.0	-5.0	-85.0	-25.0	97.71
35	92.0	96.0	3.0	22.0	-3.0	12.0	-35.0	-34.0	107.33
36	62.0	-110.0	-128.0	-45.0	-4.0	3.0	123.0	31.0	111.37
37	-98.0	-45.0	120.0	-55.0	-9.0	-60.0	-4.0	-17.0	111.76
38	-56.0	-16.0	48.0	-30.0	-4.0	-2.0	97.0	-6.0	90.47
39	27.0	127.0	-20.0	-30.0	8.0	-8.0	24.0	7.0	115.55
40	-40.0	49.0	-128.0	-8.0	-5.0	-40.0	-18.0	-30.0	112.81
41	-72.0	-73.0	23.0	-128.0	10.0	8.0	-12.0	27.0	120.51
42	71.0	108.0	7.0	-33.0	2.0	-19.0	16.0	10.0	114.47
43	77.0	60.0	-9.0	-10.0	-7.0	-4.0	-51.0	52.0	120.45
44	-92.0	97.0	-128.0	60.0	1.0	-2.0	-22.0	-23.0	117.92
45	43.0	-125.0	9.0	-52.0	1.0	-9.0	-55.0	51.0	120.45
46	56.0	127.0	-8.0	-4.0	-7.0	-37.0	-26.0	92.0	116.28
47	77.0	-102.0	-2.0	-9.0	-16.0	-3.0	124.0	15.0	112.81
48	49.0	63.0	7.0	4.0	-33.0	-17.0	-1.0	-50.0	99.12
49	64.0	-105.0	5.0	21.0	5.0	2.0	0.0	-11.0	93.43
50	-46.0	-63.0	21.0	4.0	-16.0	0.0	-13.0	-87.0	87.7
51	15.0	25.0	19.0	-128.0	-7.0	-72.0	70.0	-35.0	108.83
52	35.0	16.0	-76.0	-21.0	-4.0	-46.0	24.0	-11.0	77.98
53	-123.0	-92.0	30.0	33.0	-16.0	-43.0	-16.0	12.0	82.62
54	67.0	-75.0	-1.0	23.0	-28.0	-19.0	14.0	16.0	90.47
55	10.0	-77.0	-69.0	-67.0	-14.0	-10.0	14.0	21.0	90.1
56	17.0	-67.0	-32.0	-29.0	-2.0	3.0	-30.0	9.0	102.11
57	12.0	-89.0	72.0	6.0	6.0	-9.0	7.0	-6.0	97.71
58	-95.0	14.0	-65.0	39.0	-4.0	-10.0	-28.0	39.0	116.28
59	34.0	-68.0	35.0	82.0	-4.0	-4.0	-6.0	-21.0	104.95
60	-127.0	-60.0	-53.0	-120.0	-4.0	26.0	75.0	9.0	117.84
61	-32.0	-12.0	62.0	14.0	0.0	10.0	-11.0	-23.0	80.76
62	67.0	30.0	36.0	-4.0	-11.0	-15.0	-112.0	-33.0	94.65
63	127.0	51.0	4.0	0.0	-3.0	60.0	-3.0	-35.0	80.76
64	-76.0	-16.0	-128.0	-9.0	10.0	-42.0	-14.0	-5.0	114.47
65	72.0	68.0	-40.0	121.0	-4.0	37.0	81.0	66.0	82.38
66	-32.0	66.0	80.0	23.0	4.0	-18.0	3.0	19.0	79.18
67	47.0	89.0	-44.0	-71.0	-6.0	-8.0	-20.0	98.0	73.34
68	127.0	127.0	120.0	-2.0	-1.0	-17.0	28.0	-11.0	64.06
69	46.0	-31.0	-10.0	74.0	-7.0	-36.0	-54.0	54.0	61.74
70	-52.0	-35.0	-19.0	-26.0	4.0	19.0	45.0	7.0	61.74
71	22.0	-98.0	55.0	-41.0	24.0	9.0	-54.0	53.0	55.82
72	-69.0	116.0	-9.0	8.0	15.0	-36.0	-43.0	-73.0	56.29
73	125.0	-121.0	-32.0	61.0	14.0	6.0	-57.0	2.0	46.01
74	16.0	-18.0	22.0	-51.0	3.0	-40.0	3.0	14.0	51.91
75	69.0	35.0	-48.0	-128.0	-11.0	-28.0	22.0	56.0	50.04
