0	-63.0	28.0	1.0	-25.0	18.0	-15.0	-2.0	13.0	102.47
1	82.0	-87.0	-2.0	-18.0	3.0	4.0	-16.0	11.0	93.15
2	122.0	10.0	47.0	-1.0	-5.0	22.0	-17.0	-6.0	108.4
3	-105.0	104.0	-7.0	-3.0	8.0	-7.0	-8.0	-23.0	109.27
4	-49.0	-53.0	-7.0	23.0	6.0	-5.0	-15.0	0.0	107.13
5	35.0	28.0	-46.0	-4.0	-6.0	-6.0	-12.0	-9.0	115.12
6	68.0	-64.0	-24.0	20.0	-3.0	15.0	8.0	0.0	114.34
7	-128.0	74.0	-28.0	-90.0	2.0	5.0	-17.0	2.0	117.25
8	9.0	27.0	-11.0	20.0	1.0	-1.0	-17.0	-2.0	115.24
9	56.0	-125.0	-18.0	-22.0	-1.0	-15.0	-4.0	-4.0	102.48
10	-128.0	-92.0	38.0	-46.0	11.0	-14.0	-2.0	8.0	115.74
11	-1.0	-23.0	-28.0	-34.0	1.0	-2.0	-4.0	-6.0	117.0
12	-64.0	-13.0	18.0	13.0	5.0	2.0	20.0	-8.0	117.65
13	59.0	1.0	10.0	-66.0	2.0	12.0	-2.0	-15.0	116.07
14	116.0	-81.0	122.0	48.0	-4.0	34.0	-15.0	-8.0	117.25
15	110.0	30.0	-3.0	-17.0	-2.0	47.0	-15.0	-11.0	115.48
16	-54.0	89.0	-14.0	0.0	19.0	-2.0	-3.0	11.0	111.37
17	-40.0	-99.0	-57.0	-12.0	-8.0	-3.0	13.0	-54.0	107.13
18	-71.0	6.0	-27.0	127.0	-4.0	9.0	9.0	17.0	88.11
19	4.0	21.0	-101.0	13.0	-10.0	-1.0	-8.0	-1.0	83.86
20	-5.0	64.0	-4.0	65.0	0.0	-30.0	0.0	2.0	85.95
21	-33.0	74.0	-18.0	-8.0	3.0	-11.0	-4.0	-13.0	82.04
22	-79.0	127.0	-2.0	4.0	-3.0	-4.0	-13.0	23.0	86.1
23	-16.0	-114.0	7.0	-128.0	3.0	-13.0	4.0	-7.0	80.91
24	113.0	-28.0	8.0	12.0	0.0	30.0	-14.0	8.0	96.22
25	38.0	86.0	-9.0	-16.0	1.0	-4.0	21.0	-18.0	97.38
26	93.0	40.0	48.0	28.0	2.0	8.0	-4.0	1.0	89.32
27	24.0	-6.0	3.0	-65.0	2.0	25.0	2.0	-13.0	70.85
28	33.0	-66.0	11.0	49.0	-8.0	10.0	-10.0	18.0	71.24
29	29.0	-122.0	-4.0	5.0	3.0	-11.0	-1.0	2.0	85.95
30	105.0	21.0	27.0	-9.0	-15.0	31.0	-11.0	-3.0	67.13
31	-65.0	29.0	-4.0	-6.0	-2.0	4.0	-11.0	-8.0	78.16
32	116.0	48.0	9.0	-15.0	2.0	-19.0	6.0	5.0	56.61
33	-115.0	55.0	-89.0	-5.0	-1.0	-12.0	0.0	0.0	55.0
34	-28.0	92.0	97.0	28.0	0.0	-14.0	-6.0	9.0	56.61
35	71.0	36.0	8.0	-70.0	2.0	-1.0	-5.0	8.0	66.71
36	103.0	95.0	21.0	1.0	1.0	-3.0	-6.0	14.0	77.53
37	-95.0	-58.0	71.0	-12.0	-3.0	-2.0	0.0	-19.0	56.88
38	-34.0	46.0	-30.0	17.0	0.0	2.0	-6.0	39.0	63.03
39	-27.0	-48.0	-23.0	-8.0	0.0	-8.0	-6.0	12.0	60.36
40	37.0	-84.0	9.0	9.0	1.0	-15.0	-9.0	15.0	52.22
41	-61.0	-128.0	3.0	-3.0	-4.0	3.0	9.0	-9.0	56.59
42	-25.0	-2.0	-4.0	0.0	-3.0	-12.0	15.0	-2.0	62.99
43	-39.0	-59.0	-28.0	127.0	-11.0	-21.0	2.0	2.0	58.81
44	32.0	-39.0	-31.0	-33.0	-8.0	13.0	-4.0	-5.0	56.74
45	42.0	88.0	7.0	11.0	2.0	-7.0	-7.0	19.0	55.79
46	83.0	113.0	79.0	5.0	-5.0	-17.0	-4.0	8.0	58.18
47	47.0	44.0	-80.0	60.0	-14.0	-11.0	3.0	19.0	56.74
48	-59.0	-37.0	16.0	1.0	-4.0	-32.0	9.0	-2.0	53.42
49	38.0	-128.0	44.0	-60.0	0.0	-11.0	-2.0	-1.0	52.21
50	15.0	29.0	-54.0	33.0	2.0	-8.0	1.0	0.0	49.73
51	12.0	-125.0	21.0	73.0	0.0	13.0	-3.0	-5.0	51.75
52	56.0	-100.0	11.0	9.0	-5.0	-7.0	-11.0	-1.0	55.17
53	-15.0	-93.0	-13.0	1.0	1.0	-23.0	-8.0	-5.0	56.59
54	12.0	-17.0	-25.0	13.0	-4.0	0.0	28.0	-11.0	49.86
55	-61.0	83.0	-85.0	33.0	-20.0	-5.0	-4.0	-7.0	53.59
56	-121.0	-96.0	-28.0	38.0	7.0	-16.0	-6.0	-28.0	56.88
57	-89.0	-36.0	3.0	-1.0	-3.0	17.0	-6.0	-6.0	52.21
58	13.0	93.0	90.0	-35.0	10.0	-8.0	-12.0	-35.0	52.03
59	58.0	48.0	-102.0	-7.0	5.0	-5.0	19.0	4.0	52.22
60	-50.0	-36.0	44.0	-23.0	1.0	26.0	3.0	-2.0	52.75
61	70.0	48.0	-20.0	26.0	2.0	-10.0	-1.0	0.0	52.75
62	74.0	-65.0	4.0	69.0	-4.0	0.0	19.0	5.0	62.99
63	73.0	30.0	-47.0	-88.0	4.0	-4.0	-6.0	-16.0	78.16
64	-49.0	14.0	-34.0	30.0	-1.0	-23.0	6.0	4.0	91.12
65	127.0	32.0	21.0	-5.0	-4.0	0.0	3.0	1.0	82.04
66	-72.0	22.0	126.0	6.0	1.0	1.0	25.0	28.0	60.27
67	-6.0	81.0	-2.0	6.0	-2.0	-1.0	4.0	-1.0	74.6
68	-35.0	-78.0	2.0	-3.0	2.0	-8.0	-16.0	12.0	66.35
69	127.0	113.0	-128.0	-25.0	-5.0	-4.0	-18.0	-11.0	94.7
70	89.0	-34.0	-19.0	21.0	12.0	-19.0	-1.0	-6.0	96.22
71	-28.0	-51.0	-71.0	37.0	5.0	-11.0	-7.0	27.0	99.13
72	8.0	45.0	76.0	-8.0	-8.0	36.0	-4.0	-8.0	103.68
73	33.0	93.0	-95.0	-64.0	-8.0	-8.0	9.0	-5.0	103.68
74	41.0	-25.0	48.0	-12.0	5.0	-1.0	4.0	-11.0	104.44
75	-116.0	127.0	50.0	-65.0	-4.0	-12.0	17.0	-3.0	113.12
76	-35.0	-43.0	115.0	-65.0	-2.0	-2.0	1.0	13.0	115.24
