0	113.0	127.0	-14.0	-3.0	3.0	-16.0	13.0	28.0	60.27
1	-54.0	-59.0	18.0	-25.0	2.0	-2.0	-15.0	-3.0	56.59
2	-72.0	29.0	79.0	69.0	1.0	-4.0	21.0	-1.0	52.03
3	-61.0	-58.0	-47.0	-16.0	-3.0	-6.0	-3.0	-11.0	55.79
4	-5.0	-78.0	-11.0	12.0	-4.0	34.0	-7.0	12.0	53.59
5	-79.0	6.0	21.0	28.0	-2.0	-4.0	-6.0	9.0	58.18
6	33.0	36.0	44.0	-65.0	8.0	-5.0	-1.0	27.0	58.81
7	12.0	21.0	21.0	60.0	-4.0	-11.0	3.0	-2.0	56.61
8	71.0	-99.0	-28.0	127.0	-4.0	26.0	-4.0	14.0	53.42
9	-35.0	-87.0	-2.0	-25.0	-5.0	12.0	1.0	0.0	55.17
10	105.0	28.0	-7.0	1.0	3.0	3.0	3.0	39.0	56.88
11	103.0	55.0	3.0	48.0	1.0	-1.0	19.0	-6.0	52.75
12	73.0	-96.0	-9.0	13.0	5.0	-8.0	15.0	12.0	49.86
13	33.0	10.0	-31.0	4.0	-1.0	-12.0	6.0	-11.0	52.21
14	122.0	40.0	-4.0	-12.0	-8.0	-32.0	-3.0	13.0	55.0
15	56.0	28.0	-23.0	5.0	3.0	1.0	8.0	0.0	63.03
16	68.0	-48.0	3.0	0.0	2.0	-12.0	-15.0	0.0	52.21
17	-121.0	-128.0	-101.0	-22.0	2.0	-1.0	-12.0	-16.0	52.75
18	-34.0	44.0	27.0	5.0	4.0	15.0	9.0	17.0	52.22
19	38.0	86.0	3.0	65.0	0.0	13.0	9.0	-2.0	51.75
20	-71.0	93.0	47.0	-6.0	5.0	13.0	-6.0	5.0	52.22
21	35.0	74.0	-20.0	26.0	5.0	31.0	-8.0	-4.0	49.73
22	58.0	-100.0	4.0	9.0	-2.0	0.0	2.0	8.0	56.61
23	4.0	88.0	-4.0	0.0	2.0	-8.0	3.0	-13.0	56.74
24	24.0	64.0	-46.0	-33.0	3.0	4.0	-4.0	8.0	78.16
25	-95.0	-43.0	-128.0	13.0	5.0	-7.0	-8.0	0.0	74.6
26	-25.0	48.0	90.0	-70.0	-5.0	10.0	-2.0	2.0	77.53
27	-50.0	-25.0	-30.0	-5.0	2.0	-8.0	-13.0	-11.0	71.24
28	-16.0	-13.0	7.0	-1.0	11.0	-5.0	-16.0	-19.0	56.74
29	82.0	113.0	-57.0	20.0	-1.0	-21.0	-4.0	-11.0	56.59
30	-40.0	93.0	97.0	-3.0	12.0	-14.0	20.0	-13.0	62.99
31	-6.0	22.0	-85.0	-46.0	1.0	22.0	28.0	-9.0	60.36
32	70.0	104.0	44.0	-8.0	-14.0	-3.0	-4.0	0.0	85.95
33	93.0	-28.0	11.0	33.0	-5.0	0.0	-1.0	-5.0	80.91
34	-49.0	1.0	76.0	-15.0	1.0	-11.0	-1.0	1.0	67.13
35	-61.0	-37.0	48.0	30.0	-8.0	-23.0	4.0	-23.0	82.04
36	-65.0	-65.0	-25.0	-12.0	-10.0	-15.0	25.0	2.0	94.7
37	-116.0	-39.0	-2.0	127.0	6.0	2.0	-10.0	8.0	102.48
38	89.0	83.0	16.0	-3.0	2.0	-11.0	-6.0	19.0	109.27
39	56.0	-114.0	-13.0	20.0	1.0	-3.0	-17.0	13.0	111.37
40	-105.0	89.0	-28.0	-65.0	2.0	30.0	-15.0	-15.0	97.38
41	12.0	46.0	11.0	6.0	19.0	-14.0	-2.0	-5.0	107.13
42	116.0	-51.0	7.0	23.0	-8.0	-19.0	-6.0	-28.0	115.24
43	59.0	30.0	71.0	-64.0	-8.0	-11.0	-9.0	5.0	116.07
44	-1.0	-17.0	126.0	33.0	0.0	0.0	6.0	-54.0	117.25
45	127.0	-66.0	-24.0	49.0	0.0	-30.0	-7.0	23.0	115.74
46	-128.0	-6.0	-18.0	38.0	-8.0	-8.0	2.0	-8.0	117.0
47	-63.0	-92.0	8.0	-12.0	7.0	-13.0	17.0	-6.0	117.65
48	8.0	-2.0	-34.0	-65.0	-1.0	-12.0	-17.0	2.0	115.12
49	-28.0	29.0	9.0	-35.0	-4.0	8.0	-16.0	-1.0	114.34
50	74.0	-93.0	-7.0	-7.0	10.0	-7.0	4.0	18.0	117.25
51	9.0	-53.0	-71.0	13.0	-3.0	-1.0	-11.0	-18.0	107.13
52	116.0	-122.0	48.0	-88.0	0.0	-15.0	-2.0	-9.0	102.47
53	-27.0	127.0	-3.0	-8.0	-3.0	-17.0	-5.0	2.0	108.4
54	127.0	14.0	-2.0	6.0	-4.0	-1.0	-6.0	4.0	115.24
55	13.0	48.0	-19.0	1.0	1.0	-7.0	-18.0	8.0	113.12
56	-39.0	-81.0	-28.0	-1.0	-11.0	-10.0	-14.0	15.0	115.48
57	-128.0	95.0	-4.0	11.0	-2.0	-2.0	-8.0	11.0	96.22
58	42.0	21.0	115.0	-18.0	0.0	-19.0	9.0	-6.0	103.68
59	29.0	-36.0	-28.0	-8.0	1.0	-15.0	-4.0	-8.0	103.68
60	47.0	-125.0	-27.0	9.0	-4.0	36.0	9.0	-1.0	99.13
61	-64.0	45.0	-54.0	17.0	-15.0	-2.0	-11.0	-7.0	91.12
62	-15.0	-64.0	-102.0	-66.0	-4.0	-23.0	-11.0	-1.0	89.32
63	32.0	30.0	-89.0	-9.0	2.0	5.0	1.0	-5.0	104.44
64	-35.0	32.0	38.0	-90.0	-4.0	-4.0	-6.0	4.0	96.22
65	41.0	113.0	9.0	21.0	0.0	-2.0	-2.0	-2.0	88.11
66	83.0	74.0	10.0	-23.0	18.0	-11.0	0.0	-7.0	93.15
67	37.0	92.0	1.0	-4.0	-20.0	9.0	0.0	11.0	86.1
68	38.0	81.0	21.0	-34.0	0.0	-4.0	-17.0	-35.0	85.95
69	-28.0	48.0	50.0	73.0	-3.0	-1.0	0.0	-6.0	78.16
70	-115.0	27.0	122.0	1.0	2.0	25.0	-12.0	-3.0	82.04
71	-59.0	-84.0	-95.0	37.0	2.0	17.0	-4.0	-2.0	62.99
72	110.0	-125.0	2.0	-60.0	-6.0	-5.0	-6.0	-8.0	66.35
73	-33.0	-34.0	-18.0	-5.0	1.0	47.0	-4.0	1.0	66.71
74	-89.0	-128.0	8.0	-17.0	-2.0	-8.0	19.0	-5.0	83.86
75	-49.0	-23.0	-80.0	28.0	-3.0	2.0	-4.0	-8.0	70.85
76	15.0	-36.0	-4.0	-128.0	-5.0	4.0	4.0	19.0	56.88
