0	42.0	12.0	-1.0	10.0	-16.0	-1.0	-59.0	96.0	66.95
1	41.0	-128.0	45.0	81.0	11.0	-9.0	53.0	25.0	78.78
2	112.0	18.0	38.0	-39.0	-22.0	-49.0	-44.0	25.0	74.03
3	4.0	26.0	-53.0	-20.0	0.0	-3.0	-78.0	-48.0	86.92
4	-29.0	-56.0	6.0	-34.0	-12.0	-57.0	-85.0	-34.0	83.26
5	-54.0	115.0	9.0	96.0	-17.0	-20.0	34.0	-34.0	74.03
6	66.0	-103.0	-2.0	-30.0	8.0	-23.0	69.0	-49.0	73.86
7	4.0	127.0	-83.0	-21.0	-16.0	-6.0	22.0	-28.0	83.26
8	-49.0	60.0	25.0	-9.0	-3.0	26.0	5.0	-82.0	64.45
9	-51.0	78.0	-7.0	-9.0	-17.0	21.0	-10.0	-20.0	63.06
10	57.0	-28.0	-43.0	-34.0	-4.0	19.0	-3.0	9.0	56.84
11	-21.0	87.0	-4.0	-32.0	-8.0	-32.0	83.0	-22.0	64.3
12	-57.0	-24.0	-10.0	-44.0	25.0	-31.0	6.0	39.0	52.38
13	19.0	-78.0	82.0	-52.0	-15.0	26.0	-52.0	-13.0	49.28
14	-115.0	-2.0	-109.0	-35.0	7.0	-17.0	-21.0	-2.0	47.6
15	31.0	6.0	61.0	-17.0	-40.0	-2.0	34.0	73.0	47.32
16	50.0	-59.0	-22.0	22.0	-38.0	-26.0	-58.0	-67.0	47.07
17	64.0	116.0	-70.0	118.0	67.0	-36.0	-20.0	-61.0	46.9
18	26.0	-97.0	-5.0	-40.0	11.0	8.0	-97.0	56.0	46.87
19	-116.0	20.0	-2.0	-16.0	-30.0	-8.0	-70.0	24.0	46.76
20	14.0	56.0	61.0	-49.0	47.0	-19.0	59.0	-13.0	46.9
21	66.0	97.0	4.0	25.0	-3.0	66.0	-98.0	-60.0	47.07
22	3.0	-89.0	-10.0	33.0	-30.0	5.0	60.0	-14.0	48.52
23	-116.0	-33.0	8.0	-7.0	-4.0	-27.0	79.0	-18.0	50.92
24	31.0	-128.0	-20.0	-124.0	1.0	-21.0	-2.0	-41.0	53.36
25	-49.0	1.0	-40.0	-24.0	27.0	13.0	-100.0	-20.0	50.36
26	-45.0	64.0	53.0	6.0	-8.0	-19.0	-7.0	-1.0	53.35
27	-81.0	-16.0	15.0	-18.0	-39.0	-5.0	-10.0	4.0	53.98
28	32.0	77.0	-15.0	10.0	6.0	-10.0	85.0	-2.0	50.92
29	44.0	-36.0	4.0	77.0	-6.0	0.0	-8.0	-20.0	52.38
30	-27.0	-11.0	-27.0	-103.0	4.0	-8.0	118.0	22.0	58.77
31	-42.0	-11.0	-70.0	-51.0	2.0	21.0	-36.0	44.0	63.64
32	66.0	5.0	-45.0	-36.0	-46.0	-16.0	8.0	-29.0	63.06
33	-78.0	42.0	59.0	53.0	-33.0	7.0	63.0	-31.0	61.07
34	55.0	-93.0	-26.0	0.0	-23.0	-14.0	-66.0	19.0	58.77
35	-12.0	-34.0	-41.0	-55.0	-30.0	-31.0	-99.0	69.0	69.68
36	-86.0	70.0	-45.0	117.0	-9.0	-7.0	3.0	-10.0	85.09
37	-51.0	-53.0	10.0	9.0	-28.0	20.0	-68.0	60.0	66.95
38	-71.0	-77.0	-12.0	4.0	-5.0	-17.0	37.0	-7.0	90.47
39	127.0	43.0	-7.0	84.0	-28.0	-4.0	0.0	-2.0	94.04
40	127.0	-11.0	-11.0	-16.0	16.0	-36.0	-19.0	20.0	95.24
41	127.0	82.0	-8.0	-38.0	11.0	68.0	-41.0	30.0	96.71
42	-52.0	-23.0	-16.0	19.0	27.0	12.0	-27.0	11.0	103.23
43	43.0	14.0	4.0	40.0	-4.0	5.0	-13.0	-16.0	103.37
44	-126.0	-27.0	80.0	7.0	-8.0	3.0	-18.0	-10.0	107.52
45	-11.0	9.0	-11.0	11.0	-46.0	-2.0	13.0	-20.0	112.72
46	35.0	39.0	-41.0	23.0	-5.0	-50.0	6.0	24.0	95.24
47	21.0	-18.0	2.0	-36.0	-5.0	7.0	-66.0	-86.0	101.34
48	-20.0	-89.0	-28.0	-72.0	12.0	-4.0	34.0	65.0	112.72
49	-35.0	-35.0	-12.0	4.0	-15.0	7.0	-18.0	21.0	115.3
50	-47.0	44.0	64.0	28.0	24.0	-25.0	127.0	-16.0	118.67
51	-1.0	-88.0	-41.0	-59.0	7.0	12.0	2.0	5.0	121.3
52	82.0	16.0	-66.0	-26.0	-1.0	-16.0	-115.0	-29.0	115.85
53	-11.0	-73.0	31.0	73.0	-22.0	13.0	-3.0	-23.0	121.36
54	16.0	2.0	0.0	-13.0	32.0	25.0	-38.0	-2.0	119.91
55	41.0	6.0	-14.0	-23.0	-10.0	2.0	67.0	73.0	124.55
56	-110.0	-108.0	12.0	10.0	-21.0	12.0	94.0	77.0	125.47
57	-1.0	63.0	21.0	-31.0	-45.0	6.0	-42.0	19.0	124.73
58	-5.0	116.0	-19.0	24.0	8.0	34.0	19.0	-11.0	124.55
59	97.0	-15.0	-8.0	-126.0	15.0	-4.0	-89.0	-47.0	117.53
60	-1.0	56.0	0.0	26.0	2.0	-49.0	-33.0	56.0	123.15
61	4.0	-16.0	5.0	34.0	12.0	69.0	-68.0	-54.0	123.15
62	9.0	-89.0	-41.0	53.0	8.0	-35.0	-15.0	12.0	117.53
63	127.0	22.0	-32.0	-15.0	29.0	-17.0	-9.0	28.0	112.72
64	-28.0	33.0	101.0	46.0	7.0	-21.0	68.0	7.0	114.71
65	23.0	12.0	38.0	2.0	28.0	69.0	45.0	2.0	112.72
66	25.0	5.0	20.0	-15.0	-14.0	-37.0	-73.0	94.0	110.78
67	-58.0	-27.0	6.0	-49.0	-2.0	41.0	-84.0	-14.0	107.52
68	127.0	23.0	-4.0	-1.0	-7.0	-8.0	12.0	-10.0	99.49
69	-76.0	-88.0	-83.0	-18.0	7.0	-35.0	-18.0	-40.0	108.42
70	110.0	43.0	-67.0	-19.0	-9.0	10.0	-55.0	-19.0	99.84
71	127.0	6.0	35.0	-16.0	-13.0	-40.0	-6.0	80.0	94.04
72	-25.0	-4.0	-128.0	-30.0	-28.0	-39.0	-60.0	-9.0	90.05
73	88.0	-1.0	107.0	14.0	2.0	-36.0	117.0	27.0	79.25
74	-90.0	-89.0	-119.0	-128.0	-1.0	8.0	-103.0	-5.0	61.07
75	97.0	80.0	106.0	73.0	15.0	23.0	-11.0	-10.0	55.15
76	42.0	24.0	-18.0	-70.0	67.0	42.0	-60.0	-1.0	56.12
77	64.0	124.0	103.0	59.0	-4.0	-8.0	-49.0	-57.0	58.48
78	-9.0	-2.0	-26.0	-26.0	35.0	8.0	7.0	-26.0	70.05
