0	14.0	-107.0	62.0	-31.0	7.0	16.0	-13.0	2.0	63.28
1	-28.0	-53.0	32.0	-1.0	8.0	-2.0	-8.0	2.0	61.41
2	-28.0	85.0	-25.0	18.0	-2.0	19.0	-12.0	-5.0	61.41
3	30.0	65.0	1.0	15.0	-10.0	22.0	10.0	-13.0	70.26
4	100.0	-97.0	25.0	-21.0	2.0	-17.0	-7.0	-5.0	59.58
5	-4.0	110.0	-36.0	69.0	-3.0	-24.0	20.0	-7.0	55.6
6	58.0	-77.0	-30.0	-128.0	2.0	-16.0	1.0	-24.0	56.9
7	-22.0	-58.0	-1.0	34.0	5.0	0.0	-7.0	-7.0	55.53
8	-113.0	-53.0	17.0	16.0	-11.0	-33.0	31.0	-24.0	55.6
9	-62.0	-42.0	5.0	4.0	-22.0	-3.0	4.0	-2.0	52.33
10	72.0	7.0	-11.0	-6.0	11.0	-11.0	-11.0	6.0	53.46
11	21.0	61.0	-7.0	-6.0	8.0	14.0	-7.0	2.0	56.37
12	-36.0	16.0	45.0	-25.0	-15.0	-15.0	-13.0	37.0	56.9
13	-128.0	-84.0	-21.0	13.0	4.0	-6.0	-2.0	10.0	60.36
14	-22.0	-5.0	-88.0	-24.0	-4.0	-3.0	3.0	0.0	77.36
15	-25.0	-60.0	17.0	-115.0	10.0	1.0	15.0	-5.0	77.36
16	51.0	-10.0	-5.0	14.0	5.0	-3.0	-6.0	34.0	77.36
17	-9.0	127.0	60.0	-7.0	9.0	-18.0	-6.0	3.0	70.26
18	-48.0	-35.0	-34.0	127.0	-7.0	-11.0	-13.0	-17.0	64.15
19	119.0	-68.0	47.0	-6.0	4.0	-21.0	12.0	-4.0	80.47
20	13.0	-38.0	51.0	31.0	2.0	1.0	-8.0	1.0	86.28
21	-38.0	127.0	-34.0	4.0	-10.0	-3.0	9.0	-31.0	86.16
22	44.0	-92.0	-10.0	38.0	-23.0	-14.0	0.0	-19.0	88.97
23	57.0	127.0	60.0	14.0	14.0	0.0	-9.0	30.0	91.77
24	13.0	2.0	-13.0	9.0	3.0	5.0	4.0	6.0	94.81
25	-13.0	-118.0	-128.0	15.0	-5.0	-8.0	5.0	-10.0	86.28
26	-20.0	1.0	28.0	-5.0	-2.0	23.0	6.0	-24.0	93.36
27	1.0	-10.0	1.0	-8.0	14.0	2.0	-2.0	-7.0	88.97
28	-1.0	64.0	-76.0	17.0	2.0	4.0	8.0	2.0	91.69
29	1.0	1.0	0.0	-1.0	-11.0	-24.0	19.0	-10.0	94.97
30	-51.0	23.0	14.0	85.0	-7.0	58.0	-6.0	-1.0	99.13
31	-70.0	-71.0	46.0	-28.0	-6.0	13.0	-7.0	-3.0	96.79
32	-59.0	82.0	18.0	-45.0	10.0	18.0	3.0	13.0	109.54
33	-45.0	-47.0	-74.0	8.0	4.0	8.0	-2.0	-5.0	99.13
34	14.0	33.0	51.0	69.0	-4.0	0.0	-16.0	-5.0	108.37
35	15.0	-113.0	127.0	-128.0	-7.0	-5.0	-16.0	17.0	117.84
36	-109.0	-111.0	-34.0	-75.0	-11.0	-8.0	-6.0	10.0	105.28
37	-13.0	-114.0	-110.0	127.0	-4.0	3.0	2.0	-21.0	110.45
38	-29.0	-38.0	81.0	6.0	3.0	-11.0	-1.0	-4.0	108.37
39	105.0	127.0	-38.0	-31.0	-17.0	-32.0	-25.0	32.0	102.37
40	40.0	38.0	-9.0	-90.0	19.0	1.0	8.0	-10.0	99.09
41	-87.0	86.0	-31.0	10.0	19.0	-21.0	-13.0	3.0	116.14
42	-50.0	84.0	50.0	-48.0	7.0	-2.0	-2.0	-3.0	99.09
43	30.0	-88.0	-13.0	-52.0	-7.0	-3.0	-8.0	9.0	103.75
44	-20.0	37.0	-25.0	-31.0	-15.0	-1.0	10.0	-31.0	114.66
45	127.0	83.0	-61.0	124.0	10.0	-12.0	12.0	1.0	112.31
46	0.0	34.0	-30.0	11.0	-2.0	8.0	-13.0	-11.0	114.66
47	105.0	-5.0	39.0	-81.0	-1.0	-10.0	-19.0	2.0	117.84
48	-77.0	66.0	3.0	14.0	-3.0	17.0	1.0	20.0	124.11
49	36.0	4.0	-1.0	-23.0	-4.0	10.0	6.0	17.0	125.8
50	53.0	-103.0	-42.0	-17.0	-1.0	6.0	1.0	-5.0	125.8
51	-14.0	22.0	-10.0	-51.0	-13.0	28.0	21.0	-3.0	125.85
52	34.0	-14.0	38.0	39.0	3.0	-25.0	11.0	-4.0	127.95
53	-90.0	-108.0	5.0	-66.0	-1.0	3.0	-3.0	-2.0	124.51
54	28.0	-1.0	-34.0	24.0	-9.0	-16.0	-1.0	-10.0	124.19
55	-24.0	-11.0	-41.0	-128.0	-8.0	-17.0	20.0	13.0	120.22
56	15.0	-54.0	54.0	27.0	9.0	8.0	-16.0	0.0	124.2
57	-10.0	57.0	-43.0	125.0	-3.0	9.0	-7.0	-6.0	127.95
58	-100.0	71.0	60.0	-11.0	-1.0	28.0	1.0	-1.0	124.82
59	-29.0	-37.0	-30.0	26.0	-11.0	-15.0	3.0	7.0	116.28
60	14.0	-109.0	14.0	14.0	4.0	19.0	17.0	-23.0	116.28
61	-11.0	-63.0	121.0	-34.0	4.0	-2.0	6.0	4.0	93.36
62	-29.0	127.0	-91.0	-32.0	-2.0	-17.0	12.0	37.0	82.18
63	24.0	-42.0	-13.0	7.0	3.0	-1.0	-14.0	-16.0	83.51
64	-74.0	-25.0	115.0	-25.0	1.0	-2.0	-5.0	0.0	80.47
65	84.0	59.0	-12.0	-3.0	-5.0	-2.0	-16.0	4.0	89.39
66	-13.0	-102.0	-128.0	-2.0	-11.0	28.0	12.0	-41.0	87.32
67	0.0	-18.0	111.0	56.0	3.0	1.0	-10.0	13.0	71.68
68	-64.0	121.0	-9.0	-11.0	6.0	-27.0	-4.0	40.0	60.36
69	9.0	-69.0	-82.0	41.0	-10.0	-19.0	-10.0	-20.0	74.83
70	-54.0	-71.0	-128.0	-82.0	-3.0	19.0	-9.0	-5.0	68.28
71	-56.0	17.0	127.0	34.0	17.0	11.0	-13.0	-12.0	67.17
72	-13.0	57.0	26.0	-2.0	0.0	-17.0	-7.0	0.0	73.72
73	61.0	22.0	-25.0	-6.0	0.0	-5.0	-16.0	-6.0	68.28
74	116.0	48.0	-71.0	34.0	2.0	33.0	2.0	13.0	58.94
75	-64.0	121.0	34.0	-4.0	8.0	0.0	5.0	-31.0	65.97
76	-5.0	-36.0	41.0	-114.0	4.0	-11.0	6.0	-1.0	59.15
77	-16.0	-64.0	-13.0	-11.0	-7.0	-7.0	-9.0	-21.0	56.97
78	-41.0	15.0	32.0	19.0	11.0	6.0	8.0	6.0	59.15
79	33.0	36.0	-28.0	4.0	-3.0	-10.0	-14.0	-9.0	57.48
