0	78.0	114.0	28.0	-127.0	-4.0	4.0	16.0	-7.0	52.15
1	-60.0	18.0	-24.0	-22.0	-3.0	18.0	-6.0	-3.0	71.24
2	-65.0	-10.0	45.0	-56.0	-3.0	3.0	-10.0	-2.0	56.23
3	47.0	82.0	4.0	78.0	2.0	7.0	-43.0	-16.0	72.19
4	3.0	25.0	11.0	-26.0	4.0	-15.0	-15.0	32.0	62.01
5	62.0	74.0	-37.0	27.0	-4.0	16.0	13.0	8.0	51.92
6	-41.0	74.0	4.0	25.0	39.0	25.0	-12.0	5.0	50.84
7	-98.0	3.0	85.0	65.0	-2.0	26.0	-27.0	-38.0	51.84
8	-13.0	14.0	16.0	4.0	-12.0	1.0	-123.0	4.0	51.85
9	84.0	-105.0	24.0	118.0	-5.0	-1.0	-11.0	-32.0	51.93
10	-27.0	19.0	9.0	24.0	-9.0	15.0	-15.0	-1.0	51.92
11	87.0	43.0	6.0	5.0	-14.0	-9.0	27.0	2.0	57.89
12	19.0	-34.0	-3.0	68.0	4.0	16.0	10.0	25.0	55.13
13	32.0	52.0	62.0	-44.0	-1.0	-19.0	-6.0	-6.0	52.29
14	-86.0	-12.0	-75.0	-110.0	2.0	-7.0	0.0	44.0	53.27
15	80.0	8.0	-92.0	-25.0	-8.0	-15.0	-10.0	-5.0	52.13
16	-52.0	64.0	67.0	-15.0	0.0	-28.0	-21.0	16.0	52.05
17	-18.0	-104.0	-41.0	-10.0	-4.0	-20.0	102.0	24.0	52.09
18	-53.0	-35.0	-47.0	-9.0	24.0	-4.0	58.0	-1.0	72.19
19	50.0	-2.0	-53.0	-115.0	-2.0	-6.0	9.0	26.0	87.81
20	-40.0	-39.0	105.0	-60.0	11.0	7.0	-6.0	-8.0	65.25
21	-56.0	52.0	21.0	39.0	27.0	-8.0	-10.0	-10.0	85.05
22	-66.0	-19.0	37.0	-47.0	-6.0	5.0	9.0	38.0	85.09
23	110.0	-104.0	32.0	122.0	2.0	0.0	3.0	-29.0	75.99
24	-6.0	-38.0	-19.0	0.0	0.0	-5.0	58.0	-25.0	64.4
25	107.0	112.0	23.0	15.0	9.0	-6.0	-11.0	1.0	83.05
26	62.0	-68.0	74.0	24.0	1.0	13.0	-2.0	10.0	55.49
27	45.0	-115.0	6.0	-19.0	6.0	9.0	-27.0	17.0	60.89
28	12.0	76.0	-47.0	-67.0	-18.0	-15.0	-15.0	1.0	79.21
29	-31.0	43.0	-33.0	23.0	5.0	-15.0	-87.0	13.0	69.95
30	-73.0	-10.0	-74.0	23.0	5.0	-44.0	-5.0	-3.0	52.59
31	15.0	23.0	-2.0	8.0	0.0	-17.0	107.0	12.0	62.27
32	-92.0	49.0	-39.0	13.0	-1.0	6.0	-82.0	12.0	79.21
33	-3.0	12.0	-30.0	-80.0	-9.0	13.0	-25.0	-19.0	59.46
34	28.0	39.0	84.0	-6.0	-6.0	-24.0	36.0	10.0	89.43
35	24.0	11.0	15.0	-74.0	8.0	21.0	10.0	28.0	87.81
36	23.0	-3.0	-72.0	0.0	-3.0	15.0	1.0	-24.0	90.78
37	-1.0	-67.0	9.0	-22.0	-8.0	-1.0	96.0	-28.0	101.66
38	-9.0	11.0	-12.0	75.0	0.0	-6.0	-32.0	-20.0	103.66
39	38.0	30.0	-4.0	-46.0	3.0	7.0	2.0	20.0	105.33
40	65.0	15.0	59.0	6.0	27.0	36.0	109.0	39.0	111.93
41	90.0	-17.0	-115.0	44.0	15.0	58.0	6.0	-2.0	108.62
42	51.0	-43.0	34.0	-105.0	-6.0	-4.0	-7.0	-22.0	125.54
43	-39.0	69.0	-48.0	-11.0	14.0	-1.0	-23.0	5.0	125.43
44	-10.0	115.0	-36.0	-35.0	0.0	-10.0	14.0	-24.0	117.15
45	75.0	-64.0	20.0	16.0	11.0	1.0	-22.0	1.0	122.65
46	-101.0	-53.0	4.0	26.0	-16.0	18.0	-52.0	-3.0	123.75
47	-12.0	40.0	-98.0	88.0	-9.0	17.0	24.0	-2.0	125.43
48	92.0	-40.0	-37.0	-76.0	-2.0	18.0	-4.0	-10.0	118.93
49	12.0	98.0	24.0	-50.0	-8.0	-16.0	-1.0	19.0	125.55
50	-8.0	-25.0	13.0	56.0	7.0	-1.0	-15.0	-40.0	108.96
51	-99.0	-4.0	-36.0	-76.0	-1.0	3.0	5.0	2.0	111.93
52	18.0	53.0	-3.0	-10.0	9.0	-34.0	28.0	-36.0	125.37
53	58.0	-19.0	15.0	-68.0	-10.0	-27.0	-64.0	12.0	112.28
54	80.0	91.0	-39.0	-50.0	-5.0	34.0	86.0	6.0	125.54
55	30.0	-10.0	24.0	31.0	5.0	-10.0	-29.0	2.0	125.75
56	-88.0	24.0	-65.0	9.0	-28.0	-5.0	24.0	32.0	114.1
57	61.0	-56.0	69.0	-4.0	-1.0	-16.0	11.0	-3.0	112.28
58	74.0	49.0	-123.0	122.0	-5.0	8.0	4.0	-18.0	118.96
59	-67.0	-82.0	-10.0	55.0	3.0	26.0	-23.0	4.0	125.63
60	-8.0	-15.0	-5.0	41.0	9.0	-1.0	37.0	3.0	124.95
61	-2.0	75.0	119.0	-123.0	-36.0	-25.0	-91.0	-18.0	87.91
62	-19.0	-31.0	10.0	-6.0	-9.0	-34.0	-12.0	-10.0	100.86
63	17.0	-14.0	119.0	75.0	2.0	0.0	3.0	21.0	102.42
64	30.0	-26.0	7.0	2.0	5.0	-7.0	1.0	-25.0	90.68
65	113.0	37.0	-74.0	8.0	-1.0	33.0	-53.0	-21.0	95.97
66	-71.0	-27.0	-52.0	56.0	-11.0	-19.0	-4.0	-10.0	102.42
67	4.0	65.0	47.0	-25.0	-16.0	3.0	-1.0	4.0	91.12
68	46.0	41.0	60.0	-9.0	12.0	59.0	31.0	39.0	100.86
69	-75.0	40.0	82.0	-2.0	9.0	4.0	-3.0	-17.0	64.4
70	-22.0	73.0	35.0	44.0	27.0	-18.0	-72.0	27.0	95.97
71	1.0	31.0	-35.0	13.0	4.0	12.0	6.0	-8.0	80.51
72	-49.0	-95.0	25.0	-18.0	-3.0	18.0	106.0	12.0	59.46
73	-40.0	50.0	-21.0	88.0	1.0	1.0	17.0	-2.0	53.27
74	67.0	-26.0	3.0	-33.0	-10.0	6.0	-128.0	-9.0	55.13
75	-75.0	-38.0	-65.0	-60.0	-7.0	-14.0	20.0	19.0	50.84
76	-1.0	46.0	-50.0	5.0	1.0	10.0	15.0	-17.0	51.5
77	-34.0	-46.0	40.0	79.0	21.0	-1.0	54.0	-6.0	52.05
