0	-20.0	77.0	-8.0	-7.0	-14.0	-2.0	-60.0	-18.0	63.06
1	64.0	20.0	31.0	-59.0	29.0	-19.0	-84.0	-16.0	90.47
2	-42.0	24.0	-4.0	33.0	-8.0	-19.0	85.0	-19.0	66.95
3	-5.0	-59.0	-4.0	-124.0	-30.0	7.0	-49.0	4.0	63.06
4	-49.0	12.0	10.0	-40.0	7.0	8.0	-6.0	69.0	70.05
5	127.0	-15.0	61.0	-13.0	-33.0	-1.0	34.0	-9.0	74.03
6	127.0	18.0	-41.0	53.0	-4.0	69.0	-60.0	-10.0	86.92
7	-57.0	44.0	106.0	-49.0	-39.0	-35.0	-20.0	-54.0	61.07
8	-81.0	-88.0	38.0	25.0	12.0	-35.0	69.0	-10.0	61.07
9	-110.0	23.0	12.0	10.0	-4.0	26.0	6.0	56.0	64.3
10	26.0	-73.0	-83.0	24.0	12.0	-37.0	-8.0	-13.0	63.64
11	-9.0	1.0	-20.0	-16.0	-28.0	-8.0	83.0	-2.0	79.25
12	110.0	115.0	-41.0	-15.0	67.0	-10.0	-97.0	-60.0	85.09
13	4.0	-28.0	-27.0	118.0	-9.0	-27.0	118.0	-49.0	95.24
14	-12.0	16.0	5.0	-103.0	-2.0	-9.0	-18.0	77.0	107.52
15	-78.0	-33.0	-18.0	-18.0	-28.0	5.0	6.0	-48.0	103.23
16	16.0	-103.0	-53.0	73.0	-46.0	7.0	-89.0	-2.0	110.78
17	-51.0	-89.0	-70.0	81.0	-5.0	12.0	8.0	-41.0	112.72
18	-116.0	78.0	6.0	-128.0	-9.0	-4.0	-38.0	-31.0	108.42
19	66.0	-24.0	4.0	-35.0	6.0	-5.0	68.0	44.0	103.37
20	-1.0	60.0	2.0	-24.0	25.0	12.0	79.0	22.0	112.72
21	31.0	6.0	53.0	2.0	27.0	-50.0	-98.0	-2.0	115.3
22	-11.0	-34.0	61.0	-126.0	8.0	-39.0	-115.0	25.0	118.67
23	97.0	5.0	-40.0	84.0	7.0	-6.0	-85.0	94.0	124.55
24	25.0	56.0	82.0	14.0	2.0	-21.0	-19.0	-1.0	124.73
25	35.0	127.0	15.0	-30.0	32.0	-57.0	127.0	11.0	124.55
26	-115.0	-16.0	-10.0	-16.0	28.0	66.0	-18.0	-86.0	121.36
27	-27.0	-108.0	-11.0	-52.0	-5.0	-4.0	-52.0	27.0	121.3
28	-58.0	-93.0	-32.0	23.0	2.0	12.0	3.0	-16.0	123.15
29	-28.0	6.0	80.0	7.0	-38.0	-21.0	-59.0	-22.0	125.47
30	4.0	22.0	-12.0	11.0	11.0	10.0	-68.0	65.0	123.15
31	127.0	33.0	-7.0	10.0	15.0	-17.0	-11.0	60.0	117.53
32	-86.0	-11.0	-43.0	-30.0	-1.0	34.0	34.0	12.0	119.91
33	-45.0	26.0	4.0	-9.0	-12.0	6.0	67.0	-34.0	117.53
34	66.0	124.0	-83.0	-55.0	-16.0	-17.0	34.0	-11.0	115.85
35	-49.0	-53.0	-19.0	-34.0	-45.0	-49.0	19.0	-10.0	114.71
36	32.0	116.0	-41.0	-17.0	8.0	42.0	-9.0	-20.0	112.72
37	-116.0	-97.0	-45.0	-23.0	-21.0	-31.0	-18.0	-29.0	112.72
38	-90.0	43.0	59.0	-38.0	1.0	-8.0	-99.0	73.0	107.52
39	66.0	-36.0	-5.0	-51.0	35.0	13.0	7.0	24.0	101.34
40	-126.0	-1.0	0.0	117.0	-6.0	19.0	-103.0	20.0	99.84
41	88.0	39.0	21.0	-34.0	-28.0	-23.0	-42.0	-14.0	95.24
42	4.0	-77.0	-8.0	9.0	47.0	-31.0	63.0	-34.0	99.49
43	41.0	70.0	-128.0	-18.0	67.0	-2.0	-66.0	-26.0	78.78
44	3.0	82.0	-12.0	-72.0	-7.0	-8.0	-13.0	-10.0	69.68
45	-1.0	-18.0	35.0	22.0	-22.0	-7.0	-78.0	96.0	66.95
46	14.0	-56.0	8.0	10.0	-3.0	-36.0	2.0	25.0	94.04
47	57.0	-2.0	0.0	28.0	15.0	-36.0	12.0	-7.0	83.26
48	50.0	-89.0	38.0	19.0	-15.0	21.0	-100.0	73.0	83.26
49	-11.0	12.0	-15.0	-26.0	-16.0	8.0	45.0	-14.0	94.04
50	-25.0	56.0	-45.0	-20.0	-5.0	68.0	-33.0	-29.0	96.71
51	-76.0	-89.0	-41.0	4.0	-8.0	3.0	60.0	-67.0	90.05
52	127.0	5.0	-10.0	0.0	-17.0	41.0	13.0	28.0	74.03
53	127.0	43.0	107.0	-19.0	27.0	-40.0	-58.0	39.0	73.86
54	-51.0	-23.0	-119.0	-26.0	7.0	-25.0	37.0	-20.0	64.45
55	82.0	116.0	-26.0	-39.0	11.0	-49.0	-55.0	-20.0	58.48
56	-47.0	-4.0	-2.0	-9.0	4.0	20.0	-3.0	56.0	55.15
57	112.0	14.0	-14.0	59.0	24.0	-3.0	-68.0	19.0	50.92
58	-35.0	80.0	-26.0	-1.0	-46.0	-32.0	-44.0	80.0	47.07
59	-1.0	-128.0	45.0	40.0	-3.0	5.0	117.0	-23.0	49.28
60	97.0	-27.0	6.0	-70.0	-10.0	2.0	-15.0	21.0	53.36
61	127.0	-27.0	4.0	-21.0	8.0	-20.0	-73.0	24.0	53.98
62	42.0	63.0	-66.0	-36.0	-15.0	69.0	-7.0	19.0	56.84
63	-52.0	9.0	101.0	77.0	0.0	0.0	-21.0	9.0	58.77
64	21.0	2.0	-67.0	34.0	-23.0	-14.0	-2.0	30.0	50.92
65	44.0	-11.0	9.0	46.0	11.0	-16.0	5.0	-20.0	46.9
66	19.0	-2.0	-70.0	-44.0	-1.0	-8.0	-27.0	-61.0	47.07
67	42.0	-35.0	103.0	96.0	-8.0	13.0	22.0	2.0	52.38
68	31.0	42.0	-28.0	26.0	-17.0	-4.0	0.0	-5.0	47.6
69	9.0	-78.0	25.0	4.0	-22.0	8.0	59.0	-40.0	53.35
70	41.0	64.0	-2.0	-15.0	2.0	23.0	-66.0	-1.0	56.12
71	55.0	-16.0	-22.0	-32.0	-4.0	25.0	-36.0	-2.0	48.52
72	23.0	87.0	-7.0	-16.0	-30.0	7.0	-3.0	-13.0	46.87
73	-21.0	-89.0	-11.0	-49.0	-13.0	-26.0	-70.0	5.0	46.76
74	-29.0	6.0	20.0	73.0	-30.0	26.0	-10.0	-47.0	46.9
75	-54.0	-11.0	-1.0	53.0	-40.0	-17.0	-10.0	-28.0	47.32
76	43.0	97.0	-16.0	6.0	16.0	-16.0	53.0	7.0	50.36
77	-71.0	-128.0	64.0	-36.0	-4.0	-36.0	94.0	-82.0	52.38
78	64.0	-88.0	-109.0	-31.0	7.0	21.0	-41.0	-57.0	58.77
