0	-2.0	-29.0	-15.0	2.0	-3.0	-3.0	2.0	-11.0	127.13
1	45.0	35.0	2.0	19.0	8.0	-5.0	-14.0	2.0	130.12
2	2.0	-27.0	6.0	-1.0	-2.0	-5.0	0.0	-9.0	132.51
3	2.0	-21.0	8.0	2.0	-12.0	8.0	-15.0	17.0	132.98
4	31.0	-8.0	-21.0	1.0	-5.0	3.0	0.0	-8.0	132.81
5	18.0	-8.0	-15.0	-9.0	-2.0	1.0	-4.0	-2.0	132.51
6	-83.0	8.0	-14.0	-4.0	6.0	2.0	0.0	-17.0	132.92
7	-11.0	40.0	-8.0	-17.0	2.0	-4.0	8.0	-3.0	132.98
8	67.0	10.0	23.0	21.0	0.0	-8.0	8.0	14.0	130.97
9	4.0	-51.0	-50.0	35.0	-5.0	-4.0	0.0	24.0	132.39
10	5.0	-9.0	11.0	-22.0	7.0	6.0	-12.0	4.0	131.93
11	-16.0	4.0	25.0	12.0	-8.0	-5.0	-8.0	-17.0	130.45
12	38.0	-18.0	51.0	2.0	-8.0	-2.0	9.0	-14.0	130.12
13	39.0	-106.0	-13.0	-3.0	-11.0	0.0	3.0	-11.0	122.45
14	0.0	-5.0	21.0	2.0	-12.0	-4.0	-5.0	-33.0	119.6
15	-34.0	-6.0	29.0	-10.0	6.0	-2.0	11.0	15.0	128.95
16	19.0	25.0	-57.0	3.0	0.0	-13.0	-3.0	-9.0	128.95
17	68.0	-8.0	36.0	4.0	1.0	-3.0	17.0	8.0	127.27
18	17.0	79.0	16.0	2.0	17.0	-8.0	-12.0	18.0	89.37
19	0.0	-15.0	2.0	-12.0	-3.0	2.0	-4.0	-32.0	84.98
20	-23.0	32.0	-99.0	-3.0	5.0	1.0	7.0	-10.0	98.16
21	-12.0	25.0	41.0	-2.0	-2.0	-5.0	-12.0	-28.0	88.25
22	4.0	-3.0	-10.0	-25.0	-5.0	3.0	5.0	9.0	109.08
23	-30.0	13.0	-1.0	1.0	-13.0	-4.0	2.0	-6.0	113.45
24	40.0	-61.0	-5.0	17.0	-2.0	-5.0	-3.0	-9.0	122.96
25	9.0	0.0	-5.0	-9.0	-7.0	-4.0	-6.0	11.0	118.32
26	-10.0	16.0	9.0	-7.0	4.0	-6.0	-8.0	-3.0	119.6
27	47.0	-83.0	20.0	44.0	23.0	6.0	-1.0	5.0	124.53
28	-32.0	16.0	-2.0	1.0	-3.0	3.0	13.0	4.0	121.25
29	30.0	20.0	-73.0	0.0	-8.0	2.0	-3.0	-20.0	103.66
30	-26.0	5.0	11.0	-10.0	10.0	0.0	16.0	-11.0	102.28
31	-29.0	-2.0	-41.0	1.0	-2.0	-3.0	4.0	-3.0	92.03
32	48.0	-3.0	0.0	39.0	-25.0	0.0	-8.0	-2.0	84.98
33	-23.0	-42.0	25.0	0.0	10.0	8.0	-8.0	9.0	80.41
34	21.0	-23.0	-7.0	5.0	-5.0	-3.0	-8.0	-17.0	69.91
35	-5.0	-36.0	-5.0	-27.0	17.0	5.0	-6.0	15.0	67.57
36	7.0	59.0	-35.0	-2.0	-13.0	1.0	-2.0	-10.0	67.57
37	25.0	-38.0	41.0	16.0	-4.0	3.0	15.0	-2.0	62.55
38	-13.0	25.0	-10.0	-28.0	-3.0	0.0	-2.0	-3.0	60.79
39	11.0	9.0	20.0	-5.0	-11.0	0.0	0.0	-4.0	57.46
40	10.0	-41.0	77.0	19.0	0.0	0.0	2.0	-6.0	49.83
41	-26.0	-12.0	-14.0	-22.0	-1.0	2.0	8.0	1.0	44.99
42	-31.0	17.0	-4.0	-4.0	0.0	-4.0	8.0	-9.0	48.23
43	43.0	-23.0	-45.0	11.0	-6.0	-6.0	-4.0	1.0	49.5
44	-55.0	10.0	-13.0	-10.0	15.0	-7.0	-2.0	9.0	43.54
45	-30.0	10.0	8.0	-17.0	-2.0	-8.0	-8.0	6.0	48.23
46	-27.0	31.0	7.0	19.0	-10.0	-3.0	-4.0	24.0	45.3
47	-1.0	5.0	-18.0	41.0	-14.0	0.0	0.0	28.0	43.54
48	-30.0	70.0	114.0	-16.0	3.0	-2.0	-21.0	8.0	48.08
49	1.0	72.0	-7.0	0.0	7.0	13.0	-2.0	-11.0	49.56
50	68.0	6.0	5.0	-3.0	22.0	4.0	-2.0	-12.0	57.1
51	-32.0	-38.0	-8.0	-17.0	-4.0	5.0	-6.0	4.0	64.77
52	-83.0	107.0	6.0	3.0	0.0	2.0	6.0	-22.0	58.78
53	-34.0	31.0	1.0	-4.0	-12.0	0.0	3.0	-12.0	57.46
54	4.0	13.0	8.0	16.0	-8.0	-9.0	11.0	2.0	57.1
55	2.0	1.0	-7.0	-10.0	-3.0	-2.0	-5.0	15.0	62.55
56	1.0	52.0	8.0	-25.0	-11.0	0.0	-11.0	-14.0	67.63
57	4.0	24.0	26.0	-26.0	2.0	7.0	-8.0	-1.0	65.08
58	-16.0	-16.0	0.0	22.0	-16.0	-11.0	-8.0	1.0	54.49
59	-18.0	-6.0	-18.0	-20.0	-11.0	9.0	6.0	-3.0	51.8
60	-31.0	-41.0	-8.0	-1.0	24.0	-4.0	10.0	6.0	52.9
61	-4.0	-39.0	-3.0	6.0	-8.0	-14.0	-9.0	36.0	50.64
62	-35.0	-14.0	-9.0	3.0	2.0	5.0	3.0	-4.0	49.83
63	40.0	18.0	3.0	0.0	0.0	3.0	-13.0	-5.0	59.4
64	-12.0	85.0	-24.0	-5.0	18.0	2.0	-12.0	9.0	72.65
65	0.0	-34.0	-1.0	6.0	2.0	5.0	-2.0	-18.0	71.73
66	0.0	6.0	-8.0	-89.0	-11.0	2.0	-8.0	-34.0	75.92
67	-24.0	40.0	-3.0	7.0	6.0	-7.0	6.0	-18.0	69.75
68	34.0	-8.0	7.0	-39.0	11.0	-4.0	0.0	-12.0	69.75
69	-81.0	-16.0	-53.0	51.0	-16.0	-5.0	10.0	18.0	76.04
70	-7.0	-9.0	-27.0	-19.0	6.0	1.0	-16.0	12.0	80.41
71	-19.0	8.0	18.0	-17.0	-5.0	5.0	-5.0	-2.0	83.1
72	-50.0	25.0	6.0	-3.0	2.0	0.0	-1.0	2.0	86.47
73	34.0	12.0	-47.0	35.0	-2.0	4.0	-1.0	35.0	102.28
74	-16.0	38.0	2.0	8.0	10.0	10.0	-7.0	-8.0	109.36
75	-18.0	33.0	75.0	-51.0	3.0	-5.0	3.0	-1.0	124.53
76	-4.0	-86.0	-5.0	18.0	-2.0	-4.0	-2.0	-8.0	113.72
77	2.0	53.0	-9.0	-6.0	9.0	-4.0	13.0	1.0	113.45
78	-22.0	60.0	16.0	7.0	-5.0	-4.0	-4.0	2.0	116.98
