0	-60.0	-31.0	-12.0	35.0	19.0	-30.0	103.0	-64.0	72.83
1	-92.0	-128.0	-19.0	-12.0	-17.0	7.0	-40.0	-32.0	73.32
2	-7.0	27.0	19.0	-41.0	-2.0	-8.0	9.0	25.0	70.04
3	-94.0	-82.0	-122.0	12.0	3.0	-1.0	-4.0	-49.0	66.27
4	7.0	115.0	-11.0	14.0	-1.0	5.0	-12.0	-6.0	60.26
5	127.0	15.0	13.0	-69.0	-9.0	22.0	5.0	0.0	63.22
6	87.0	-28.0	-78.0	127.0	-2.0	13.0	-76.0	-11.0	66.27
7	-65.0	-128.0	-75.0	20.0	28.0	-18.0	66.0	5.0	61.59
8	1.0	55.0	37.0	-26.0	-10.0	-21.0	-20.0	-21.0	50.75
9	-49.0	127.0	33.0	-12.0	-11.0	-10.0	-26.0	-35.0	48.42
10	-51.0	39.0	-43.0	-52.0	13.0	-11.0	17.0	24.0	44.27
11	126.0	-11.0	-14.0	-2.0	18.0	-3.0	-128.0	-15.0	44.42
12	-13.0	84.0	30.0	-114.0	2.0	-4.0	-64.0	1.0	48.15
13	-80.0	-94.0	-51.0	60.0	-12.0	2.0	0.0	-14.0	46.78
14	127.0	-11.0	-65.0	9.0	-6.0	-15.0	52.0	15.0	49.64
15	-60.0	-13.0	1.0	-119.0	-15.0	3.0	54.0	2.0	44.7
16	68.0	-107.0	-15.0	23.0	11.0	9.0	34.0	-42.0	44.49
17	-104.0	40.0	52.0	-75.0	4.0	37.0	9.0	-22.0	43.11
18	-85.0	91.0	4.0	-5.0	0.0	33.0	-41.0	20.0	43.11
19	41.0	-44.0	-42.0	26.0	4.0	-2.0	15.0	-18.0	43.28
20	127.0	-9.0	46.0	-42.0	-3.0	13.0	-43.0	19.0	46.78
21	-128.0	-28.0	-19.0	45.0	6.0	-13.0	-13.0	-19.0	44.49
22	-40.0	32.0	127.0	-99.0	2.0	-10.0	-15.0	-9.0	49.64
23	4.0	80.0	-104.0	34.0	7.0	-18.0	80.0	-8.0	45.27
24	-42.0	-107.0	-114.0	-21.0	-27.0	47.0	-34.0	25.0	50.75
25	-14.0	-48.0	8.0	32.0	16.0	14.0	-40.0	43.0	54.22
26	-83.0	-18.0	10.0	-26.0	-10.0	-17.0	38.0	16.0	53.16
27	-55.0	127.0	-58.0	-17.0	4.0	2.0	-20.0	22.0	58.63
28	-58.0	-12.0	-5.0	24.0	-17.0	22.0	-7.0	38.0	56.52
29	17.0	-58.0	13.0	8.0	0.0	-16.0	6.0	-33.0	61.46
30	-62.0	1.0	30.0	48.0	0.0	8.0	41.0	9.0	61.46
31	22.0	-55.0	-37.0	46.0	16.0	14.0	42.0	-2.0	67.27
32	101.0	-18.0	52.0	-36.0	-10.0	-9.0	-28.0	-36.0	61.59
33	51.0	-128.0	-26.0	14.0	2.0	-63.0	-33.0	16.0	85.5
34	-85.0	-30.0	-14.0	46.0	1.0	17.0	11.0	12.0	82.84
35	31.0	-16.0	46.0	-88.0	-9.0	20.0	34.0	-16.0	97.7
36	44.0	127.0	8.0	31.0	-10.0	-10.0	-79.0	-16.0	92.01
37	79.0	72.0	-15.0	-56.0	-13.0	-54.0	-35.0	-28.0	97.7
38	-1.0	-102.0	31.0	8.0	-16.0	11.0	55.0	31.0	106.37
39	-55.0	-58.0	-66.0	23.0	-20.0	-6.0	-52.0	-11.0	112.84
40	-43.0	18.0	15.0	-45.0	-16.0	-9.0	17.0	46.0	116.24
41	-3.0	8.0	-106.0	20.0	-11.0	-13.0	-34.0	24.0	103.92
42	-26.0	98.0	37.0	-62.0	6.0	6.0	-89.0	12.0	92.01
43	-37.0	40.0	-22.0	17.0	21.0	11.0	5.0	54.0	95.56
44	-56.0	66.0	-71.0	-17.0	-17.0	10.0	-42.0	35.0	98.78
45	-4.0	27.0	15.0	20.0	-4.0	-18.0	-6.0	8.0	94.11
46	-6.0	-128.0	12.0	-29.0	-4.0	6.0	-34.0	-37.0	89.94
47	-46.0	11.0	2.0	-56.0	-24.0	-7.0	33.0	-2.0	88.29
48	-18.0	-8.0	-39.0	-24.0	-2.0	-29.0	41.0	-15.0	85.5
49	-112.0	-13.0	44.0	12.0	-12.0	8.0	0.0	5.0	92.95
50	-56.0	127.0	-118.0	2.0	-1.0	-32.0	-15.0	8.0	90.33
51	6.0	89.0	67.0	65.0	-31.0	47.0	12.0	31.0	102.18
52	-4.0	-79.0	13.0	-81.0	10.0	-19.0	6.0	-19.0	103.92
53	30.0	8.0	14.0	-65.0	-3.0	-26.0	-19.0	15.0	110.84
54	21.0	-106.0	14.0	23.0	-6.0	-14.0	62.0	-11.0	119.71
55	-120.0	-16.0	6.0	-15.0	2.0	19.0	79.0	-42.0	121.93
56	-52.0	96.0	-5.0	-3.0	-7.0	2.0	-61.0	-19.0	121.85
57	-88.0	7.0	5.0	-13.0	11.0	-6.0	16.0	-27.0	120.42
58	-86.0	-107.0	60.0	-8.0	11.0	-6.0	-51.0	16.0	117.12
59	-127.0	-39.0	-29.0	-15.0	1.0	-3.0	23.0	22.0	117.12
60	61.0	57.0	13.0	-22.0	16.0	-7.0	-16.0	18.0	110.84
61	127.0	-111.0	-17.0	27.0	2.0	-10.0	124.0	-56.0	121.93
62	-102.0	-18.0	5.0	46.0	5.0	-16.0	24.0	30.0	122.15
63	127.0	3.0	23.0	48.0	-5.0	-12.0	-33.0	9.0	121.57
64	71.0	-12.0	76.0	127.0	22.0	15.0	80.0	20.0	118.65
65	22.0	101.0	-33.0	-12.0	-8.0	-27.0	-26.0	-7.0	120.42
66	8.0	33.0	127.0	49.0	8.0	15.0	-114.0	5.0	121.5
67	127.0	75.0	12.0	-9.0	1.0	9.0	47.0	-53.0	106.26
68	-115.0	-31.0	-35.0	-32.0	-5.0	-15.0	97.0	-24.0	113.06
69	3.0	-77.0	-14.0	14.0	18.0	14.0	-119.0	33.0	84.99
70	30.0	-18.0	60.0	-3.0	-1.0	-5.0	-23.0	43.0	85.56
71	-2.0	-16.0	-10.0	46.0	-17.0	15.0	13.0	9.0	82.84
72	-51.0	-8.0	-109.0	53.0	10.0	14.0	-6.0	-36.0	77.57
73	127.0	2.0	-7.0	-32.0	-14.0	6.0	-25.0	-1.0	76.17
74	-74.0	127.0	17.0	-14.0	-14.0	-48.0	62.0	18.0	76.17
75	83.0	-68.0	35.0	38.0	5.0	9.0	-39.0	-40.0	77.57
76	116.0	-95.0	1.0	6.0	7.0	14.0	105.0	-43.0	79.35
77	-98.0	52.0	12.0	1.0	-20.0	-51.0	-38.0	-17.0	81.8
78	-25.0	-75.0	22.0	17.0	17.0	10.0	-51.0	30.0	73.08
