0	58.0	5.0	13.0	4.0	61.0	127.0	-93.0	53.0	161.75
1	-7.0	7.0	5.0	21.0	43.0	-83.0	-42.0	-128.0	157.32
2	41.0	7.0	-11.0	3.0	127.0	-56.0	-87.0	5.0	159.09
3	-31.0	-10.0	-1.0	-27.0	51.0	68.0	86.0	25.0	167.33
4	-25.0	-1.0	-17.0	-16.0	104.0	-116.0	98.0	-38.0	168.93
5	-89.0	2.0	21.0	71.0	-55.0	-118.0	14.0	37.0	167.33
6	35.0	17.0	-62.0	22.0	-21.0	69.0	11.0	10.0	165.62
7	5.0	-10.0	-68.0	-37.0	-23.0	60.0	-14.0	-44.0	171.61
8	3.0	15.0	-50.0	13.0	5.0	127.0	57.0	56.0	172.46
9	6.0	9.0	14.0	26.0	-79.0	47.0	69.0	83.0	174.43
10	-19.0	-58.0	-5.0	-25.0	10.0	118.0	56.0	67.0	174.74
11	28.0	-16.0	-97.0	-13.0	-33.0	35.0	-62.0	-53.0	174.83
12	-104.0	-25.0	-57.0	-71.0	-5.0	96.0	-40.0	53.0	173.33
13	74.0	17.0	39.0	11.0	26.0	-36.0	14.0	-109.0	176.0
14	127.0	11.0	53.0	-32.0	35.0	74.0	-85.0	0.0	174.88
15	11.0	4.0	31.0	32.0	10.0	-66.0	-25.0	-103.0	176.0
16	13.0	5.0	35.0	-25.0	47.0	127.0	25.0	-9.0	175.4
17	2.0	42.0	2.0	0.0	127.0	-128.0	52.0	-63.0	172.99
18	74.0	-3.0	7.0	-71.0	-77.0	-80.0	107.0	23.0	175.4
19	-84.0	11.0	23.0	-87.0	36.0	15.0	-32.0	-6.0	174.08
20	9.0	42.0	24.0	-70.0	-31.0	8.0	67.0	-41.0	174.83
21	-40.0	-30.0	-5.0	-3.0	-2.0	56.0	-52.0	72.0	171.61
22	-48.0	-23.0	-8.0	95.0	-128.0	118.0	-115.0	-79.0	172.46
23	-21.0	-6.0	4.0	16.0	99.0	39.0	-30.0	32.0	170.5
24	-11.0	6.0	-30.0	-91.0	-17.0	116.0	-13.0	-5.0	162.99
25	-12.0	6.0	-14.0	-27.0	127.0	-47.0	-22.0	-40.0	161.41
26	-16.0	-18.0	20.0	64.0	-34.0	12.0	127.0	-41.0	158.0
27	7.0	5.0	26.0	9.0	75.0	40.0	-30.0	-70.0	154.21
28	66.0	-17.0	-18.0	-75.0	76.0	92.0	31.0	63.0	154.0
29	18.0	14.0	11.0	-2.0	70.0	-17.0	3.0	-41.0	165.01
30	-13.0	23.0	62.0	-4.0	1.0	-89.0	3.0	30.0	161.75
31	-13.0	-9.0	25.0	6.0	28.0	-74.0	1.0	2.0	162.99
32	-8.0	-1.0	-22.0	-5.0	-18.0	125.0	-42.0	-40.0	157.32
33	7.0	-9.0	19.0	14.0	20.0	-106.0	-77.0	37.0	154.21
34	12.0	23.0	62.0	-89.0	-33.0	18.0	-78.0	7.0	154.0
35	-40.0	-28.0	-86.0	-22.0	61.0	127.0	17.0	-49.0	134.54
36	96.0	-34.0	3.0	-73.0	-14.0	-27.0	-39.0	-30.0	137.79
37	4.0	42.0	-30.0	14.0	21.0	-38.0	19.0	-38.0	148.24
38	11.0	9.0	-6.0	107.0	47.0	60.0	39.0	0.0	131.25
39	1.0	-8.0	11.0	-128.0	112.0	127.0	17.0	48.0	131.25
40	18.0	-4.0	-12.0	19.0	41.0	42.0	57.0	-28.0	132.41
41	37.0	-1.0	-3.0	26.0	28.0	60.0	-60.0	4.0	130.2
42	14.0	-20.0	-32.0	45.0	87.0	127.0	22.0	-1.0	122.14
43	-30.0	9.0	-38.0	-5.0	29.0	-61.0	-77.0	38.0	113.97
44	-49.0	-15.0	-57.0	25.0	36.0	-86.0	-58.0	-49.0	112.93
45	5.0	-35.0	15.0	-19.0	70.0	115.0	-96.0	-47.0	110.07
46	-12.0	-3.0	-26.0	-38.0	-35.0	-38.0	-3.0	-100.0	106.73
47	-4.0	-40.0	9.0	12.0	68.0	-62.0	18.0	-22.0	104.05
48	8.0	9.0	-15.0	22.0	50.0	-35.0	36.0	-16.0	102.03
49	90.0	0.0	-12.0	-57.0	58.0	85.0	-68.0	19.0	102.18
50	-24.0	13.0	-7.0	-24.0	-7.0	127.0	-1.0	-49.0	101.93
51	-22.0	2.0	-48.0	12.0	-26.0	55.0	11.0	-128.0	101.71
52	23.0	-30.0	-1.0	-31.0	39.0	11.0	44.0	7.0	101.71
53	-49.0	-4.0	-14.0	-11.0	-58.0	-106.0	27.0	-41.0	102.18
54	-34.0	3.0	2.0	-16.0	-36.0	9.0	57.0	-91.0	103.26
55	-12.0	11.0	-4.0	88.0	85.0	97.0	112.0	12.0	104.05
56	-14.0	-14.0	-73.0	8.0	86.0	20.0	68.0	-112.0	105.23
57	67.0	18.0	-11.0	27.0	-57.0	62.0	22.0	-40.0	105.23
58	90.0	36.0	59.0	16.0	26.0	-80.0	-3.0	-35.0	106.99
59	10.0	12.0	2.0	26.0	79.0	-32.0	32.0	20.0	110.07
60	32.0	-16.0	-86.0	-20.0	36.0	-62.0	6.0	78.0	124.66
61	-22.0	-22.0	9.0	-63.0	104.0	80.0	0.0	97.0	119.99
62	-7.0	-9.0	-56.0	-50.0	38.0	21.0	-94.0	-2.0	118.07
63	-26.0	-13.0	-15.0	-93.0	11.0	41.0	-19.0	-10.0	119.99
64	25.0	5.0	36.0	21.0	-21.0	119.0	8.0	-59.0	129.88
65	-42.0	2.0	9.0	-2.0	85.0	-18.0	22.0	-16.0	127.92
66	-15.0	-16.0	60.0	-27.0	25.0	49.0	22.0	89.0	127.92
67	-43.0	-14.0	60.0	-31.0	76.0	-87.0	98.0	2.0	127.38
68	-76.0	44.0	-14.0	10.0	-61.0	123.0	33.0	-43.0	115.89
69	2.0	0.0	-66.0	-3.0	-34.0	-85.0	28.0	-38.0	112.93
70	-12.0	-11.0	14.0	19.0	46.0	91.0	-43.0	-55.0	122.14
71	-20.0	5.0	-65.0	-91.0	37.0	-96.0	-128.0	72.0	128.46
72	31.0	-39.0	22.0	24.0	-85.0	79.0	26.0	63.0	130.2
73	-29.0	-7.0	-56.0	7.0	89.0	49.0	-43.0	-2.0	135.75
74	33.0	-38.0	-33.0	24.0	41.0	-128.0	-68.0	2.0	148.24
75	-24.0	8.0	28.0	-15.0	18.0	13.0	-43.0	-38.0	144.63
76	16.0	-21.0	-5.0	34.0	127.0	104.0	-19.0	-37.0	145.2
77	17.0	-11.0	60.0	127.0	-107.0	-128.0	-11.0	53.0	145.2
78	2.0	2.0	-33.0	-12.0	29.0	55.0	14.0	16.0	134.54
79	-61.0	-10.0	8.0	-34.0	-59.0	92.0	-42.0	-21.0	133.86
80	9.0	-9.0	9.0	11.0	-46.0	101.0	-50.0	-44.0	141.52
81	-35.0	-5.0	-4.0	25.0	21.0	-50.0	30.0	60.0	149.72
82	-14.0	-5.0	2.0	-1.0	-127.0	72.0	9.0	10.0	153.04
83	-22.0	-33.0	-38.0	44.0	-4.0	5.0	115.0	19.0	136.25
84	74.0	15.0	-51.0	19.0	-13.0	99.0	67.0	-109.0	144.63
85	4.0	-14.0	-19.0	-2.0	-18.0	127.0	-37.0	56.0	137.79
86	29.0	5.0	-58.0	27.0	-75.0	81.0	-17.0	-32.0	145.45
