0	-22.0	36.0	20.0	88.0	10.0	80.0	-42.0	53.0	136.25
1	-8.0	-1.0	28.0	11.0	35.0	47.0	6.0	-35.0	134.54
2	-24.0	0.0	9.0	-37.0	-18.0	-118.0	-77.0	-38.0	145.45
3	-22.0	-16.0	-14.0	-20.0	-107.0	15.0	-77.0	-28.0	148.24
4	-104.0	17.0	7.0	26.0	18.0	41.0	-40.0	-1.0	148.24
5	66.0	-38.0	-57.0	21.0	87.0	79.0	-42.0	-21.0	141.52
6	3.0	11.0	9.0	13.0	-18.0	119.0	-19.0	19.0	149.72
7	90.0	15.0	2.0	-27.0	26.0	-56.0	18.0	89.0	154.21
8	67.0	-58.0	4.0	19.0	89.0	8.0	22.0	-100.0	154.21
9	74.0	-11.0	8.0	11.0	85.0	60.0	30.0	-38.0	145.2
10	9.0	-1.0	-50.0	4.0	79.0	-74.0	0.0	-41.0	130.2
11	-40.0	5.0	-8.0	6.0	127.0	127.0	-39.0	23.0	131.25
12	-35.0	-30.0	-68.0	64.0	37.0	118.0	-60.0	72.0	131.25
13	-84.0	-10.0	11.0	107.0	21.0	49.0	-3.0	-47.0	129.88
14	-13.0	-13.0	60.0	24.0	-79.0	9.0	-19.0	20.0	130.2
15	14.0	8.0	60.0	14.0	-33.0	39.0	-17.0	-44.0	137.79
16	-30.0	5.0	-12.0	0.0	-59.0	-106.0	68.0	38.0	153.04
17	74.0	42.0	-4.0	-31.0	-57.0	-83.0	112.0	-30.0	144.63
18	-40.0	-5.0	31.0	-3.0	25.0	104.0	57.0	-41.0	144.63
19	-14.0	-16.0	-62.0	12.0	61.0	69.0	-94.0	-5.0	132.41
20	-42.0	4.0	-1.0	-2.0	-77.0	5.0	-68.0	-91.0	127.92
21	7.0	-40.0	-73.0	-57.0	127.0	-61.0	-37.0	2.0	124.66
22	11.0	-21.0	-86.0	9.0	70.0	62.0	32.0	-10.0	127.38
23	-12.0	-34.0	-15.0	-34.0	86.0	-128.0	67.0	-49.0	122.14
24	-4.0	-15.0	-86.0	-93.0	75.0	74.0	86.0	63.0	119.99
25	74.0	44.0	2.0	-15.0	99.0	-86.0	33.0	48.0	112.93
26	7.0	0.0	-30.0	-63.0	70.0	55.0	44.0	37.0	113.97
27	2.0	6.0	3.0	14.0	38.0	127.0	56.0	-32.0	112.93
28	2.0	2.0	35.0	-91.0	76.0	21.0	22.0	-40.0	101.93
29	2.0	-9.0	-22.0	-4.0	29.0	127.0	3.0	-112.0	104.05
30	-12.0	-3.0	-33.0	-24.0	28.0	-27.0	-14.0	-38.0	102.18
31	9.0	9.0	22.0	3.0	1.0	-62.0	11.0	-2.0	102.18
32	-43.0	-5.0	53.0	26.0	28.0	60.0	-128.0	-49.0	101.71
33	16.0	-30.0	2.0	8.0	85.0	-47.0	-62.0	-38.0	103.26
34	-19.0	3.0	-26.0	-87.0	-17.0	40.0	-30.0	-16.0	110.07
35	-21.0	11.0	-12.0	-16.0	41.0	-66.0	-52.0	-40.0	102.03
36	28.0	13.0	-11.0	45.0	47.0	127.0	22.0	2.0	118.07
37	-25.0	23.0	-38.0	-25.0	58.0	-18.0	17.0	19.0	105.23
38	13.0	2.0	-3.0	19.0	-61.0	42.0	-22.0	-16.0	105.23
39	18.0	-35.0	-15.0	-89.0	36.0	92.0	127.0	-6.0	106.99
40	-14.0	-7.0	13.0	25.0	10.0	115.0	26.0	78.0	101.71
41	-26.0	9.0	-32.0	-75.0	-14.0	127.0	11.0	-103.0	106.73
42	-31.0	-4.0	21.0	22.0	-7.0	-36.0	-96.0	25.0	104.05
43	29.0	-16.0	62.0	-19.0	5.0	101.0	-87.0	-37.0	110.07
44	-15.0	-22.0	60.0	-70.0	39.0	-50.0	-93.0	5.0	119.99
45	35.0	-1.0	-18.0	-1.0	43.0	11.0	1.0	56.0	115.89
46	5.0	7.0	-17.0	7.0	127.0	-128.0	-32.0	56.0	122.14
47	-34.0	-33.0	-19.0	127.0	-34.0	-80.0	-43.0	-41.0	127.92
48	12.0	5.0	2.0	95.0	-33.0	91.0	27.0	-128.0	128.46
49	-7.0	-11.0	59.0	-22.0	-128.0	123.0	-78.0	-43.0	134.54
50	6.0	-10.0	14.0	-50.0	104.0	-89.0	39.0	-2.0	133.86
51	-12.0	-10.0	-5.0	34.0	-46.0	127.0	-1.0	-44.0	135.75
52	4.0	-6.0	-4.0	-25.0	21.0	72.0	98.0	-9.0	154.0
53	17.0	9.0	62.0	-73.0	26.0	55.0	67.0	-63.0	157.32
54	32.0	5.0	-30.0	-2.0	76.0	92.0	28.0	-22.0	158.0
55	-76.0	-9.0	-1.0	26.0	-4.0	85.0	14.0	7.0	154.0
56	-13.0	-39.0	23.0	-128.0	29.0	-87.0	-58.0	10.0	161.75
57	1.0	-9.0	26.0	32.0	20.0	116.0	22.0	-109.0	165.62
58	4.0	-14.0	9.0	21.0	51.0	68.0	25.0	37.0	162.99
59	-61.0	-28.0	-38.0	22.0	-55.0	97.0	-42.0	-109.0	167.33
60	8.0	7.0	-51.0	-31.0	50.0	-128.0	-43.0	53.0	171.61
61	-20.0	-3.0	-56.0	-13.0	36.0	-85.0	36.0	-41.0	168.93
62	-49.0	12.0	-6.0	-12.0	-127.0	-35.0	-11.0	0.0	167.33
63	-22.0	15.0	9.0	-3.0	-75.0	20.0	57.0	4.0	161.75
64	-48.0	-14.0	36.0	24.0	-2.0	49.0	3.0	72.0	159.09
65	5.0	-23.0	-14.0	16.0	-34.0	127.0	57.0	67.0	165.01
66	58.0	42.0	-56.0	-5.0	11.0	-96.0	115.0	16.0	161.41
67	23.0	-4.0	-65.0	10.0	68.0	127.0	-30.0	-59.0	171.61
68	-16.0	-9.0	39.0	16.0	-58.0	-38.0	-13.0	10.0	172.46
69	-7.0	5.0	-5.0	25.0	127.0	-62.0	-68.0	60.0	174.74
70	127.0	-8.0	-97.0	-38.0	-26.0	96.0	14.0	12.0	174.83
71	10.0	2.0	15.0	-71.0	-21.0	35.0	-115.0	7.0	174.08
72	31.0	-17.0	-58.0	12.0	46.0	-116.0	17.0	-53.0	172.99
73	-11.0	14.0	-14.0	-11.0	-5.0	-80.0	19.0	-70.0	173.33
74	96.0	9.0	11.0	27.0	-85.0	118.0	69.0	63.0	174.43
75	-89.0	5.0	-66.0	27.0	-35.0	-32.0	-3.0	30.0	175.4
76	-49.0	-14.0	24.0	-27.0	-13.0	-106.0	-43.0	83.0	176.0
77	90.0	6.0	5.0	-71.0	36.0	18.0	52.0	97.0	176.0
78	-24.0	-25.0	-7.0	-27.0	-21.0	99.0	-25.0	-40.0	175.4
79	18.0	17.0	-33.0	71.0	-36.0	12.0	-50.0	0.0	174.83
80	-29.0	11.0	14.0	-2.0	41.0	13.0	9.0	32.0	174.88
81	37.0	-20.0	-5.0	-5.0	-23.0	81.0	-85.0	-55.0	172.46
82	-12.0	23.0	-11.0	-91.0	104.0	125.0	107.0	53.0	170.5
83	33.0	2.0	-57.0	44.0	47.0	-38.0	98.0	2.0	162.99
84	41.0	18.0	25.0	19.0	112.0	60.0	8.0	-128.0	157.32
85	25.0	-18.0	19.0	-32.0	-31.0	56.0	14.0	-49.0	145.2
86	11.0	42.0	-48.0	-16.0	61.0	-17.0	31.0	-79.0	137.79
