0	41.0	-16.0	-39.0	16.0	95.0	-98.0	63.0	50.0	124.83
1	8.0	-102.0	22.0	0.0	-62.0	-74.0	115.0	-55.0	98.21
2	-12.0	9.0	10.0	64.0	103.0	-128.0	73.0	-115.0	111.33
3	-26.0	55.0	9.0	-45.0	12.0	-99.0	-88.0	-84.0	97.86
4	-18.0	9.0	-12.0	4.0	-50.0	-39.0	64.0	-31.0	115.36
5	-74.0	1.0	-11.0	-20.0	42.0	53.0	1.0	72.0	99.1
6	46.0	24.0	53.0	-12.0	-79.0	118.0	-26.0	-79.0	110.29
7	-81.0	-36.0	-82.0	-13.0	20.0	12.0	0.0	-59.0	97.42
8	-6.0	3.0	-5.0	-92.0	43.0	127.0	-64.0	15.0	100.31
9	-19.0	-61.0	26.0	11.0	51.0	97.0	-16.0	0.0	124.83
10	15.0	-92.0	-20.0	-10.0	-26.0	127.0	64.0	-33.0	138.98
11	76.0	-11.0	4.0	-10.0	-57.0	-122.0	-52.0	38.0	133.74
12	13.0	6.0	14.0	33.0	-97.0	108.0	38.0	105.0	143.64
13	-5.0	14.0	-6.0	1.0	112.0	127.0	-117.0	-59.0	139.22
14	-67.0	-44.0	15.0	46.0	-79.0	74.0	-51.0	35.0	143.64
15	-30.0	-42.0	76.0	-1.0	-128.0	-73.0	14.0	39.0	150.96
16	38.0	35.0	24.0	-40.0	-53.0	-72.0	-12.0	-18.0	139.98
17	-8.0	-8.0	3.0	-12.0	20.0	115.0	73.0	15.0	155.34
18	-4.0	0.0	-31.0	-13.0	-51.0	127.0	-56.0	-65.0	151.87
19	-33.0	19.0	-16.0	-55.0	-128.0	-39.0	-16.0	23.0	164.36
20	-15.0	117.0	-58.0	-56.0	48.0	127.0	46.0	-20.0	153.79
21	50.0	-23.0	-8.0	-24.0	15.0	-10.0	-80.0	-46.0	155.0
22	-116.0	-57.0	24.0	50.0	2.0	-83.0	80.0	23.0	155.34
23	3.0	-82.0	-41.0	35.0	-108.0	88.0	-10.0	-1.0	158.61
24	41.0	33.0	29.0	74.0	86.0	107.0	33.0	-10.0	163.35
25	-36.0	-10.0	-21.0	-21.0	-5.0	-96.0	-119.0	-1.0	158.55
26	127.0	-45.0	-58.0	-16.0	-62.0	6.0	-71.0	38.0	166.58
27	34.0	76.0	9.0	18.0	71.0	124.0	17.0	54.0	164.36
28	48.0	-30.0	66.0	-1.0	-34.0	117.0	39.0	38.0	161.56
29	-13.0	-8.0	-50.0	-63.0	-22.0	78.0	108.0	-31.0	164.73
30	-88.0	-19.0	6.0	-68.0	-67.0	-10.0	68.0	75.0	161.12
31	-45.0	-14.0	-47.0	1.0	-32.0	-57.0	7.0	127.0	166.69
32	-117.0	76.0	23.0	113.0	-6.0	-5.0	33.0	-19.0	164.73
33	-36.0	1.0	-1.0	-18.0	-34.0	-99.0	-26.0	-81.0	167.4
34	44.0	-32.0	-36.0	33.0	123.0	127.0	44.0	-10.0	167.59
35	-45.0	117.0	-4.0	48.0	127.0	90.0	-31.0	-2.0	167.73
36	-28.0	-52.0	-12.0	-16.0	-34.0	20.0	-28.0	8.0	168.16
37	54.0	-1.0	-3.0	-22.0	-8.0	67.0	127.0	56.0	167.75
38	80.0	63.0	-64.0	49.0	43.0	-62.0	-10.0	-83.0	167.73
39	-11.0	27.0	-10.0	73.0	51.0	-93.0	85.0	-16.0	167.75
40	-37.0	47.0	-6.0	-128.0	-54.0	90.0	127.0	-52.0	168.16
41	-13.0	-108.0	12.0	33.0	-23.0	-36.0	-35.0	35.0	168.45
42	-25.0	71.0	106.0	-88.0	127.0	-26.0	-35.0	110.0	168.16
43	-11.0	10.0	59.0	37.0	-55.0	-77.0	-22.0	1.0	168.06
44	-72.0	-77.0	-44.0	-34.0	112.0	-59.0	-9.0	-11.0	168.16
45	66.0	2.0	-3.0	-17.0	127.0	37.0	26.0	4.0	167.85
46	58.0	45.0	-5.0	30.0	127.0	-128.0	16.0	-112.0	167.4
47	78.0	-4.0	69.0	-13.0	-10.0	24.0	113.0	18.0	165.81
48	18.0	12.0	-49.0	16.0	-46.0	-91.0	6.0	106.0	161.12
49	-17.0	38.0	1.0	4.0	17.0	8.0	-88.0	-88.0	150.96
50	60.0	-30.0	16.0	-62.0	-61.0	127.0	-25.0	52.0	155.0
51	-33.0	21.0	-36.0	-41.0	-75.0	-88.0	-28.0	28.0	152.73
52	-65.0	21.0	-20.0	-65.0	127.0	-40.0	103.0	-23.0	145.89
53	26.0	114.0	-31.0	78.0	43.0	41.0	-29.0	66.0	139.22
54	-18.0	-13.0	88.0	12.0	3.0	-89.0	-30.0	-5.0	142.88
55	62.0	-8.0	7.0	-39.0	-83.0	76.0	-20.0	38.0	151.87
56	-109.0	-74.0	22.0	30.0	127.0	80.0	16.0	-26.0	146.56
57	-18.0	3.0	-18.0	-49.0	19.0	90.0	-65.0	-89.0	140.65
58	44.0	-88.0	-41.0	-48.0	-128.0	67.0	-71.0	127.0	139.07
59	7.0	34.0	-11.0	22.0	91.0	-109.0	81.0	12.0	139.07
60	59.0	20.0	-1.0	1.0	-37.0	40.0	5.0	-90.0	138.98
61	-12.0	-9.0	-9.0	38.0	-39.0	85.0	-25.0	2.0	135.03
62	-6.0	-29.0	-12.0	-50.0	127.0	50.0	127.0	48.0	105.47
63	76.0	105.0	27.0	-22.0	28.0	-16.0	99.0	-11.0	115.36
64	-92.0	-12.0	1.0	-20.0	64.0	-26.0	77.0	-15.0	111.33
65	-53.0	-18.0	-30.0	100.0	-58.0	-28.0	-50.0	55.0	101.79
66	63.0	57.0	5.0	39.0	62.0	-57.0	-128.0	-65.0	119.98
67	127.0	-3.0	-19.0	-112.0	50.0	-106.0	-128.0	-67.0	105.47
68	-74.0	-92.0	3.0	-5.0	105.0	79.0	-32.0	-16.0	122.1
69	-3.0	-61.0	-8.0	88.0	112.0	101.0	115.0	-11.0	129.17
70	11.0	-68.0	13.0	13.0	91.0	37.0	-28.0	-128.0	128.54
71	29.0	-60.0	-5.0	-24.0	-73.0	32.0	-46.0	53.0	132.58
72	-44.0	-64.0	-56.0	-59.0	114.0	85.0	-128.0	77.0	132.58
73	39.0	6.0	-41.0	-11.0	-92.0	85.0	94.0	23.0	135.94
74	13.0	53.0	6.0	9.0	-121.0	-121.0	-30.0	-37.0	137.44
75	3.0	4.0	-44.0	44.0	1.0	68.0	-4.0	-1.0	124.67
76	-16.0	-88.0	-50.0	-55.0	12.0	4.0	-13.0	25.0	133.74
77	-117.0	88.0	106.0	13.0	-50.0	37.0	10.0	4.0	137.44
78	21.0	-11.0	10.0	50.0	-30.0	111.0	-39.0	-58.0	131.47
79	-88.0	-9.0	-6.0	-26.0	103.0	127.0	41.0	20.0	135.47
80	-21.0	-59.0	-14.0	-76.0	81.0	68.0	15.0	-2.0	115.06
81	53.0	6.0	-27.0	-13.0	-54.0	-109.0	7.0	-45.0	100.31
82	37.0	28.0	-7.0	12.0	127.0	127.0	19.0	8.0	98.21
83	-11.0	-44.0	-8.0	2.0	56.0	68.0	37.0	-39.0	97.42
84	-27.0	5.0	-85.0	84.0	-29.0	34.0	85.0	81.0	97.55
85	8.0	-2.0	-16.0	-19.0	2.0	65.0	-48.0	-9.0	101.51
86	77.0	-34.0	-60.0	30.0	4.0	4.0	16.0	89.0	124.67
