0	17.0	-13.0	-20.0	7.0	-22.0	-76.0	28.0	-33.0	132.87
1	18.0	3.0	9.0	-64.0	74.0	11.0	-15.0	40.0	132.8
2	12.0	-1.0	-14.0	-97.0	122.0	-44.0	86.0	13.0	132.44
3	21.0	5.0	-24.0	-34.0	-62.0	-9.0	-26.0	-71.0	119.82
4	-60.0	-9.0	15.0	83.0	57.0	105.0	32.0	-66.0	126.57
5	8.0	10.0	11.0	36.0	-111.0	-9.0	-39.0	3.0	118.28
6	-49.0	17.0	24.0	-14.0	93.0	15.0	25.0	-11.0	132.87
7	5.0	-12.0	4.0	-11.0	56.0	69.0	-108.0	110.0	146.15
8	-10.0	64.0	19.0	-33.0	127.0	65.0	71.0	47.0	155.36
9	-12.0	-14.0	-5.0	56.0	-77.0	77.0	60.0	-34.0	168.04
10	-31.0	-9.0	8.0	-18.0	127.0	-91.0	-43.0	-17.0	149.39
11	-66.0	-11.0	-4.0	16.0	-90.0	-36.0	-81.0	23.0	151.31
12	34.0	31.0	-49.0	77.0	-2.0	21.0	-29.0	127.0	147.24
13	-4.0	20.0	7.0	-79.0	-28.0	104.0	2.0	43.0	153.75
14	67.0	-20.0	3.0	-13.0	54.0	19.0	5.0	-113.0	164.91
15	-13.0	-10.0	44.0	-7.0	122.0	-26.0	-75.0	17.0	172.87
16	48.0	-12.0	-20.0	-25.0	117.0	-46.0	-7.0	-9.0	174.71
17	-11.0	49.0	-16.0	-29.0	74.0	-5.0	-90.0	22.0	174.71
18	12.0	-68.0	-5.0	-82.0	-14.0	-94.0	-14.0	30.0	175.4
19	-18.0	16.0	17.0	14.0	-9.0	90.0	13.0	-20.0	179.73
20	7.0	34.0	-14.0	-38.0	-82.0	109.0	73.0	-93.0	177.83
21	-11.0	-30.0	75.0	73.0	-24.0	6.0	36.0	-23.0	176.19
22	-8.0	-24.0	-34.0	3.0	-79.0	-8.0	-13.0	-20.0	174.41
23	-36.0	-36.0	1.0	7.0	37.0	-38.0	-50.0	-21.0	170.23
24	3.0	-1.0	13.0	15.0	2.0	-69.0	-48.0	-46.0	176.27
25	-19.0	-9.0	-55.0	47.0	-98.0	-37.0	75.0	-20.0	176.27
26	27.0	-24.0	50.0	127.0	69.0	22.0	34.0	-38.0	175.61
27	-44.0	-5.0	-7.0	-29.0	127.0	65.0	-9.0	121.0	174.54
28	-67.0	-1.0	19.0	-19.0	-18.0	39.0	-16.0	63.0	176.19
29	-3.0	23.0	7.0	11.0	-8.0	-73.0	46.0	14.0	174.27
30	36.0	-13.0	12.0	5.0	-45.0	-127.0	-14.0	13.0	167.34
31	34.0	20.0	-2.0	3.0	-2.0	-59.0	-46.0	-20.0	170.23
32	-12.0	-13.0	-18.0	124.0	-55.0	105.0	4.0	-6.0	175.61
33	17.0	9.0	-16.0	-34.0	107.0	-94.0	6.0	-32.0	177.83
34	-33.0	2.0	-5.0	-38.0	-46.0	124.0	-38.0	55.0	174.08
35	23.0	-28.0	-18.0	-48.0	-128.0	-72.0	-19.0	-64.0	151.31
36	-55.0	16.0	-28.0	-15.0	-127.0	23.0	-128.0	70.0	166.5
37	-11.0	19.0	14.0	-9.0	2.0	-14.0	-7.0	55.0	161.85
38	82.0	-4.0	-14.0	1.0	126.0	18.0	28.0	-20.0	153.75
39	15.0	-33.0	1.0	10.0	25.0	75.0	-21.0	0.0	164.91
40	-27.0	21.0	7.0	-67.0	9.0	-39.0	-97.0	62.0	147.24
41	30.0	23.0	-28.0	-100.0	-43.0	-81.0	61.0	25.0	166.5
42	13.0	-4.0	22.0	-13.0	-105.0	-122.0	29.0	65.0	169.41
43	-47.0	-12.0	15.0	101.0	127.0	42.0	-9.0	83.0	168.04
44	10.0	-14.0	-19.0	-32.0	127.0	127.0	72.0	50.0	164.0
45	-30.0	-19.0	-15.0	-18.0	-23.0	18.0	46.0	-108.0	152.56
46	12.0	-23.0	11.0	-49.0	49.0	23.0	-13.0	-14.0	161.85
47	15.0	9.0	-23.0	13.0	-94.0	-49.0	34.0	-68.0	158.57
48	-49.0	11.0	35.0	78.0	33.0	9.0	123.0	-26.0	162.82
49	23.0	81.0	-12.0	101.0	52.0	46.0	-18.0	-90.0	155.33
50	35.0	-30.0	-9.0	-49.0	112.0	122.0	24.0	-118.0	160.52
51	-11.0	-16.0	-25.0	115.0	62.0	47.0	32.0	-12.0	145.69
52	36.0	-20.0	-13.0	8.0	-122.0	104.0	-35.0	58.0	142.25
53	50.0	31.0	-15.0	25.0	-67.0	-25.0	-38.0	-6.0	135.87
54	-5.0	34.0	30.0	1.0	-100.0	86.0	-82.0	-40.0	145.26
55	10.0	0.0	28.0	61.0	-103.0	-56.0	38.0	62.0	141.0
56	9.0	26.0	-19.0	-38.0	-100.0	80.0	-50.0	-8.0	141.0
57	19.0	-3.0	-23.0	63.0	21.0	15.0	105.0	-16.0	149.01
58	26.0	-49.0	-12.0	2.0	-95.0	-36.0	-128.0	24.0	152.42
59	-83.0	-43.0	49.0	-62.0	40.0	-64.0	15.0	70.0	160.52
60	-26.0	-23.0	-5.0	8.0	-18.0	-109.0	-33.0	18.0	146.15
61	67.0	16.0	20.0	-35.0	-5.0	105.0	-49.0	-4.0	158.09
62	-44.0	-29.0	25.0	51.0	-52.0	20.0	-95.0	-113.0	174.2
63	-30.0	-30.0	-5.0	80.0	35.0	40.0	-25.0	0.0	155.33
64	38.0	-8.0	-15.0	-85.0	84.0	-72.0	-18.0	-26.0	138.59
65	46.0	14.0	-7.0	-23.0	-8.0	96.0	-15.0	-7.0	134.25
66	14.0	34.0	-20.0	-17.0	81.0	-103.0	-14.0	30.0	130.18
67	-22.0	32.0	42.0	-25.0	-3.0	9.0	25.0	-42.0	135.87
68	-17.0	28.0	-19.0	24.0	4.0	37.0	54.0	-47.0	121.82
69	-36.0	-34.0	-21.0	-6.0	-22.0	127.0	-50.0	13.0	131.76
70	8.0	-32.0	9.0	-34.0	49.0	23.0	80.0	127.0	126.57
71	24.0	5.0	-16.0	-42.0	69.0	59.0	19.0	18.0	106.93
72	28.0	3.0	12.0	-27.0	-84.0	-14.0	48.0	-19.0	106.93
73	25.0	31.0	-29.0	17.0	91.0	63.0	8.0	64.0	84.83
74	-70.0	13.0	1.0	31.0	127.0	-87.0	-19.0	-45.0	82.9
75	60.0	-24.0	9.0	-107.0	-42.0	4.0	-56.0	41.0	82.78
76	-31.0	3.0	-11.0	46.0	33.0	111.0	79.0	-19.0	84.19
77	-5.0	24.0	-7.0	11.0	-3.0	127.0	118.0	-26.0	83.62
78	12.0	-7.0	16.0	51.0	41.0	38.0	-4.0	76.0	84.19
79	-15.0	-1.0	9.0	32.0	127.0	127.0	-21.0	35.0	82.9
80	-12.0	-14.0	18.0	-8.0	-81.0	-24.0	-55.0	-111.0	103.85
81	-33.0	-34.0	7.0	-72.0	-9.0	-66.0	20.0	-19.0	123.76
82	50.0	11.0	11.0	-7.0	-39.0	-36.0	-61.0	-9.0	121.82
83	-11.0	-4.0	-38.0	-64.0	9.0	53.0	36.0	-65.0	137.25
84	-26.0	-15.0	23.0	-23.0	-68.0	70.0	3.0	-50.0	132.44
85	-29.0	-15.0	3.0	127.0	12.0	-118.0	30.0	21.0	118.28
