0	-97.0	-19.0	27.0	-1.0	-101.0	25.0	24.0	-17.0	166.7
1	0.0	-97.0	9.0	-25.0	53.0	-40.0	65.0	37.0	166.39
2	21.0	-4.0	-20.0	-4.0	-103.0	-10.0	127.0	77.0	162.53
3	-5.0	-1.0	-20.0	18.0	5.0	120.0	69.0	47.0	158.71
4	4.0	-3.0	-12.0	-109.0	-6.0	127.0	122.0	-17.0	151.91
5	41.0	18.0	-18.0	-23.0	-39.0	-108.0	75.0	-116.0	148.98
6	49.0	5.0	-10.0	19.0	-33.0	127.0	-128.0	-110.0	158.71
7	-6.0	41.0	73.0	-32.0	127.0	-65.0	-25.0	-103.0	153.07
8	29.0	14.0	-16.0	9.0	-1.0	-54.0	86.0	88.0	151.07
9	-108.0	0.0	13.0	24.0	127.0	80.0	75.0	89.0	141.59
10	27.0	33.0	4.0	56.0	58.0	89.0	-72.0	-4.0	132.64
11	26.0	33.0	4.0	-4.0	-29.0	93.0	-44.0	47.0	125.88
12	-111.0	-4.0	0.0	127.0	-29.0	-7.0	85.0	-10.0	112.91
13	-6.0	6.0	-15.0	40.0	127.0	127.0	-58.0	-35.0	138.09
14	-87.0	-40.0	-9.0	81.0	89.0	127.0	-44.0	-20.0	117.53
15	-23.0	15.0	14.0	-4.0	127.0	14.0	-103.0	-33.0	117.53
16	-46.0	-3.0	89.0	3.0	-15.0	-3.0	-19.0	0.0	99.85
17	0.0	-6.0	-49.0	-29.0	-1.0	48.0	-59.0	-20.0	94.26
18	57.0	15.0	-24.0	-2.0	-128.0	-93.0	54.0	29.0	100.27
19	127.0	12.0	-64.0	24.0	51.0	72.0	-32.0	-109.0	99.62
20	74.0	12.0	-5.0	-25.0	99.0	122.0	59.0	0.0	96.92
21	47.0	32.0	9.0	-11.0	11.0	109.0	-17.0	-4.0	93.63
22	68.0	97.0	-12.0	28.0	118.0	-7.0	107.0	27.0	93.63
23	-4.0	21.0	-2.0	-10.0	-17.0	-128.0	-57.0	66.0	98.22
24	18.0	-15.0	18.0	-3.0	25.0	13.0	-55.0	93.0	93.21
25	-39.0	-62.0	-24.0	55.0	-33.0	75.0	-34.0	44.0	98.22
26	-2.0	-70.0	39.0	86.0	104.0	-77.0	21.0	127.0	99.85
27	-2.0	29.0	82.0	40.0	75.0	116.0	29.0	-1.0	100.63
28	13.0	-16.0	82.0	118.0	-68.0	-47.0	67.0	22.0	112.62
29	-6.0	-3.0	18.0	-59.0	127.0	3.0	-63.0	-109.0	101.05
30	127.0	-14.0	-33.0	9.0	-5.0	92.0	119.0	24.0	118.56
31	47.0	-14.0	-28.0	2.0	-91.0	127.0	-50.0	-27.0	120.33
32	-2.0	6.0	4.0	-6.0	0.0	87.0	-80.0	88.0	141.59
33	-7.0	30.0	-8.0	83.0	24.0	100.0	31.0	-27.0	126.03
34	2.0	7.0	3.0	-1.0	-16.0	127.0	-30.0	-13.0	124.42
35	-6.0	42.0	7.0	3.0	1.0	-79.0	85.0	29.0	129.03
36	0.0	-1.0	-18.0	-42.0	127.0	116.0	20.0	-28.0	127.74
37	9.0	-25.0	-2.0	24.0	0.0	14.0	64.0	-32.0	100.63
38	80.0	-97.0	13.0	-12.0	94.0	-55.0	-114.0	88.0	112.62
39	-10.0	-9.0	5.0	5.0	66.0	-32.0	-100.0	13.0	122.1
40	-14.0	-39.0	4.0	-37.0	49.0	28.0	24.0	-11.0	132.64
41	61.0	-35.0	14.0	-37.0	59.0	127.0	88.0	-53.0	139.95
42	15.0	-1.0	-9.0	-10.0	53.0	-54.0	0.0	-15.0	148.98
43	-7.0	0.0	3.0	13.0	-35.0	-48.0	2.0	81.0	126.03
44	18.0	14.0	117.0	3.0	-15.0	61.0	78.0	32.0	122.1
45	2.0	-8.0	-10.0	-2.0	23.0	-16.0	32.0	21.0	141.34
46	-1.0	-28.0	11.0	-11.0	11.0	-26.0	-88.0	-35.0	128.95
47	-35.0	127.0	-11.0	-7.0	5.0	-75.0	6.0	-127.0	150.73
48	-87.0	6.0	6.0	-31.0	118.0	92.0	69.0	-50.0	146.9
49	8.0	14.0	13.0	127.0	127.0	-13.0	-25.0	-1.0	144.21
50	34.0	5.0	-23.0	-52.0	13.0	127.0	127.0	-27.0	136.93
51	0.0	-3.0	-8.0	46.0	5.0	-128.0	43.0	-15.0	143.91
52	8.0	27.0	0.0	-29.0	7.0	-2.0	63.0	105.0	150.73
53	-120.0	7.0	24.0	19.0	-22.0	60.0	-120.0	0.0	156.01
54	-39.0	18.0	25.0	-3.0	14.0	127.0	50.0	30.0	154.26
55	62.0	82.0	-15.0	71.0	-40.0	25.0	-30.0	24.0	156.12
56	27.0	6.0	6.0	68.0	-116.0	6.0	-52.0	-37.0	154.26
57	-23.0	-14.0	-1.0	-9.0	-63.0	-48.0	-19.0	-33.0	159.01
58	86.0	-54.0	14.0	-10.0	-103.0	-14.0	86.0	102.0	166.19
59	21.0	6.0	-71.0	-29.0	-62.0	126.0	-59.0	-13.0	166.43
60	27.0	0.0	-38.0	-99.0	-34.0	80.0	-46.0	58.0	165.23
61	127.0	108.0	-41.0	12.0	96.0	-117.0	-46.0	-27.0	167.03
62	-108.0	-1.0	-16.0	31.0	-10.0	87.0	69.0	-112.0	164.11
63	17.0	0.0	-64.0	-4.0	-16.0	-75.0	-11.0	46.0	167.06
64	15.0	101.0	-28.0	-19.0	94.0	-10.0	58.0	32.0	167.5
65	15.0	37.0	25.0	102.0	-97.0	-118.0	-25.0	32.0	167.5
66	34.0	82.0	127.0	77.0	-29.0	127.0	-52.0	58.0	167.49
67	36.0	-23.0	21.0	127.0	66.0	-111.0	127.0	30.0	167.03
68	-27.0	-69.0	22.0	-12.0	31.0	127.0	-50.0	-77.0	163.79
69	74.0	-62.0	-18.0	12.0	89.0	25.0	119.0	50.0	166.19
70	15.0	-75.0	14.0	-37.0	109.0	-13.0	20.0	32.0	164.86
71	-7.0	-56.0	-5.0	-7.0	13.0	-14.0	-63.0	-40.0	162.62
72	97.0	-21.0	-26.0	3.0	-23.0	127.0	9.0	-10.0	163.66
73	84.0	-9.0	0.0	-32.0	121.0	13.0	-96.0	-43.0	164.86
74	127.0	82.0	-8.0	10.0	35.0	-111.0	10.0	24.0	163.89
75	-11.0	80.0	-21.0	-78.0	127.0	56.0	82.0	44.0	159.01
76	-6.0	32.0	116.0	2.0	71.0	-112.0	-68.0	32.0	163.66
77	-17.0	-14.0	48.0	127.0	-40.0	-65.0	-96.0	-118.0	160.85
78	16.0	-14.0	14.0	1.0	127.0	11.0	0.0	32.0	163.89
79	9.0	14.0	14.0	-3.0	-5.0	-59.0	14.0	-7.0	166.6
80	-31.0	27.0	127.0	-29.0	127.0	93.0	6.0	127.0	165.21
