0	-22.0	114.0	-22.0	10.0	102.0	-117.0	23.0	0.0	159.14
1	10.0	-13.0	-9.0	34.0	45.0	-86.0	21.0	41.0	133.02
2	-127.0	-50.0	-12.0	30.0	-4.0	126.0	-78.0	2.0	153.33
3	-46.0	-44.0	33.0	16.0	127.0	127.0	-15.0	20.0	168.73
4	127.0	1.0	127.0	79.0	-115.0	127.0	6.0	-69.0	160.15
5	39.0	-25.0	-16.0	-9.0	-89.0	127.0	58.0	127.0	164.22
6	51.0	0.0	-21.0	127.0	0.0	-107.0	118.0	126.0	168.73
7	-22.0	-25.0	-25.0	59.0	-72.0	-117.0	-79.0	-4.0	175.5
8	-25.0	14.0	-47.0	13.0	-109.0	42.0	-44.0	7.0	175.44
9	36.0	-58.0	-47.0	116.0	-46.0	25.0	127.0	-55.0	162.18
10	71.0	15.0	10.0	53.0	127.0	77.0	88.0	-128.0	169.01
11	89.0	127.0	-8.0	120.0	127.0	125.0	64.0	37.0	155.61
12	110.0	32.0	127.0	119.0	109.0	75.0	-56.0	-53.0	143.1
13	-20.0	127.0	-21.0	-25.0	24.0	100.0	9.0	-32.0	128.15
14	-34.0	21.0	104.0	-29.0	-46.0	-47.0	8.0	77.0	131.49
15	-6.0	34.0	122.0	-25.0	-39.0	127.0	20.0	-5.0	130.23
16	11.0	-48.0	-6.0	54.0	20.0	0.0	40.0	-60.0	140.42
17	-64.0	11.0	38.0	8.0	109.0	-71.0	120.0	3.0	127.01
18	12.0	-75.0	-13.0	-3.0	127.0	124.0	83.0	56.0	126.96
19	1.0	20.0	1.0	22.0	22.0	-21.0	-38.0	98.0	122.18
20	-31.0	42.0	-5.0	40.0	61.0	-56.0	127.0	-112.0	124.86
21	-9.0	-34.0	-13.0	-92.0	-38.0	82.0	93.0	-24.0	122.21
22	30.0	-7.0	-17.0	-9.0	58.0	-24.0	-48.0	-100.0	122.56
23	82.0	51.0	13.0	127.0	26.0	-73.0	63.0	-87.0	123.28
24	-42.0	21.0	-6.0	8.0	-89.0	-63.0	-36.0	22.0	122.04
25	-35.0	127.0	-23.0	84.0	-124.0	44.0	13.0	59.0	124.04
26	38.0	47.0	7.0	29.0	15.0	83.0	-55.0	34.0	124.86
27	-3.0	6.0	-13.0	-18.0	16.0	75.0	-16.0	-1.0	122.18
28	-85.0	-22.0	-24.0	-3.0	7.0	72.0	-47.0	53.0	122.21
29	60.0	-33.0	127.0	56.0	-68.0	46.0	64.0	-111.0	125.88
30	10.0	28.0	-16.0	-51.0	80.0	47.0	-23.0	-8.0	125.2
31	24.0	93.0	-7.0	-79.0	103.0	-110.0	-37.0	63.0	129.16
32	-83.0	22.0	-90.0	-34.0	73.0	-70.0	21.0	127.0	131.06
33	-11.0	-51.0	-61.0	-3.0	127.0	127.0	86.0	-2.0	125.2
34	74.0	51.0	2.0	127.0	102.0	127.0	118.0	-53.0	130.44
35	127.0	76.0	15.0	54.0	39.0	-84.0	127.0	41.0	132.48
36	89.0	9.0	29.0	27.0	31.0	-86.0	-15.0	-69.0	127.01
37	-16.0	9.0	54.0	81.0	-115.0	42.0	-128.0	-112.0	134.1
38	0.0	115.0	-17.0	14.0	28.0	-18.0	81.0	25.0	131.06
39	-128.0	1.0	68.0	61.0	-39.0	27.0	44.0	41.0	135.93
40	-127.0	28.0	-3.0	-123.0	123.0	-4.0	-19.0	30.0	131.49
41	92.0	-9.0	127.0	-60.0	33.0	114.0	-25.0	-48.0	133.02
42	12.0	-8.0	3.0	1.0	-88.0	103.0	-52.0	-19.0	132.37
43	-22.0	4.0	21.0	-31.0	-52.0	-87.0	-37.0	45.0	131.49
44	-14.0	-40.0	5.0	-84.0	80.0	0.0	14.0	0.0	135.93
45	-22.0	-2.0	-39.0	125.0	29.0	-9.0	-89.0	25.0	144.9
46	21.0	17.0	12.0	75.0	44.0	-35.0	41.0	127.0	143.1
47	127.0	3.0	32.0	94.0	-11.0	-16.0	127.0	16.0	159.14
48	24.0	-22.0	40.0	127.0	-6.0	77.0	-12.0	75.0	163.76
49	116.0	8.0	36.0	127.0	28.0	-98.0	-79.0	52.0	163.76
50	125.0	102.0	36.0	56.0	-128.0	106.0	0.0	2.0	156.72
51	115.0	100.0	-14.0	54.0	93.0	127.0	99.0	27.0	153.92
52	-83.0	-77.0	127.0	55.0	22.0	112.0	-6.0	13.0	160.15
53	80.0	-113.0	4.0	-34.0	108.0	75.0	-23.0	-46.0	145.01
54	-60.0	3.0	-24.0	-26.0	-107.0	127.0	57.0	-44.0	155.28
55	-128.0	-92.0	-21.0	-2.0	-23.0	127.0	-26.0	120.0	148.35
56	43.0	94.0	3.0	49.0	127.0	-56.0	-33.0	-4.0	171.1
57	35.0	8.0	-24.0	127.0	127.0	-55.0	17.0	61.0	168.45
58	24.0	54.0	-8.0	42.0	127.0	-14.0	-66.0	44.0	176.33
59	82.0	47.0	-2.0	10.0	73.0	-67.0	55.0	3.0	178.27
60	100.0	-128.0	15.0	-114.0	7.0	-128.0	126.0	21.0	177.94
61	0.0	-22.0	-5.0	-30.0	7.0	-128.0	-19.0	-2.0	173.12
62	40.0	-18.0	0.0	-10.0	108.0	-37.0	23.0	77.0	168.02
63	-36.0	-33.0	49.0	-3.0	127.0	127.0	10.0	-127.0	169.31
64	35.0	-24.0	-16.0	127.0	38.0	54.0	0.0	4.0	171.1
65	-53.0	1.0	-13.0	-8.0	-11.0	127.0	10.0	111.0	176.83
66	-3.0	10.0	15.0	-3.0	-81.0	20.0	9.0	9.0	169.31
67	-10.0	-21.0	60.0	127.0	127.0	-99.0	-34.0	-34.0	164.08
68	39.0	-77.0	-12.0	25.0	63.0	34.0	-41.0	-44.0	176.33
69	22.0	-50.0	-73.0	15.0	127.0	-86.0	20.0	21.0	177.76
70	-16.0	-9.0	-14.0	-31.0	127.0	101.0	-128.0	-128.0	168.22
71	17.0	127.0	-5.0	-128.0	113.0	-16.0	-32.0	31.0	176.53
72	-17.0	16.0	-12.0	-57.0	-51.0	-128.0	41.0	49.0	176.92
73	-106.0	5.0	4.0	-3.0	-62.0	-6.0	-58.0	101.0	175.44
74	42.0	-8.0	5.0	115.0	77.0	87.0	127.0	-8.0	162.65
75	12.0	-3.0	121.0	11.0	76.0	-14.0	83.0	-80.0	177.94
76	35.0	63.0	-39.0	-3.0	-102.0	127.0	-70.0	18.0	161.21
77	29.0	75.0	107.0	-20.0	54.0	44.0	81.0	-28.0	164.08
78	-128.0	-67.0	32.0	-59.0	60.0	32.0	-55.0	14.0	153.92
79	-5.0	-7.0	-15.0	11.0	60.0	78.0	21.0	-4.0	168.18
80	123.0	33.0	-2.0	16.0	70.0	29.0	-55.0	-30.0	153.33
81	-84.0	55.0	23.0	14.0	127.0	-47.0	-6.0	-40.0	148.35
82	-26.0	12.0	-3.0	94.0	-128.0	16.0	8.0	-29.0	151.47
