0	0.0	-3.0	-15.0	61.0	97.0	61.0	54.0	100.0	143.44
1	58.0	-51.0	-24.0	65.0	-128.0	-6.0	127.0	125.0	151.58
2	-81.0	-7.0	47.0	-90.0	23.0	-91.0	95.0	-22.0	161.97
3	56.0	51.0	-8.0	127.0	97.0	-123.0	-54.0	56.0	147.29
4	-106.0	115.0	30.0	121.0	127.0	114.0	-36.0	-5.0	159.31
5	6.0	12.0	16.0	37.0	-35.0	-16.0	-52.0	-54.0	159.67
6	127.0	3.0	-19.0	24.0	-56.0	-38.0	-78.0	-15.0	160.0
7	39.0	127.0	-19.0	13.0	-35.0	115.0	-39.0	42.0	155.45
8	-109.0	-2.0	-24.0	-9.0	-64.0	43.0	-33.0	108.0	159.79
9	-26.0	72.0	0.0	-45.0	-102.0	84.0	11.0	-25.0	152.73
10	8.0	77.0	-61.0	48.0	7.0	41.0	-15.0	-2.0	158.2
11	-109.0	12.0	-22.0	23.0	127.0	-52.0	49.0	-16.0	165.01
12	7.0	-10.0	-21.0	46.0	70.0	-83.0	24.0	69.0	163.89
13	127.0	-2.0	-24.0	61.0	47.0	-68.0	-110.0	77.0	161.97
14	-12.0	12.0	-3.0	5.0	-28.0	-15.0	-33.0	-54.0	164.6
15	48.0	-15.0	32.0	-5.0	32.0	15.0	-51.0	6.0	165.38
16	15.0	-22.0	31.0	25.0	46.0	53.0	98.0	-114.0	167.07
17	62.0	56.0	17.0	42.0	7.0	111.0	-41.0	-110.0	167.41
18	-4.0	-10.0	127.0	-19.0	-116.0	84.0	127.0	-128.0	167.81
19	-4.0	27.0	31.0	-73.0	31.0	20.0	75.0	51.0	166.33
20	19.0	-39.0	43.0	7.0	127.0	-128.0	24.0	-124.0	167.41
21	0.0	50.0	127.0	-17.0	86.0	25.0	127.0	-36.0	165.38
22	78.0	-55.0	-38.0	-30.0	83.0	54.0	-9.0	127.0	167.81
23	-106.0	26.0	22.0	72.0	-128.0	-56.0	83.0	-23.0	167.98
24	-49.0	-26.0	10.0	2.0	90.0	107.0	-36.0	-11.0	165.99
25	-14.0	-22.0	-12.0	127.0	79.0	-112.0	-27.0	-6.0	165.18
26	-10.0	-1.0	-13.0	15.0	-21.0	111.0	-11.0	9.0	165.45
27	-32.0	-8.0	13.0	-11.0	30.0	125.0	21.0	-52.0	167.07
28	-5.0	27.0	107.0	-28.0	127.0	-68.0	-14.0	-51.0	166.33
29	-7.0	-36.0	-7.0	48.0	120.0	67.0	95.0	58.0	167.27
30	-50.0	-11.0	25.0	14.0	-46.0	127.0	28.0	-39.0	167.47
31	-72.0	24.0	4.0	-14.0	-98.0	111.0	-3.0	-128.0	166.37
32	15.0	-10.0	34.0	23.0	-22.0	-128.0	0.0	-11.0	165.01
33	42.0	127.0	38.0	0.0	-115.0	-4.0	38.0	43.0	165.57
34	33.0	127.0	-12.0	19.0	58.0	-51.0	-15.0	-10.0	164.04
35	-18.0	-28.0	30.0	-11.0	-97.0	7.0	23.0	96.0	164.6
36	-10.0	54.0	32.0	66.0	42.0	83.0	-19.0	46.0	162.69
37	11.0	2.0	17.0	17.0	127.0	-128.0	38.0	-52.0	159.79
38	-12.0	31.0	26.0	57.0	-128.0	53.0	75.0	-11.0	155.45
39	-18.0	-74.0	12.0	-121.0	127.0	127.0	62.0	-49.0	150.81
40	-66.0	-15.0	-22.0	-28.0	-98.0	41.0	41.0	71.0	163.14
41	-92.0	50.0	-12.0	19.0	70.0	-42.0	127.0	46.0	164.04
42	89.0	-17.0	-31.0	1.0	22.0	43.0	15.0	-52.0	156.63
43	-31.0	-17.0	92.0	57.0	44.0	-64.0	-33.0	9.0	158.2
44	-10.0	52.0	-6.0	-74.0	-4.0	33.0	64.0	-58.0	163.14
45	127.0	56.0	23.0	4.0	-116.0	-118.0	-52.0	65.0	151.58
46	-12.0	5.0	-24.0	-25.0	115.0	66.0	20.0	55.0	150.81
47	127.0	1.0	-13.0	113.0	-52.0	122.0	88.0	-6.0	143.44
48	75.0	52.0	-33.0	-83.0	127.0	54.0	66.0	127.0	142.61
49	-2.0	-68.0	-8.0	30.0	29.0	60.0	-52.0	127.0	142.61
50	-54.0	1.0	30.0	37.0	127.0	27.0	19.0	58.0	130.89
51	6.0	39.0	-52.0	6.0	-22.0	127.0	127.0	125.0	135.08
52	-31.0	49.0	-13.0	45.0	-76.0	18.0	-27.0	-1.0	129.01
53	-32.0	42.0	24.0	-67.0	-15.0	36.0	-43.0	-16.0	112.41
54	-14.0	-20.0	-7.0	127.0	-64.0	61.0	42.0	-127.0	110.96
55	-30.0	-21.0	-30.0	-71.0	28.0	26.0	-1.0	98.0	102.63
56	5.0	-12.0	4.0	-30.0	92.0	-82.0	90.0	-55.0	110.96
57	3.0	-30.0	-28.0	-59.0	58.0	-54.0	-98.0	6.0	102.89
58	121.0	-9.0	10.0	94.0	-42.0	-82.0	-33.0	-104.0	119.1
59	127.0	-16.0	12.0	-17.0	22.0	-128.0	67.0	-128.0	118.91
60	62.0	68.0	34.0	71.0	127.0	-6.0	-43.0	100.0	119.1
61	38.0	-39.0	-39.0	-9.0	86.0	127.0	49.0	-11.0	121.14
62	-54.0	-19.0	-56.0	-12.0	31.0	-14.0	67.0	-39.0	114.7
63	-91.0	-10.0	30.0	-41.0	-4.0	127.0	0.0	5.0	114.7
64	-4.0	-43.0	12.0	14.0	28.0	-91.0	23.0	127.0	125.49
65	-4.0	17.0	-39.0	-11.0	-89.0	-123.0	64.0	11.0	118.91
66	-7.0	-17.0	20.0	-39.0	46.0	107.0	127.0	93.0	132.61
67	31.0	-20.0	-14.0	-23.0	-97.0	13.0	-1.0	-5.0	134.4
68	71.0	-28.0	14.0	1.0	0.0	1.0	13.0	34.0	134.98
69	110.0	-8.0	-24.0	-17.0	89.0	-33.0	-65.0	65.0	134.4
70	48.0	20.0	12.0	41.0	8.0	127.0	-34.0	22.0	130.98
71	5.0	-34.0	-14.0	24.0	65.0	-112.0	22.0	9.0	130.18
72	23.0	-38.0	12.0	16.0	-1.0	127.0	-3.0	42.0	130.18
73	-28.0	36.0	-38.0	-5.0	64.0	17.0	68.0	35.0	114.48
74	-2.0	-90.0	14.0	-24.0	-116.0	59.0	49.0	0.0	122.71
75	-29.0	-11.0	127.0	13.0	-26.0	-46.0	-52.0	-35.0	128.75
76	-31.0	42.0	-17.0	-59.0	-29.0	91.0	44.0	-37.0	135.08
77	-57.0	5.0	44.0	2.0	5.0	-3.0	-1.0	-34.0	130.98
78	31.0	36.0	-13.0	-86.0	43.0	-56.0	-68.0	-38.0	128.75
79	71.0	27.0	-32.0	6.0	16.0	107.0	-110.0	18.0	129.12
80	-57.0	-42.0	38.0	11.0	-89.0	122.0	22.0	-128.0	122.71
81	-31.0	-4.0	17.0	-30.0	62.0	90.0	-13.0	56.0	134.11
82	11.0	127.0	-24.0	56.0	123.0	-46.0	-2.0	-77.0	134.52
83	43.0	38.0	127.0	-17.0	-102.0	65.0	-13.0	-25.0	134.52
84	76.0	20.0	-13.0	18.0	-115.0	-106.0	62.0	127.0	138.52
85	13.0	-8.0	47.0	-45.0	19.0	18.0	-89.0	17.0	135.15
86	6.0	-6.0	-8.0	3.0	-1.0	127.0	-52.0	-65.0	150.33
87	89.0	-38.0	10.0	-51.0	40.0	126.0	109.0	71.0	145.47
