0	33.0	1.0	30.0	57.0	-98.0	13.0	75.0	65.0	134.4
1	38.0	-9.0	-19.0	94.0	70.0	-123.0	-110.0	35.0	130.98
2	71.0	56.0	30.0	-5.0	-102.0	127.0	42.0	-16.0	122.71
3	13.0	-28.0	-8.0	-9.0	46.0	-128.0	-68.0	58.0	129.01
4	121.0	36.0	-28.0	-17.0	-29.0	-91.0	-65.0	69.0	118.91
5	23.0	12.0	32.0	-25.0	40.0	-6.0	127.0	-38.0	110.96
6	-57.0	38.0	-30.0	-59.0	127.0	111.0	-41.0	108.0	102.89
7	19.0	-3.0	13.0	72.0	-76.0	25.0	-1.0	127.0	125.49
8	-92.0	-74.0	-24.0	-28.0	-98.0	127.0	15.0	-124.0	114.48
9	-12.0	-22.0	-39.0	23.0	5.0	127.0	67.0	56.0	102.63
10	6.0	127.0	-7.0	56.0	86.0	-128.0	-52.0	-36.0	112.41
11	11.0	-4.0	4.0	-67.0	-15.0	-91.0	-13.0	-11.0	110.96
12	-26.0	-10.0	14.0	41.0	97.0	-56.0	-3.0	-77.0	119.1
13	-14.0	77.0	-8.0	61.0	86.0	-14.0	-43.0	-128.0	119.1
14	15.0	-11.0	-12.0	127.0	-115.0	-82.0	-3.0	-16.0	114.7
15	127.0	-19.0	-13.0	-71.0	-64.0	127.0	-34.0	-65.0	118.91
16	56.0	68.0	-32.0	48.0	120.0	-68.0	95.0	127.0	114.7
17	48.0	5.0	47.0	-39.0	127.0	127.0	66.0	9.0	121.14
18	62.0	-43.0	-33.0	61.0	22.0	67.0	23.0	22.0	122.71
19	42.0	52.0	34.0	24.0	-22.0	15.0	-52.0	-39.0	130.18
20	-4.0	27.0	17.0	-17.0	22.0	26.0	-36.0	100.0	128.75
21	58.0	50.0	10.0	42.0	-4.0	61.0	-33.0	125.0	130.89
22	-2.0	-8.0	12.0	-45.0	64.0	111.0	-27.0	5.0	128.75
23	5.0	72.0	-14.0	65.0	28.0	-54.0	-78.0	46.0	130.98
24	0.0	-7.0	12.0	-73.0	-102.0	60.0	-54.0	-52.0	130.18
25	-31.0	-17.0	-24.0	1.0	127.0	-128.0	-27.0	43.0	135.15
26	-18.0	27.0	30.0	37.0	7.0	126.0	-1.0	-49.0	135.08
27	-7.0	17.0	34.0	14.0	29.0	59.0	67.0	-110.0	143.44
28	-106.0	-1.0	30.0	7.0	23.0	43.0	127.0	-5.0	151.58
29	-14.0	49.0	-21.0	2.0	97.0	36.0	28.0	93.0	150.81
30	127.0	127.0	25.0	30.0	-128.0	-4.0	11.0	6.0	142.61
31	31.0	20.0	-24.0	19.0	46.0	122.0	-11.0	-55.0	147.29
32	-10.0	-16.0	92.0	0.0	-56.0	125.0	83.0	51.0	142.61
33	-32.0	-10.0	16.0	-19.0	16.0	-3.0	-1.0	-25.0	145.47
34	89.0	-2.0	-17.0	19.0	127.0	-52.0	-98.0	-25.0	150.81
35	-30.0	-8.0	-24.0	113.0	31.0	-106.0	68.0	71.0	155.45
36	-7.0	52.0	23.0	66.0	-42.0	-112.0	49.0	-54.0	163.14
37	-4.0	31.0	17.0	13.0	-64.0	54.0	21.0	34.0	165.99
38	-109.0	127.0	-8.0	127.0	127.0	107.0	90.0	0.0	164.04
39	-32.0	-68.0	-24.0	-86.0	-128.0	-33.0	44.0	46.0	165.38
40	-12.0	54.0	-52.0	25.0	-97.0	20.0	-2.0	127.0	165.01
41	-18.0	-36.0	-56.0	6.0	7.0	61.0	-89.0	18.0	167.27
42	-5.0	-38.0	-31.0	45.0	-4.0	-56.0	-33.0	77.0	167.98
43	76.0	5.0	-24.0	-17.0	127.0	54.0	-15.0	6.0	167.81
44	89.0	24.0	-13.0	14.0	31.0	-6.0	-19.0	96.0	165.45
45	-2.0	-10.0	26.0	48.0	43.0	43.0	38.0	71.0	166.33
46	110.0	-42.0	-13.0	3.0	8.0	84.0	-39.0	-15.0	167.41
47	-54.0	-17.0	-13.0	24.0	127.0	-128.0	64.0	56.0	164.6
48	6.0	-17.0	47.0	-11.0	42.0	-118.0	-52.0	-2.0	161.97
49	-4.0	-90.0	31.0	-5.0	-46.0	17.0	95.0	9.0	159.31
50	-54.0	42.0	4.0	-83.0	62.0	18.0	109.0	-5.0	161.97
51	-31.0	27.0	10.0	23.0	-116.0	41.0	-33.0	-51.0	158.2
52	-109.0	26.0	-15.0	-23.0	127.0	41.0	88.0	-128.0	160.0
53	31.0	12.0	-19.0	-24.0	-128.0	107.0	13.0	-37.0	163.89
54	6.0	-26.0	38.0	-74.0	32.0	90.0	127.0	-39.0	165.01
55	75.0	2.0	-39.0	121.0	90.0	114.0	62.0	9.0	167.47
56	43.0	42.0	-61.0	-11.0	70.0	-123.0	-52.0	58.0	165.57
57	78.0	-15.0	22.0	-30.0	89.0	111.0	75.0	-11.0	164.04
58	7.0	-51.0	0.0	17.0	-22.0	127.0	19.0	-35.0	159.67
59	-57.0	-38.0	12.0	4.0	83.0	-46.0	-36.0	100.0	165.18
60	-91.0	56.0	-12.0	-30.0	-1.0	53.0	-13.0	-23.0	166.33
61	-49.0	-15.0	32.0	-12.0	58.0	7.0	54.0	65.0	165.38
62	-29.0	51.0	127.0	-51.0	-115.0	107.0	22.0	127.0	167.41
63	48.0	50.0	-22.0	-30.0	-28.0	127.0	24.0	-54.0	167.81
64	-81.0	-21.0	31.0	57.0	-97.0	-68.0	38.0	-104.0	164.6
65	127.0	12.0	127.0	1.0	44.0	-51.0	64.0	-34.0	167.07
66	127.0	-28.0	-22.0	-14.0	-35.0	33.0	-110.0	42.0	166.37
67	5.0	39.0	12.0	37.0	92.0	-64.0	24.0	-127.0	167.07
68	-28.0	-34.0	127.0	11.0	19.0	-82.0	-51.0	125.0	162.69
69	39.0	36.0	43.0	-11.0	127.0	-83.0	49.0	-6.0	163.14
70	-50.0	3.0	-38.0	-28.0	-26.0	27.0	-9.0	-1.0	159.79
71	-12.0	-22.0	127.0	-17.0	-116.0	122.0	127.0	-6.0	158.2
72	-10.0	-6.0	10.0	-9.0	30.0	-46.0	127.0	-58.0	159.79
73	62.0	-8.0	-7.0	-45.0	-35.0	-15.0	49.0	11.0	156.63
74	-106.0	20.0	14.0	-121.0	0.0	53.0	22.0	-11.0	152.73
75	-10.0	127.0	12.0	18.0	-116.0	115.0	62.0	-114.0	151.58
76	71.0	-12.0	107.0	16.0	28.0	-16.0	0.0	-11.0	143.44
77	-72.0	-2.0	20.0	127.0	123.0	66.0	-43.0	17.0	155.45
78	8.0	1.0	44.0	2.0	115.0	127.0	127.0	-52.0	138.52
79	-66.0	115.0	-38.0	71.0	-52.0	-38.0	41.0	-128.0	134.52
80	-4.0	-11.0	17.0	5.0	-21.0	65.0	0.0	-128.0	135.08
81	11.0	-20.0	-12.0	-59.0	-89.0	-42.0	-14.0	127.0	134.98
82	15.0	-10.0	-13.0	6.0	-1.0	-112.0	-15.0	-10.0	132.61
83	3.0	-20.0	-6.0	-41.0	-89.0	18.0	-52.0	-22.0	134.4
84	0.0	-55.0	-14.0	46.0	79.0	83.0	-33.0	55.0	134.52
85	-31.0	-30.0	38.0	13.0	58.0	91.0	23.0	98.0	150.33
86	-31.0	-39.0	-3.0	15.0	47.0	1.0	20.0	-52.0	134.11
87	127.0	-39.0	24.0	-90.0	65.0	84.0	98.0	42.0	129.12
