0	-4.0	12.0	30.0	-74.0	43.0	-6.0	-52.0	6.0	167.98
1	-106.0	-15.0	-3.0	46.0	89.0	127.0	-33.0	71.0	167.81
2	-28.0	5.0	12.0	61.0	-128.0	-54.0	13.0	-2.0	167.81
3	-66.0	72.0	-15.0	1.0	-15.0	111.0	-13.0	127.0	167.47
4	78.0	49.0	-24.0	-59.0	-46.0	-128.0	127.0	58.0	166.37
5	-10.0	24.0	32.0	57.0	70.0	43.0	-39.0	125.0	165.18
6	-92.0	-28.0	-13.0	4.0	-98.0	-38.0	28.0	35.0	165.57
7	89.0	5.0	-12.0	3.0	127.0	127.0	98.0	46.0	164.6
8	71.0	-38.0	-24.0	-30.0	31.0	7.0	88.0	11.0	164.04
9	0.0	-10.0	-22.0	-41.0	-97.0	-6.0	-41.0	34.0	167.07
10	7.0	127.0	30.0	2.0	90.0	84.0	67.0	100.0	165.01
11	-2.0	3.0	-32.0	16.0	47.0	-106.0	64.0	-5.0	165.01
12	48.0	-20.0	4.0	48.0	46.0	107.0	0.0	56.0	159.79
13	-109.0	-30.0	4.0	6.0	-128.0	-112.0	-3.0	127.0	162.69
14	-4.0	-21.0	-61.0	127.0	30.0	107.0	95.0	-25.0	150.81
15	-72.0	20.0	127.0	-71.0	-1.0	126.0	-89.0	-128.0	155.45
16	-7.0	-74.0	-24.0	-45.0	23.0	17.0	42.0	-55.0	161.97
17	-49.0	36.0	17.0	-25.0	-26.0	13.0	-1.0	42.0	145.47
18	-12.0	-2.0	-8.0	17.0	0.0	18.0	-19.0	-36.0	151.58
19	62.0	-11.0	34.0	1.0	-29.0	114.0	127.0	-49.0	143.44
20	127.0	1.0	20.0	-11.0	115.0	66.0	21.0	98.0	158.2
21	127.0	-68.0	-14.0	-5.0	-102.0	-4.0	75.0	-128.0	147.29
22	6.0	27.0	-19.0	-17.0	7.0	-68.0	-54.0	100.0	135.15
23	11.0	-28.0	13.0	127.0	65.0	-33.0	64.0	-16.0	134.52
24	-106.0	52.0	31.0	15.0	-64.0	111.0	-15.0	6.0	138.52
25	-29.0	127.0	14.0	-5.0	-35.0	127.0	-52.0	69.0	135.08
26	-4.0	115.0	12.0	72.0	-89.0	15.0	75.0	127.0	135.08
27	23.0	-20.0	-24.0	13.0	127.0	127.0	-78.0	42.0	134.4
28	-7.0	-8.0	12.0	-86.0	97.0	-68.0	49.0	-15.0	128.75
29	5.0	-39.0	127.0	23.0	64.0	-128.0	127.0	108.0	118.91
30	13.0	-6.0	17.0	-23.0	-116.0	-128.0	49.0	-51.0	119.1
31	110.0	-90.0	25.0	-11.0	-64.0	-51.0	-11.0	-128.0	130.18
32	-5.0	-10.0	107.0	19.0	86.0	41.0	-52.0	0.0	125.49
33	0.0	-39.0	-12.0	14.0	8.0	-91.0	11.0	-52.0	114.48
34	121.0	77.0	31.0	25.0	-76.0	61.0	54.0	-11.0	110.96
35	6.0	-17.0	32.0	5.0	31.0	26.0	22.0	58.0	114.7
36	11.0	31.0	-31.0	48.0	92.0	-46.0	-1.0	-124.0	112.41
37	127.0	68.0	22.0	-39.0	-21.0	65.0	127.0	-104.0	102.89
38	-54.0	-22.0	-13.0	-121.0	44.0	90.0	83.0	-22.0	130.98
39	-31.0	50.0	43.0	-83.0	-116.0	53.0	-33.0	-16.0	110.96
40	38.0	12.0	38.0	-28.0	127.0	59.0	44.0	55.0	102.63
41	56.0	17.0	127.0	37.0	-28.0	-118.0	-13.0	-34.0	132.61
42	-10.0	-3.0	127.0	-51.0	28.0	122.0	-110.0	-11.0	122.71
43	39.0	50.0	-14.0	121.0	-42.0	41.0	-33.0	-58.0	114.7
44	-31.0	26.0	-19.0	-30.0	-115.0	-16.0	24.0	-11.0	130.89
45	-32.0	-9.0	38.0	66.0	-22.0	-56.0	38.0	56.0	134.11
46	127.0	-7.0	47.0	-17.0	-1.0	27.0	-2.0	51.0	134.4
47	71.0	-16.0	-56.0	24.0	40.0	107.0	-43.0	-65.0	129.01
48	-4.0	-42.0	10.0	30.0	-97.0	122.0	-110.0	-1.0	121.14
49	15.0	52.0	-13.0	-19.0	127.0	-56.0	66.0	127.0	118.91
50	-57.0	-22.0	-52.0	-30.0	-115.0	-52.0	-98.0	9.0	128.75
51	-2.0	-8.0	-24.0	-73.0	-98.0	127.0	19.0	17.0	129.12
52	-31.0	-10.0	-28.0	71.0	-22.0	53.0	95.0	-6.0	130.98
53	-12.0	1.0	-39.0	7.0	7.0	-128.0	-15.0	127.0	122.71
54	-18.0	-17.0	-33.0	19.0	127.0	-15.0	-3.0	-52.0	119.1
55	-18.0	-15.0	44.0	-14.0	28.0	-123.0	-27.0	-77.0	134.98
56	89.0	-43.0	0.0	-28.0	79.0	-91.0	22.0	-11.0	130.18
57	-31.0	-26.0	-6.0	41.0	58.0	127.0	-9.0	-54.0	134.52
58	6.0	-12.0	26.0	-59.0	19.0	33.0	-14.0	-35.0	142.61
59	43.0	12.0	-21.0	-9.0	-56.0	125.0	41.0	-114.0	150.33
60	19.0	-55.0	-8.0	0.0	-116.0	127.0	-27.0	65.0	164.04
61	31.0	2.0	30.0	42.0	127.0	60.0	-52.0	18.0	165.99
62	33.0	27.0	17.0	-17.0	-4.0	-112.0	109.0	46.0	166.33
63	31.0	-17.0	10.0	-12.0	127.0	-14.0	38.0	71.0	165.38
64	-26.0	-10.0	-12.0	-67.0	127.0	25.0	23.0	-23.0	155.45
65	62.0	42.0	-13.0	11.0	-102.0	-46.0	-52.0	43.0	156.63
66	-91.0	-51.0	10.0	2.0	123.0	91.0	20.0	-52.0	151.58
67	-57.0	-4.0	14.0	14.0	29.0	111.0	-36.0	77.0	152.73
68	-14.0	127.0	-38.0	65.0	70.0	115.0	-65.0	-5.0	158.2
69	-14.0	-11.0	-7.0	57.0	-128.0	1.0	-68.0	-127.0	143.44
70	-50.0	-38.0	12.0	-9.0	22.0	18.0	-43.0	-54.0	150.81
71	-109.0	36.0	-13.0	56.0	62.0	36.0	-51.0	-6.0	163.14
72	3.0	27.0	24.0	-11.0	120.0	20.0	-1.0	9.0	159.79
73	127.0	54.0	92.0	113.0	127.0	83.0	90.0	-39.0	160.0
74	5.0	42.0	-8.0	37.0	5.0	-3.0	127.0	96.0	163.89
75	48.0	38.0	-30.0	6.0	16.0	-83.0	49.0	-38.0	159.31
76	42.0	20.0	-17.0	23.0	46.0	67.0	127.0	9.0	159.67
77	58.0	-36.0	23.0	45.0	22.0	84.0	24.0	-37.0	142.61
78	-32.0	56.0	34.0	61.0	42.0	54.0	0.0	65.0	161.97
79	75.0	-2.0	-24.0	-90.0	32.0	-42.0	-34.0	93.0	165.45
80	-30.0	-19.0	30.0	127.0	-52.0	54.0	23.0	-110.0	165.38
81	-54.0	-8.0	12.0	-45.0	-89.0	-82.0	68.0	-25.0	164.6
82	-12.0	127.0	16.0	94.0	-4.0	127.0	15.0	22.0	163.14
83	8.0	-34.0	-7.0	-24.0	97.0	61.0	62.0	-128.0	166.33
84	76.0	-1.0	-22.0	13.0	58.0	-64.0	62.0	-10.0	167.07
85	15.0	56.0	-39.0	18.0	83.0	-82.0	67.0	-39.0	167.27
86	-81.0	39.0	47.0	-17.0	86.0	43.0	-36.0	5.0	167.41
87	-10.0	51.0	-38.0	24.0	-35.0	-123.0	-33.0	125.0	167.41
