0	-22.0	-21.0	2.0	3.0	41.0	16.0	-99.0	37.0	166.97
1	127.0	11.0	0.0	31.0	127.0	71.0	115.0	-43.0	169.76
2	-2.0	-3.0	12.0	-24.0	76.0	-8.0	61.0	59.0	170.66
3	-32.0	64.0	-8.0	43.0	-80.0	-33.0	-120.0	42.0	170.66
4	-12.0	-24.0	2.0	96.0	28.0	-53.0	11.0	-39.0	167.14
5	87.0	-19.0	15.0	28.0	127.0	50.0	-96.0	-43.0	169.75
6	88.0	-11.0	-9.0	3.0	8.0	127.0	28.0	77.0	170.12
7	42.0	-20.0	-28.0	18.0	-57.0	127.0	-28.0	-9.0	170.12
8	-35.0	10.0	-37.0	127.0	57.0	127.0	43.0	-14.0	166.41
9	-12.0	18.0	11.0	-5.0	21.0	49.0	47.0	-5.0	168.96
10	-116.0	29.0	0.0	-73.0	127.0	61.0	127.0	42.0	166.47
11	17.0	-34.0	14.0	-5.0	51.0	-128.0	41.0	29.0	168.19
12	50.0	-45.0	2.0	-26.0	-5.0	14.0	-9.0	113.0	166.97
13	0.0	117.0	-2.0	18.0	87.0	-55.0	-89.0	39.0	168.19
14	-4.0	127.0	-8.0	104.0	65.0	-111.0	-11.0	5.0	166.32
15	127.0	13.0	0.0	86.0	127.0	59.0	6.0	-56.0	165.97
16	61.0	-47.0	91.0	127.0	-12.0	54.0	13.0	-5.0	159.61
17	-14.0	110.0	3.0	-8.0	-119.0	30.0	63.0	72.0	161.74
18	-30.0	-21.0	30.0	-40.0	61.0	3.0	-7.0	127.0	164.47
19	-35.0	28.0	127.0	31.0	127.0	49.0	-96.0	-9.0	159.4
20	35.0	2.0	-11.0	0.0	127.0	98.0	-4.0	-82.0	156.51
21	-9.0	-30.0	-24.0	12.0	127.0	-13.0	127.0	-34.0	159.17
22	31.0	44.0	0.0	86.0	-51.0	-68.0	127.0	-18.0	145.12
23	-85.0	66.0	50.0	-116.0	127.0	-66.0	-23.0	127.0	146.86
24	-12.0	26.0	-10.0	25.0	95.0	45.0	-4.0	127.0	154.32
25	127.0	2.0	-10.0	3.0	35.0	127.0	29.0	59.0	144.72
26	6.0	-11.0	124.0	51.0	66.0	42.0	20.0	48.0	144.01
27	-37.0	40.0	27.0	124.0	48.0	127.0	0.0	42.0	143.92
28	-4.0	1.0	21.0	33.0	-91.0	-128.0	34.0	127.0	134.78
29	74.0	4.0	127.0	20.0	-45.0	-4.0	15.0	127.0	137.0
30	62.0	26.0	3.0	127.0	-45.0	127.0	34.0	62.0	137.0
31	10.0	124.0	-12.0	-2.0	127.0	12.0	29.0	91.0	143.1
32	56.0	57.0	-7.0	-19.0	-113.0	-3.0	37.0	72.0	131.25
33	10.0	27.0	22.0	-10.0	76.0	38.0	-13.0	30.0	112.32
34	8.0	-19.0	0.0	44.0	66.0	74.0	42.0	-101.0	125.03
35	31.0	22.0	44.0	66.0	96.0	-9.0	53.0	-66.0	129.84
36	13.0	13.0	30.0	10.0	127.0	-53.0	7.0	62.0	116.48
37	42.0	43.0	20.0	-18.0	-57.0	-41.0	-9.0	32.0	123.67
38	-2.0	29.0	-24.0	-23.0	-78.0	68.0	64.0	-1.0	131.25
39	31.0	45.0	14.0	127.0	124.0	91.0	13.0	-27.0	117.56
40	-85.0	-19.0	127.0	-109.0	96.0	-19.0	71.0	-5.0	109.71
41	22.0	26.0	2.0	127.0	85.0	-71.0	95.0	-42.0	134.42
42	31.0	0.0	33.0	127.0	-11.0	-32.0	127.0	-16.0	139.51
43	61.0	-2.0	27.0	-97.0	-119.0	-128.0	-35.0	127.0	116.26
44	31.0	19.0	-34.0	-68.0	-15.0	36.0	-82.0	83.0	107.35
45	-5.0	-7.0	-9.0	-15.0	-51.0	127.0	119.0	58.0	125.01
46	-5.0	127.0	114.0	7.0	-78.0	101.0	-60.0	-5.0	111.38
47	29.0	117.0	24.0	18.0	8.0	14.0	-17.0	-40.0	110.42
48	-5.0	-42.0	-11.0	-15.0	-23.0	34.0	52.0	76.0	109.66
49	15.0	-3.0	-41.0	7.0	22.0	-26.0	-14.0	-27.0	125.03
50	127.0	10.0	22.0	12.0	96.0	-8.0	84.0	-128.0	109.66
51	42.0	64.0	44.0	86.0	-79.0	16.0	21.0	-101.0	110.74
52	62.0	126.0	3.0	-30.0	126.0	-101.0	-12.0	-18.0	109.65
53	86.0	4.0	18.0	-38.0	47.0	93.0	-58.0	103.0	107.35
54	46.0	-91.0	-17.0	43.0	-38.0	-103.0	-53.0	-25.0	125.01
55	-35.0	-27.0	111.0	-29.0	-7.0	-39.0	-37.0	-44.0	134.42
56	-35.0	33.0	28.0	-68.0	-119.0	127.0	127.0	48.0	117.56
57	38.0	12.0	-24.0	-8.0	-36.0	59.0	83.0	-6.0	128.53
58	33.0	-1.0	22.0	-23.0	-29.0	54.0	61.0	-2.0	111.38
59	22.0	-7.0	-6.0	48.0	61.0	-77.0	16.0	-67.0	134.38
60	-8.0	-5.0	127.0	25.0	127.0	-39.0	114.0	-1.0	134.78
61	-12.0	6.0	12.0	10.0	-40.0	127.0	-37.0	-67.0	143.66
62	51.0	3.0	-28.0	-42.0	-7.0	-55.0	-1.0	63.0	143.66
63	36.0	-8.0	-28.0	-40.0	7.0	-49.0	-4.0	36.0	144.31
64	41.0	6.0	-4.0	12.0	127.0	127.0	127.0	58.0	145.12
65	31.0	6.0	28.0	-85.0	127.0	90.0	56.0	-26.0	156.21
66	23.0	-12.0	15.0	5.0	-128.0	91.0	-43.0	-68.0	159.13
67	-31.0	57.0	-18.0	8.0	-73.0	30.0	71.0	111.0	159.61
68	107.0	23.0	-16.0	-103.0	127.0	46.0	86.0	-22.0	156.21
69	127.0	-40.0	-25.0	-3.0	16.0	9.0	63.0	-128.0	149.84
70	-13.0	6.0	24.0	104.0	122.0	21.0	63.0	85.0	153.17
71	-4.0	6.0	13.0	25.0	66.0	-3.0	127.0	57.0	152.44
72	-22.0	-29.0	-11.0	-35.0	-29.0	26.0	67.0	46.0	144.01
73	-6.0	-21.0	10.0	-33.0	66.0	127.0	-80.0	127.0	150.43
74	127.0	43.0	-33.0	-11.0	-91.0	66.0	25.0	-9.0	147.4
75	6.0	5.0	-41.0	58.0	16.0	-118.0	-118.0	-39.0	152.44
76	-18.0	39.0	-12.0	-4.0	-79.0	-8.0	47.0	-45.0	156.51
77	-33.0	-45.0	3.0	-15.0	-115.0	127.0	-23.0	16.0	150.43
78	-4.0	-49.0	11.0	-28.0	-37.0	127.0	81.0	-66.0	147.4
79	-35.0	-59.0	127.0	25.0	115.0	71.0	2.0	-28.0	159.17
80	-3.0	19.0	-8.0	114.0	127.0	-4.0	-43.0	-13.0	165.21
81	-78.0	1.0	27.0	1.0	127.0	80.0	-35.0	127.0	165.09
82	98.0	31.0	-34.0	58.0	-37.0	59.0	127.0	71.0	165.41
83	88.0	-1.0	-57.0	-20.0	-78.0	45.0	29.0	2.0	166.32
84	-114.0	108.0	2.0	2.0	14.0	-8.0	42.0	-41.0	165.09
85	-15.0	-20.0	-10.0	127.0	122.0	127.0	55.0	-69.0	165.97
86	25.0	-39.0	19.0	-74.0	-49.0	48.0	63.0	9.0	166.34
