0	40.0	-4.0	-64.0	-4.0	-83.0	118.0	-1.0	32.0	109.68
1	127.0	4.0	-2.0	22.0	0.0	25.0	-59.0	-5.0	133.41
2	-17.0	-23.0	-20.0	-18.0	-10.0	43.0	-26.0	-53.0	124.78
3	-2.0	-63.0	-11.0	-25.0	105.0	75.0	6.0	-20.0	124.38
4	25.0	15.0	1.0	27.0	-65.0	-84.0	66.0	18.0	113.28
5	34.0	-14.0	127.0	31.0	-56.0	-86.0	51.0	25.0	121.56
6	44.0	10.0	-11.0	-47.0	0.0	101.0	25.0	-128.0	120.6
7	13.0	101.0	17.0	-126.0	127.0	120.0	-47.0	-83.0	124.38
8	14.0	-8.0	1.0	9.0	127.0	-128.0	-21.0	18.0	130.86
9	-12.0	-96.0	-9.0	95.0	-15.0	-108.0	127.0	-40.0	127.63
10	17.0	4.0	22.0	-86.0	-19.0	88.0	117.0	-33.0	142.46
11	14.0	1.0	127.0	119.0	15.0	-23.0	93.0	-20.0	151.6
12	44.0	8.0	-1.0	0.0	-17.0	113.0	0.0	-78.0	149.98
13	52.0	-6.0	-15.0	23.0	-68.0	-128.0	-48.0	-75.0	149.98
14	5.0	-111.0	-7.0	43.0	-81.0	91.0	5.0	-89.0	156.08
15	-27.0	-1.0	-11.0	53.0	-10.0	-84.0	-1.0	-78.0	160.28
16	17.0	11.0	-44.0	-30.0	109.0	110.0	127.0	-56.0	154.73
17	-12.0	-14.0	27.0	-48.0	2.0	43.0	-46.0	-56.0	157.93
18	-64.0	-16.0	0.0	22.0	-1.0	-24.0	-4.0	72.0	154.73
19	5.0	-18.0	-5.0	-86.0	-8.0	112.0	34.0	-20.0	164.17
20	-2.0	2.0	-11.0	-53.0	2.0	-61.0	50.0	12.0	166.74
21	23.0	48.0	-23.0	1.0	14.0	83.0	1.0	-15.0	166.74
22	40.0	-47.0	-36.0	-10.0	0.0	-70.0	-88.0	35.0	169.11
23	-53.0	-23.0	-51.0	76.0	59.0	6.0	98.0	127.0	168.99
24	-96.0	18.0	-11.0	-50.0	47.0	-15.0	65.0	93.0	168.08
25	2.0	127.0	-3.0	3.0	25.0	21.0	66.0	117.0	163.65
26	59.0	5.0	-1.0	50.0	-113.0	25.0	25.0	103.0	168.97
27	70.0	25.0	2.0	-31.0	37.0	127.0	5.0	18.0	169.31
28	-1.0	34.0	0.0	-50.0	47.0	-63.0	-34.0	-128.0	168.53
29	-6.0	12.0	27.0	10.0	73.0	63.0	-12.0	-1.0	167.35
30	1.0	-1.0	11.0	44.0	42.0	15.0	22.0	11.0	169.58
31	31.0	22.0	-59.0	93.0	-71.0	70.0	-79.0	57.0	169.15
32	-34.0	-9.0	17.0	29.0	88.0	25.0	-28.0	-8.0	169.15
33	-99.0	25.0	-3.0	111.0	13.0	52.0	5.0	-66.0	167.14
34	-60.0	27.0	6.0	-23.0	-82.0	-67.0	101.0	39.0	168.9
35	-34.0	-5.0	-8.0	12.0	17.0	-98.0	35.0	37.0	168.08
36	-3.0	13.0	14.0	18.0	-51.0	-71.0	0.0	4.0	168.78
37	-66.0	-6.0	14.0	-2.0	127.0	88.0	127.0	86.0	167.02
38	22.0	-23.0	6.0	-37.0	1.0	28.0	101.0	127.0	166.81
39	-64.0	-126.0	-2.0	-35.0	-73.0	13.0	51.0	25.0	167.75
40	-13.0	-26.0	13.0	6.0	-69.0	-49.0	-27.0	10.0	166.81
41	127.0	8.0	7.0	-4.0	-53.0	127.0	40.0	121.0	170.35
42	101.0	11.0	9.0	-27.0	-61.0	89.0	38.0	-9.0	169.58
43	-68.0	20.0	30.0	-39.0	101.0	-95.0	34.0	7.0	169.9
44	-27.0	18.0	6.0	-19.0	-71.0	13.0	-128.0	7.0	168.53
45	56.0	28.0	24.0	17.0	-21.0	-68.0	-61.0	72.0	168.99
46	-6.0	30.0	26.0	53.0	-105.0	21.0	127.0	-1.0	164.17
47	-14.0	58.0	6.0	-37.0	127.0	-69.0	16.0	-2.0	157.93
48	-2.0	15.0	23.0	-52.0	-99.0	6.0	45.0	76.0	166.49
49	-76.0	-8.0	-25.0	60.0	-94.0	101.0	25.0	-40.0	154.73
50	-37.0	25.0	8.0	-4.0	38.0	-56.0	-13.0	-9.0	142.93
51	14.0	-13.0	7.0	-21.0	-1.0	127.0	-76.0	80.0	161.99
52	-9.0	-11.0	10.0	1.0	127.0	121.0	-87.0	87.0	160.28
53	5.0	12.0	11.0	-35.0	36.0	-20.0	19.0	54.0	152.88
54	26.0	127.0	9.0	122.0	127.0	-56.0	-112.0	4.0	162.06
55	-25.0	6.0	127.0	127.0	-90.0	-44.0	-87.0	-5.0	133.19
56	-12.0	23.0	-5.0	-55.0	12.0	-63.0	-76.0	104.0	145.3
57	16.0	127.0	19.0	-78.0	-55.0	-67.0	25.0	37.0	144.07
58	44.0	-13.0	127.0	5.0	-68.0	-27.0	44.0	1.0	140.24
59	-28.0	-1.0	27.0	0.0	-75.0	-106.0	118.0	127.0	144.41
60	2.0	36.0	-7.0	3.0	127.0	-99.0	40.0	-20.0	127.63
61	-25.0	28.0	37.0	-9.0	78.0	59.0	-106.0	15.0	140.98
62	98.0	19.0	11.0	17.0	37.0	101.0	-21.0	17.0	140.98
63	14.0	4.0	15.0	35.0	-6.0	104.0	124.0	-60.0	137.53
64	-1.0	-11.0	21.0	16.0	-73.0	-74.0	-83.0	-78.0	148.42
65	34.0	-9.0	-36.0	127.0	17.0	-23.0	25.0	127.0	142.62
66	2.0	10.0	6.0	3.0	-101.0	127.0	-70.0	127.0	140.24
67	117.0	3.0	127.0	16.0	-79.0	22.0	-27.0	-28.0	135.56
68	77.0	37.0	-2.0	-5.0	-82.0	33.0	17.0	-24.0	141.36
69	45.0	34.0	-14.0	72.0	73.0	-98.0	86.0	-98.0	142.46
70	14.0	-16.0	7.0	50.0	11.0	-92.0	-37.0	120.0	124.75
71	6.0	21.0	-3.0	16.0	127.0	-86.0	-91.0	127.0	140.74
72	127.0	4.0	-8.0	124.0	127.0	-36.0	28.0	-98.0	148.42
73	-75.0	3.0	6.0	29.0	-101.0	41.0	44.0	-128.0	121.9
74	3.0	127.0	21.0	-29.0	16.0	122.0	-128.0	-84.0	109.68
75	109.0	36.0	-30.0	21.0	48.0	127.0	-54.0	104.0	119.16
76	3.0	11.0	126.0	-83.0	23.0	-37.0	-51.0	32.0	125.98
77	27.0	2.0	21.0	61.0	-3.0	-128.0	-69.0	-25.0	127.31
78	-128.0	79.0	-28.0	10.0	44.0	-86.0	44.0	127.0	120.6
79	-37.0	20.0	-9.0	127.0	38.0	-61.0	127.0	103.0	118.25
80	15.0	6.0	43.0	55.0	36.0	127.0	85.0	37.0	113.28
81	41.0	15.0	19.0	-51.0	25.0	65.0	15.0	-63.0	134.65
82	5.0	-40.0	-17.0	-83.0	-3.0	127.0	108.0	16.0	127.31
