0	-17.0	-13.0	-40.0	102.0	12.0	-16.0	-53.0	-19.0	156.38
1	-19.0	12.0	-22.0	126.0	60.0	75.0	99.0	-2.0	150.62
2	35.0	11.0	-2.0	-2.0	107.0	-104.0	-93.0	-64.0	146.22
3	-106.0	1.0	-13.0	16.0	10.0	104.0	30.0	-117.0	148.8
4	-34.0	-11.0	32.0	-13.0	100.0	-2.0	36.0	113.0	144.12
5	57.0	9.0	-3.0	-65.0	-128.0	88.0	9.0	97.0	149.33
6	-16.0	127.0	-3.0	-13.0	7.0	-28.0	79.0	6.0	152.06
7	-12.0	-38.0	-28.0	5.0	-29.0	47.0	100.0	65.0	139.52
8	17.0	-35.0	34.0	-6.0	96.0	127.0	30.0	9.0	134.28
9	-16.0	-11.0	26.0	10.0	42.0	-123.0	79.0	-91.0	134.61
10	-23.0	-12.0	-22.0	11.0	-10.0	110.0	49.0	-78.0	139.52
11	-2.0	-7.0	5.0	-34.0	-49.0	-128.0	-113.0	66.0	141.6
12	11.0	37.0	3.0	-1.0	79.0	-107.0	40.0	71.0	144.12
13	16.0	-7.0	11.0	12.0	-14.0	-34.0	-25.0	-3.0	140.73
14	-9.0	-13.0	-47.0	-88.0	-72.0	102.0	49.0	113.0	135.41
15	-49.0	3.0	-18.0	29.0	-92.0	5.0	-24.0	79.0	140.07
16	127.0	10.0	6.0	-1.0	70.0	73.0	84.0	29.0	140.73
17	-10.0	11.0	-34.0	4.0	127.0	109.0	-30.0	-44.0	148.73
18	26.0	-6.0	-6.0	-30.0	-33.0	-78.0	49.0	-37.0	141.05
19	-5.0	121.0	19.0	-5.0	127.0	-6.0	111.0	-18.0	147.73
20	20.0	19.0	11.0	-22.0	-88.0	-76.0	127.0	35.0	139.35
21	23.0	-13.0	-18.0	-39.0	-27.0	21.0	39.0	41.0	125.58
22	-35.0	-40.0	-6.0	-55.0	-2.0	-95.0	83.0	-63.0	121.43
23	-14.0	-24.0	127.0	-27.0	126.0	115.0	18.0	109.0	116.7
24	36.0	-5.0	4.0	10.0	-52.0	-7.0	-12.0	9.0	114.8
25	-1.0	-32.0	-22.0	-2.0	23.0	-95.0	-6.0	-117.0	116.54
26	2.0	-3.0	-27.0	29.0	91.0	-22.0	75.0	-35.0	116.7
27	47.0	8.0	42.0	127.0	-98.0	-89.0	-69.0	41.0	117.94
28	-48.0	60.0	-19.0	-86.0	-36.0	-107.0	20.0	31.0	121.43
29	33.0	4.0	-8.0	-11.0	0.0	19.0	21.0	-118.0	123.86
30	11.0	3.0	-3.0	-2.0	9.0	-128.0	113.0	17.0	126.06
31	-19.0	127.0	-10.0	126.0	-73.0	-128.0	-69.0	-18.0	123.24
32	65.0	-20.0	0.0	18.0	77.0	-2.0	15.0	-38.0	122.42
33	23.0	26.0	-17.0	0.0	42.0	113.0	30.0	-30.0	122.42
34	22.0	7.0	0.0	-40.0	-114.0	-2.0	-93.0	5.0	139.25
35	122.0	-18.0	127.0	10.0	38.0	98.0	45.0	16.0	126.06
36	-81.0	-13.0	17.0	-5.0	-49.0	1.0	-17.0	-22.0	134.28
37	8.0	2.0	0.0	-23.0	6.0	59.0	100.0	72.0	135.41
38	32.0	-2.0	-6.0	-12.0	-34.0	42.0	24.0	-8.0	142.29
39	23.0	-10.0	-7.0	22.0	-30.0	-128.0	127.0	-85.0	146.22
40	24.0	-19.0	15.0	10.0	70.0	83.0	-49.0	-1.0	148.2
41	-7.0	12.0	-4.0	-31.0	32.0	81.0	4.0	94.0	152.9
42	16.0	21.0	-23.0	-7.0	102.0	59.0	-12.0	-28.0	148.8
43	-10.0	-8.0	-6.0	-37.0	-78.0	40.0	-124.0	11.0	152.03
44	15.0	87.0	-7.0	79.0	12.0	45.0	-1.0	35.0	155.04
45	-55.0	-19.0	9.0	-31.0	-128.0	78.0	90.0	16.0	156.38
46	21.0	-41.0	34.0	102.0	24.0	-39.0	-92.0	17.0	161.14
47	-15.0	-5.0	39.0	58.0	-10.0	-122.0	1.0	-37.0	157.08
48	7.0	-9.0	-15.0	1.0	-71.0	32.0	123.0	-18.0	161.37
49	6.0	15.0	-7.0	-118.0	38.0	59.0	29.0	-90.0	161.37
50	10.0	15.0	-3.0	-30.0	10.0	57.0	-128.0	41.0	164.91
51	22.0	-16.0	18.0	3.0	-4.0	7.0	-2.0	1.0	166.15
52	27.0	-2.0	18.0	11.0	-39.0	88.0	46.0	8.0	166.88
53	-30.0	-5.0	-10.0	-128.0	7.0	-16.0	70.0	120.0	168.02
54	-128.0	-28.0	15.0	22.0	0.0	74.0	11.0	77.0	167.54
55	11.0	28.0	-12.0	-35.0	-10.0	114.0	75.0	15.0	165.49
56	69.0	-4.0	3.0	-55.0	-96.0	-19.0	-52.0	90.0	167.05
57	-29.0	-31.0	-28.0	75.0	17.0	32.0	18.0	35.0	164.82
58	26.0	28.0	-13.0	24.0	107.0	115.0	127.0	68.0	163.51
59	57.0	-6.0	-24.0	-9.0	-128.0	-31.0	-122.0	119.0	168.02
60	-14.0	12.0	-12.0	-6.0	-73.0	-50.0	-17.0	32.0	165.49
61	0.0	16.0	-3.0	58.0	-19.0	-38.0	37.0	-64.0	163.12
62	-17.0	-31.0	-14.0	-1.0	103.0	96.0	11.0	6.0	165.85
63	-18.0	18.0	-12.0	5.0	127.0	96.0	-112.0	-6.0	163.02
64	-21.0	-36.0	2.0	-46.0	127.0	32.0	0.0	63.0	162.13
65	16.0	-1.0	-4.0	22.0	-34.0	-19.0	98.0	65.0	164.82
66	-3.0	-12.0	-12.0	-8.0	-66.0	-7.0	111.0	111.0	162.31
67	15.0	-48.0	3.0	-34.0	16.0	5.0	-91.0	41.0	161.78
68	-75.0	-39.0	-18.0	1.0	-27.0	91.0	24.0	-127.0	164.1
69	18.0	1.0	-4.0	-22.0	-19.0	0.0	-6.0	-91.0	165.52
70	-19.0	-9.0	127.0	3.0	100.0	93.0	-12.0	-31.0	167.6
71	48.0	-13.0	-12.0	26.0	17.0	41.0	-42.0	87.0	167.54
72	-5.0	7.0	1.0	48.0	10.0	-38.0	-91.0	107.0	167.62
73	24.0	-4.0	-8.0	26.0	-30.0	116.0	40.0	66.0	167.32
74	60.0	3.0	-17.0	2.0	27.0	-31.0	127.0	51.0	167.05
75	26.0	7.0	-12.0	-23.0	-31.0	-55.0	-33.0	29.0	166.15
76	-23.0	1.0	-7.0	1.0	14.0	7.0	48.0	-84.0	164.91
77	56.0	-4.0	45.0	40.0	127.0	40.0	-98.0	-13.0	164.4
78	1.0	14.0	16.0	-13.0	79.0	8.0	24.0	-91.0	158.27
79	-31.0	-5.0	-27.0	-10.0	96.0	54.0	-1.0	-27.0	161.14
80	-62.0	12.0	1.0	5.0	-111.0	127.0	-56.0	0.0	160.19
81	20.0	16.0	-11.0	-10.0	-72.0	-10.0	122.0	-37.0	161.78
82	-19.0	71.0	-4.0	41.0	10.0	-26.0	-109.0	11.0	159.16
83	-44.0	-25.0	39.0	-51.0	30.0	81.0	-66.0	111.0	157.08
84	-6.0	1.0	15.0	-60.0	-43.0	-60.0	84.0	-9.0	152.06
85	98.0	-6.0	-2.0	-15.0	51.0	-116.0	25.0	79.0	152.03
