0	17.0	43.0	-74.0	-8.0	-54.0	-104.0	-100.0	53.0	166.84
1	84.0	-6.0	-8.0	-10.0	-128.0	-1.0	-81.0	127.0	164.12
2	-51.0	27.0	127.0	17.0	93.0	-8.0	69.0	-36.0	164.47
3	-72.0	41.0	19.0	-5.0	-79.0	-20.0	68.0	18.0	163.95
4	-9.0	-7.0	16.0	119.0	-23.0	-24.0	3.0	54.0	163.95
5	-91.0	-4.0	-41.0	17.0	-20.0	11.0	-82.0	-17.0	161.95
6	53.0	-16.0	-53.0	38.0	-51.0	101.0	-56.0	-66.0	167.03
7	34.0	-19.0	-25.0	39.0	74.0	-70.0	32.0	33.0	163.42
8	15.0	-1.0	-10.0	127.0	24.0	-14.0	127.0	-83.0	163.03
9	-12.0	97.0	8.0	-10.0	85.0	-8.0	90.0	-5.0	161.5
10	11.0	79.0	-23.0	22.0	50.0	44.0	-80.0	38.0	161.4
11	-13.0	-6.0	-31.0	-10.0	-41.0	102.0	51.0	127.0	158.98
12	29.0	0.0	119.0	74.0	53.0	26.0	-97.0	-35.0	157.77
13	-7.0	1.0	21.0	2.0	-10.0	34.0	-61.0	0.0	154.98
14	34.0	-14.0	21.0	-61.0	28.0	38.0	22.0	-31.0	151.31
15	-42.0	-28.0	8.0	-60.0	62.0	-26.0	-18.0	-20.0	149.22
16	-12.0	-68.0	-23.0	-42.0	127.0	61.0	86.0	-61.0	142.99
17	10.0	4.0	-29.0	-10.0	-110.0	83.0	-11.0	-102.0	126.58
18	20.0	-1.0	26.0	-35.0	-42.0	-120.0	-91.0	-34.0	120.96
19	-20.0	-13.0	-17.0	21.0	-79.0	1.0	0.0	22.0	118.63
20	-42.0	25.0	-4.0	-62.0	61.0	74.0	-43.0	-20.0	127.7
21	24.0	11.0	-3.0	87.0	-17.0	26.0	61.0	-72.0	143.0
22	81.0	-19.0	10.0	14.0	-2.0	-13.0	-64.0	-36.0	138.65
23	55.0	8.0	34.0	-5.0	-85.0	-96.0	-29.0	71.0	127.52
24	-15.0	-27.0	9.0	32.0	-79.0	-5.0	29.0	-27.0	125.85
25	12.0	19.0	14.0	37.0	97.0	74.0	93.0	-31.0	117.84
26	10.0	18.0	11.0	-87.0	127.0	20.0	58.0	84.0	117.84
27	29.0	-99.0	2.0	-9.0	15.0	31.0	15.0	2.0	125.3
28	-91.0	7.0	-13.0	-5.0	15.0	-23.0	-18.0	40.0	125.3
29	-5.0	-13.0	-54.0	-62.0	108.0	77.0	71.0	-18.0	118.01
30	-60.0	-1.0	5.0	-61.0	95.0	-31.0	-10.0	29.0	118.63
31	-7.0	0.0	-22.0	41.0	-2.0	-88.0	-25.0	54.0	140.41
32	-27.0	-16.0	-35.0	19.0	-91.0	-68.0	-7.0	-127.0	142.64
33	-42.0	2.0	-6.0	44.0	19.0	44.0	51.0	-88.0	138.9
34	-7.0	-6.0	2.0	-61.0	44.0	127.0	-26.0	-22.0	138.65
35	70.0	-20.0	4.0	8.0	-100.0	-55.0	106.0	35.0	142.64
36	-21.0	8.0	-12.0	20.0	-121.0	0.0	-53.0	75.0	126.58
37	-52.0	-32.0	-10.0	14.0	-4.0	127.0	-58.0	-36.0	127.7
38	-23.0	27.0	13.0	-1.0	16.0	24.0	14.0	121.0	138.15
39	-23.0	-6.0	-8.0	-1.0	15.0	68.0	9.0	-36.0	134.38
40	0.0	97.0	4.0	7.0	-128.0	-103.0	-76.0	-70.0	141.95
41	-42.0	12.0	-26.0	57.0	-24.0	38.0	-125.0	47.0	144.22
42	-7.0	-14.0	7.0	-13.0	127.0	115.0	127.0	40.0	143.22
43	29.0	-96.0	-23.0	80.0	-10.0	4.0	7.0	-28.0	144.22
44	-59.0	13.0	-10.0	82.0	99.0	-103.0	24.0	-72.0	141.95
45	17.0	43.0	11.0	-1.0	59.0	-74.0	-61.0	76.0	141.54
46	-12.0	3.0	26.0	-13.0	0.0	-128.0	-25.0	15.0	146.12
47	-54.0	3.0	-9.0	21.0	-5.0	83.0	-70.0	-120.0	156.36
48	53.0	-18.0	11.0	127.0	6.0	86.0	-27.0	-67.0	149.07
49	107.0	18.0	30.0	28.0	74.0	-88.0	-123.0	-26.0	147.0
50	54.0	4.0	23.0	47.0	124.0	-128.0	-109.0	53.0	154.27
51	-21.0	32.0	-6.0	26.0	127.0	-128.0	127.0	-22.0	154.98
52	-44.0	16.0	-28.0	-34.0	127.0	63.0	24.0	-120.0	148.16
53	29.0	-17.0	60.0	-19.0	127.0	-14.0	60.0	-121.0	149.13
54	7.0	-49.0	-4.0	127.0	-2.0	0.0	-75.0	127.0	153.0
55	5.0	-25.0	-19.0	-5.0	-51.0	106.0	-64.0	127.0	154.27
56	-38.0	-14.0	82.0	21.0	9.0	127.0	83.0	17.0	151.31
57	-25.0	5.0	7.0	23.0	-71.0	-128.0	60.0	-37.0	148.16
58	-72.0	12.0	-74.0	-121.0	44.0	-83.0	-56.0	-68.0	146.12
59	51.0	-4.0	19.0	-103.0	-10.0	26.0	-37.0	-10.0	151.82
60	14.0	-96.0	-9.0	27.0	-114.0	51.0	-4.0	-38.0	157.77
61	82.0	-31.0	60.0	-52.0	21.0	39.0	-26.0	75.0	158.23
62	-40.0	121.0	21.0	-8.0	127.0	-128.0	15.0	-28.0	161.5
63	-7.0	-4.0	-9.0	-4.0	124.0	60.0	92.0	84.0	163.42
64	-31.0	77.0	-2.0	-16.0	61.0	9.0	3.0	-3.0	165.15
65	-58.0	-55.0	6.0	-18.0	-91.0	101.0	93.0	49.0	167.67
66	106.0	-76.0	104.0	57.0	-128.0	127.0	79.0	79.0	167.89
67	20.0	-31.0	5.0	14.0	-121.0	-70.0	-108.0	84.0	168.15
68	-13.0	-3.0	13.0	56.0	-86.0	71.0	10.0	76.0	168.51
69	-62.0	0.0	12.0	-128.0	0.0	0.0	-125.0	-17.0	167.89
70	20.0	15.0	-23.0	-2.0	0.0	-105.0	127.0	18.0	167.89
71	48.0	-12.0	46.0	110.0	55.0	58.0	0.0	25.0	168.51
72	73.0	7.0	0.0	-1.0	-77.0	-116.0	-15.0	127.0	167.76
73	15.0	18.0	13.0	97.0	13.0	38.0	22.0	-30.0	167.18
74	19.0	-61.0	-6.0	-16.0	127.0	-4.0	-6.0	29.0	167.39
75	-5.0	-12.0	-8.0	-66.0	57.0	-67.0	-61.0	-71.0	167.89
76	63.0	23.0	-15.0	127.0	127.0	-73.0	29.0	37.0	167.76
77	-91.0	-10.0	-10.0	7.0	22.0	96.0	16.0	-128.0	167.24
78	-32.0	-48.0	-25.0	34.0	-79.0	127.0	71.0	-2.0	167.73
79	-128.0	15.0	-12.0	42.0	-85.0	-39.0	49.0	-83.0	166.05
80	22.0	-67.0	-3.0	-16.0	19.0	-39.0	-75.0	-47.0	164.47
81	-13.0	-42.0	127.0	-69.0	49.0	-128.0	-11.0	17.0	166.07
82	-36.0	-13.0	-6.0	-43.0	90.0	-31.0	79.0	62.0	167.54
83	-83.0	90.0	-13.0	35.0	22.0	38.0	37.0	53.0	166.07
84	-27.0	84.0	-22.0	47.0	21.0	-40.0	28.0	-4.0	167.03
85	22.0	49.0	-22.0	-42.0	127.0	98.0	-69.0	-128.0	167.67
