0	-11.0	9.0	12.0	-22.0	9.0	-118.0	15.0	55.0	138.1
1	36.0	12.0	-16.0	-69.0	127.0	79.0	10.0	-128.0	144.88
2	5.0	-1.0	-4.0	-28.0	41.0	50.0	5.0	73.0	141.8
3	-43.0	1.0	-5.0	123.0	-9.0	48.0	-36.0	89.0	146.21
4	15.0	-13.0	2.0	1.0	-18.0	127.0	112.0	67.0	149.24
5	24.0	-11.0	49.0	2.0	-57.0	21.0	-53.0	59.0	148.5
6	0.0	-16.0	19.0	17.0	99.0	-40.0	-14.0	-31.0	141.71
7	-15.0	-6.0	6.0	67.0	95.0	-54.0	26.0	-3.0	128.74
8	-42.0	15.0	36.0	-4.0	36.0	-36.0	127.0	0.0	119.8
9	1.0	-62.0	-20.0	4.0	-45.0	101.0	44.0	72.0	119.9
10	-45.0	-11.0	-8.0	11.0	-30.0	-96.0	124.0	-13.0	119.34
11	91.0	-2.0	-9.0	58.0	67.0	127.0	-67.0	-45.0	141.19
12	33.0	-3.0	-1.0	13.0	-48.0	-23.0	-121.0	22.0	131.04
13	-50.0	5.0	15.0	-50.0	9.0	-10.0	-4.0	63.0	128.19
14	0.0	-35.0	63.0	93.0	53.0	56.0	37.0	4.0	118.89
15	22.0	10.0	-2.0	20.0	106.0	62.0	-17.0	81.0	117.55
16	11.0	3.0	22.0	6.0	30.0	0.0	121.0	121.0	117.44
17	15.0	-1.0	22.0	-7.0	-16.0	37.0	36.0	-101.0	119.27
18	13.0	6.0	-12.0	0.0	-57.0	20.0	30.0	-66.0	119.74
19	-37.0	-2.0	-13.0	23.0	32.0	-81.0	110.0	-11.0	119.75
20	37.0	-81.0	13.0	63.0	-15.0	78.0	-27.0	20.0	119.9
21	28.0	4.0	-21.0	2.0	127.0	127.0	49.0	-64.0	128.74
22	53.0	51.0	-4.0	-53.0	12.0	127.0	12.0	127.0	144.96
23	2.0	10.0	-9.0	53.0	-16.0	79.0	-22.0	51.0	139.48
24	-22.0	-25.0	-4.0	-18.0	6.0	-62.0	62.0	25.0	119.61
25	-30.0	13.0	9.0	-42.0	39.0	38.0	-33.0	-116.0	118.89
26	70.0	-27.0	43.0	-41.0	4.0	62.0	86.0	13.0	119.75
27	24.0	1.0	-19.0	-23.0	92.0	54.0	108.0	49.0	141.71
28	14.0	-24.0	-14.0	-24.0	5.0	-108.0	-128.0	88.0	145.82
29	-5.0	13.0	21.0	31.0	-20.0	28.0	-94.0	-119.0	149.67
30	1.0	31.0	-15.0	-5.0	-7.0	85.0	63.0	-24.0	153.53
31	-91.0	2.0	3.0	-67.0	127.0	103.0	-15.0	48.0	160.8
32	-46.0	-21.0	-19.0	-60.0	-128.0	-3.0	-56.0	-70.0	155.01
33	60.0	-3.0	-9.0	-2.0	-14.0	-68.0	97.0	79.0	161.73
34	51.0	-21.0	45.0	-42.0	118.0	55.0	110.0	50.0	155.01
35	-3.0	1.0	71.0	5.0	-6.0	73.0	122.0	0.0	162.71
36	35.0	-61.0	9.0	26.0	24.0	-54.0	-89.0	-109.0	158.74
37	-95.0	-4.0	5.0	-38.0	-9.0	64.0	118.0	92.0	154.08
38	22.0	-1.0	26.0	-12.0	78.0	101.0	-45.0	-69.0	156.05
39	10.0	21.0	-45.0	-59.0	59.0	-37.0	47.0	35.0	160.8
40	29.0	2.0	-27.0	0.0	-15.0	116.0	57.0	30.0	163.78
41	73.0	-64.0	2.0	20.0	72.0	-15.0	-28.0	-128.0	164.1
42	-21.0	-12.0	-25.0	-15.0	-78.0	-128.0	9.0	23.0	166.87
43	-34.0	88.0	0.0	2.0	57.0	-90.0	127.0	55.0	169.78
44	1.0	-28.0	-14.0	-33.0	2.0	37.0	-11.0	-9.0	167.75
45	-45.0	31.0	-23.0	105.0	-19.0	-2.0	1.0	29.0	168.29
46	48.0	21.0	4.0	-23.0	28.0	56.0	12.0	86.0	163.03
47	-45.0	-63.0	7.0	53.0	14.0	37.0	-16.0	12.0	167.25
48	-71.0	34.0	-19.0	127.0	127.0	39.0	21.0	23.0	168.29
49	37.0	36.0	2.0	-31.0	79.0	-31.0	27.0	-12.0	165.41
50	11.0	15.0	-12.0	-1.0	37.0	78.0	-31.0	-108.0	167.94
51	26.0	-4.0	7.0	0.0	-15.0	64.0	67.0	33.0	169.89
52	-5.0	-19.0	-13.0	-24.0	-125.0	10.0	127.0	24.0	170.15
53	32.0	-17.0	9.0	6.0	-124.0	-112.0	-1.0	12.0	169.82
54	-85.0	-1.0	-9.0	22.0	25.0	6.0	28.0	-102.0	169.62
55	84.0	15.0	-8.0	127.0	-3.0	-1.0	-25.0	33.0	169.62
56	-1.0	123.0	1.0	21.0	48.0	127.0	49.0	70.0	170.12
57	11.0	-12.0	-14.0	12.0	111.0	73.0	11.0	26.0	170.26
58	23.0	38.0	-25.0	35.0	-106.0	-69.0	101.0	127.0	169.89
59	8.0	-11.0	-32.0	55.0	-2.0	-66.0	-19.0	-117.0	168.4
60	5.0	-7.0	-13.0	2.0	-40.0	117.0	127.0	24.0	170.12
61	45.0	-20.0	27.0	-15.0	32.0	-93.0	92.0	-6.0	167.94
62	-23.0	-6.0	127.0	-40.0	49.0	-123.0	-101.0	10.0	164.28
63	8.0	-3.0	6.0	19.0	-77.0	1.0	97.0	55.0	165.41
64	-45.0	16.0	9.0	-50.0	-73.0	63.0	-24.0	-29.0	163.03
65	15.0	-36.0	-34.0	68.0	74.0	-22.0	-55.0	106.0	164.1
66	0.0	26.0	-26.0	18.0	-67.0	76.0	124.0	6.0	164.28
67	35.0	-11.0	-13.0	-6.0	35.0	104.0	7.0	-63.0	163.47
68	-20.0	15.0	33.0	32.0	18.0	-11.0	-37.0	67.0	162.71
69	-21.0	12.0	-37.0	12.0	-63.0	94.0	60.0	-117.0	161.7
70	24.0	-11.0	10.0	-107.0	59.0	26.0	-31.0	8.0	159.2
71	7.0	6.0	7.0	10.0	-115.0	-43.0	15.0	-8.0	158.74
72	5.0	-16.0	-25.0	11.0	-19.0	110.0	38.0	28.0	154.08
73	37.0	9.0	2.0	29.0	25.0	120.0	38.0	-38.0	148.5
74	-101.0	-36.0	-23.0	24.0	28.0	-92.0	22.0	-3.0	151.4
75	20.0	33.0	3.0	-22.0	-3.0	116.0	-128.0	30.0	151.23
76	11.0	2.0	15.0	53.0	-49.0	-128.0	-66.0	35.0	149.24
77	-66.0	-14.0	-43.0	-87.0	11.0	110.0	-4.0	30.0	151.23
78	57.0	71.0	10.0	-9.0	19.0	94.0	-3.0	6.0	145.82
79	23.0	-60.0	26.0	-20.0	11.0	-72.0	-96.0	-102.0	143.65
80	8.0	-33.0	-2.0	-11.0	36.0	43.0	17.0	-128.0	143.06
81	52.0	9.0	23.0	29.0	-26.0	68.0	-120.0	70.0	143.06
82	-27.0	2.0	-15.0	28.0	4.0	-128.0	35.0	72.0	139.48
83	-62.0	37.0	-15.0	11.0	40.0	36.0	102.0	-40.0	128.43
84	23.0	61.0	1.0	-9.0	20.0	72.0	-118.0	81.0	133.92
