0	23.0	15.0	-15.0	29.0	-128.0	21.0	-120.0	-45.0	167.75
1	-22.0	-7.0	2.0	-67.0	28.0	127.0	-15.0	33.0	163.47
2	15.0	3.0	7.0	-50.0	36.0	20.0	122.0	48.0	160.8
3	73.0	-61.0	-23.0	12.0	-14.0	110.0	-22.0	73.0	154.08
4	-30.0	-3.0	6.0	-40.0	24.0	117.0	-31.0	13.0	158.74
5	1.0	31.0	-2.0	-7.0	48.0	-68.0	22.0	-13.0	158.74
6	-91.0	-27.0	-9.0	2.0	-115.0	64.0	-128.0	23.0	155.01
7	26.0	-16.0	12.0	58.0	-19.0	127.0	44.0	-102.0	149.67
8	48.0	15.0	22.0	11.0	-15.0	-2.0	121.0	51.0	151.23
9	2.0	-33.0	-12.0	-2.0	4.0	101.0	63.0	-63.0	154.08
10	11.0	33.0	33.0	-50.0	36.0	-81.0	15.0	30.0	141.71
11	-37.0	21.0	71.0	0.0	-19.0	37.0	21.0	81.0	119.8
12	-34.0	9.0	-19.0	2.0	-15.0	94.0	9.0	-66.0	141.19
13	60.0	10.0	1.0	-33.0	-63.0	73.0	118.0	-8.0	144.88
14	-1.0	-6.0	-14.0	93.0	25.0	-15.0	-121.0	81.0	148.5
15	0.0	12.0	-5.0	68.0	95.0	64.0	101.0	79.0	146.21
16	-15.0	15.0	49.0	20.0	11.0	38.0	36.0	0.0	143.65
17	-45.0	-13.0	19.0	-42.0	35.0	-62.0	-36.0	29.0	141.8
18	24.0	16.0	6.0	0.0	-45.0	76.0	86.0	-24.0	143.06
19	35.0	12.0	26.0	24.0	-124.0	101.0	127.0	-117.0	128.43
20	0.0	2.0	-43.0	32.0	-2.0	56.0	30.0	12.0	139.48
21	-62.0	31.0	21.0	20.0	111.0	28.0	38.0	121.0	149.24
22	10.0	-14.0	-23.0	2.0	-3.0	-72.0	38.0	30.0	149.24
23	15.0	-24.0	-9.0	6.0	79.0	54.0	7.0	-128.0	128.74
24	22.0	26.0	36.0	28.0	18.0	110.0	127.0	6.0	119.9
25	11.0	123.0	26.0	-11.0	-57.0	73.0	124.0	-102.0	117.55
26	-3.0	1.0	-8.0	2.0	53.0	-128.0	10.0	55.0	117.44
27	-45.0	13.0	-9.0	35.0	-73.0	55.0	-67.0	127.0	119.34
28	-21.0	-11.0	3.0	6.0	41.0	62.0	97.0	-116.0	118.89
29	5.0	-63.0	9.0	1.0	59.0	-128.0	27.0	-38.0	138.1
30	32.0	9.0	63.0	-22.0	-77.0	85.0	-25.0	28.0	119.9
31	36.0	-4.0	-25.0	13.0	32.0	-66.0	67.0	-119.0	133.92
32	1.0	-6.0	-25.0	-23.0	39.0	-92.0	47.0	59.0	145.82
33	-43.0	1.0	-26.0	-38.0	-9.0	62.0	12.0	6.0	141.71
34	51.0	-62.0	45.0	5.0	78.0	120.0	49.0	127.0	119.75
35	-85.0	13.0	15.0	-53.0	-67.0	0.0	-45.0	25.0	119.27
36	45.0	-11.0	10.0	-107.0	6.0	127.0	-17.0	-6.0	128.19
37	24.0	-1.0	-12.0	67.0	74.0	-93.0	-3.0	-64.0	118.89
38	23.0	2.0	13.0	-12.0	-3.0	-123.0	-53.0	35.0	119.75
39	37.0	61.0	-13.0	-5.0	-40.0	-128.0	5.0	0.0	119.61
40	22.0	-64.0	-14.0	127.0	37.0	1.0	-19.0	49.0	128.74
41	-46.0	-2.0	-13.0	-87.0	-26.0	78.0	112.0	-3.0	144.96
42	8.0	-3.0	23.0	-59.0	-106.0	79.0	110.0	50.0	143.06
43	11.0	6.0	2.0	-22.0	72.0	-43.0	-4.0	63.0	139.48
44	-45.0	-21.0	5.0	22.0	4.0	79.0	-11.0	67.0	119.74
45	53.0	71.0	22.0	12.0	-6.0	50.0	35.0	92.0	131.04
46	-95.0	-36.0	127.0	-24.0	11.0	63.0	12.0	-12.0	153.53
47	1.0	2.0	-20.0	55.0	40.0	36.0	-96.0	106.0	151.4
48	91.0	36.0	-9.0	-20.0	92.0	-96.0	1.0	-128.0	151.23
49	8.0	-16.0	-37.0	-23.0	-57.0	-40.0	-128.0	22.0	145.82
50	7.0	-25.0	-45.0	-69.0	-30.0	116.0	127.0	26.0	148.5
51	52.0	-11.0	15.0	-15.0	2.0	-1.0	57.0	24.0	155.01
52	-71.0	51.0	-8.0	53.0	127.0	37.0	-24.0	12.0	159.2
53	24.0	6.0	-2.0	-18.0	106.0	127.0	92.0	86.0	161.7
54	14.0	-11.0	43.0	21.0	-9.0	-22.0	-4.0	-31.0	156.05
55	70.0	-1.0	2.0	123.0	-20.0	48.0	-56.0	20.0	162.71
56	-5.0	-4.0	9.0	-15.0	127.0	-37.0	-31.0	55.0	161.73
57	23.0	5.0	-13.0	127.0	-48.0	72.0	-27.0	-29.0	164.1
58	37.0	-12.0	-19.0	-9.0	-7.0	-90.0	102.0	4.0	164.1
59	-45.0	-12.0	-21.0	-41.0	-49.0	-10.0	127.0	33.0	164.28
60	-42.0	-2.0	0.0	-9.0	59.0	6.0	-37.0	10.0	165.41
61	-23.0	-81.0	-16.0	26.0	127.0	10.0	97.0	-9.0	167.25
62	-101.0	-17.0	-34.0	4.0	-15.0	26.0	-94.0	89.0	168.29
63	84.0	1.0	7.0	105.0	25.0	43.0	62.0	-70.0	169.62
64	0.0	34.0	-25.0	31.0	5.0	56.0	-33.0	-101.0	163.78
65	35.0	10.0	-27.0	63.0	67.0	-54.0	-14.0	72.0	162.71
66	-21.0	-1.0	7.0	0.0	99.0	-108.0	-118.0	-3.0	160.8
67	-66.0	-19.0	9.0	29.0	-18.0	94.0	49.0	30.0	163.03
68	-27.0	-36.0	9.0	-28.0	-78.0	-118.0	-1.0	-108.0	163.03
69	57.0	-35.0	4.0	23.0	32.0	78.0	17.0	72.0	165.41
70	33.0	4.0	-15.0	-1.0	30.0	127.0	-28.0	-11.0	167.94
71	15.0	21.0	-13.0	-6.0	-16.0	-54.0	108.0	-117.0	170.12
72	-50.0	38.0	2.0	17.0	20.0	-23.0	124.0	70.0	170.15
73	8.0	-21.0	-1.0	53.0	14.0	68.0	-101.0	-69.0	170.12
74	-5.0	9.0	-14.0	18.0	127.0	-36.0	15.0	-109.0	167.94
75	11.0	-11.0	27.0	-31.0	19.0	-11.0	37.0	70.0	168.4
76	28.0	-60.0	1.0	19.0	57.0	37.0	-55.0	88.0	169.82
77	37.0	-1.0	-19.0	11.0	49.0	-112.0	60.0	35.0	169.62
78	5.0	-28.0	-4.0	53.0	-125.0	39.0	26.0	24.0	169.78
79	-20.0	-3.0	-15.0	10.0	12.0	103.0	-66.0	8.0	166.87
80	20.0	88.0	-32.0	-24.0	9.0	-3.0	11.0	-128.0	169.89
81	5.0	2.0	-4.0	-42.0	9.0	-31.0	28.0	67.0	170.26
82	29.0	37.0	3.0	-4.0	118.0	-69.0	-89.0	55.0	169.89
83	-11.0	-20.0	-4.0	11.0	-16.0	116.0	-16.0	-40.0	164.28
84	13.0	15.0	10.0	-60.0	28.0	104.0	110.0	23.0	168.29
