0	-23.0	29.0	94.0	-9.0	-8.0	5.0	-84.0	-10.0	61.5
1	-34.0	-110.0	-32.0	-39.0	4.0	6.0	14.0	-59.0	64.17
2	-73.0	60.0	-32.0	-17.0	26.0	24.0	-11.0	2.0	91.87
3	-106.0	108.0	-106.0	11.0	0.0	1.0	-9.0	-8.0	89.93
4	9.0	34.0	-11.0	-11.0	-24.0	-7.0	0.0	13.0	93.39
5	8.0	-18.0	127.0	9.0	4.0	-1.0	-33.0	18.0	102.4
6	38.0	35.0	-35.0	27.0	5.0	3.0	55.0	-1.0	102.01
7	49.0	-31.0	4.0	-6.0	13.0	1.0	74.0	-19.0	96.33
8	-2.0	127.0	118.0	71.0	-32.0	29.0	-32.0	2.0	89.93
9	-19.0	33.0	-75.0	2.0	6.0	-11.0	17.0	-42.0	86.85
10	-6.0	6.0	-2.0	48.0	-4.0	54.0	38.0	-8.0	96.7
11	-77.0	127.0	28.0	-9.0	-5.0	9.0	-28.0	-52.0	90.41
12	127.0	-20.0	13.0	4.0	19.0	-17.0	2.0	32.0	77.42
13	-107.0	49.0	12.0	36.0	27.0	-3.0	-15.0	-10.0	82.03
14	-1.0	125.0	0.0	-12.0	-22.0	21.0	-13.0	-44.0	99.39
15	127.0	127.0	9.0	9.0	5.0	-24.0	-9.0	32.0	105.81
16	77.0	-49.0	-7.0	-13.0	16.0	-10.0	-3.0	5.0	106.75
17	76.0	33.0	2.0	20.0	-7.0	-1.0	47.0	69.0	86.16
18	-63.0	-75.0	24.0	127.0	-1.0	0.0	-7.0	-24.0	82.41
19	30.0	-28.0	28.0	-6.0	14.0	-2.0	-2.0	9.0	100.13
20	83.0	127.0	3.0	56.0	-10.0	3.0	-3.0	12.0	78.61
21	-128.0	18.0	-11.0	16.0	18.0	3.0	-29.0	-27.0	65.08
22	-58.0	4.0	-55.0	87.0	1.0	6.0	8.0	-18.0	86.3
23	83.0	98.0	-10.0	23.0	-15.0	2.0	-7.0	23.0	63.88
24	-7.0	-60.0	15.0	-10.0	34.0	-23.0	-6.0	-5.0	82.03
25	7.0	-81.0	-25.0	60.0	29.0	52.0	-40.0	-6.0	77.42
26	-27.0	-19.0	28.0	1.0	8.0	0.0	-21.0	-10.0	62.46
27	-128.0	-128.0	-32.0	0.0	-15.0	15.0	65.0	-22.0	63.88
28	38.0	95.0	37.0	-15.0	17.0	-4.0	-7.0	-6.0	86.16
29	68.0	-29.0	64.0	31.0	-36.0	-4.0	-24.0	26.0	93.35
30	-18.0	127.0	-40.0	21.0	11.0	-13.0	16.0	47.0	91.87
31	-33.0	-125.0	60.0	-1.0	15.0	33.0	5.0	-18.0	106.92
32	75.0	-78.0	3.0	-74.0	-27.0	7.0	-26.0	9.0	101.95
33	53.0	127.0	31.0	27.0	2.0	-48.0	-27.0	-13.0	104.34
34	37.0	-86.0	-33.0	-23.0	9.0	-14.0	26.0	-35.0	88.22
35	-24.0	59.0	127.0	14.0	-3.0	15.0	-8.0	29.0	96.33
36	109.0	-67.0	42.0	39.0	2.0	-2.0	11.0	25.0	106.75
37	42.0	59.0	-19.0	-105.0	-1.0	55.0	5.0	11.0	90.63
38	-88.0	-10.0	40.0	97.0	-13.0	-2.0	1.0	-17.0	86.94
39	127.0	63.0	58.0	36.0	22.0	0.0	11.0	10.0	75.29
40	101.0	-19.0	86.0	-96.0	5.0	59.0	-4.0	66.0	61.3
41	24.0	-47.0	-14.0	-1.0	-2.0	-13.0	-31.0	15.0	62.47
42	92.0	-128.0	127.0	83.0	35.0	-35.0	23.0	-26.0	88.82
43	112.0	-128.0	103.0	-38.0	-10.0	44.0	-22.0	22.0	94.87
44	-128.0	73.0	11.0	-45.0	6.0	-1.0	12.0	-7.0	86.85
45	-26.0	-75.0	33.0	81.0	20.0	-3.0	-7.0	9.0	101.95
46	46.0	-111.0	0.0	-26.0	12.0	0.0	111.0	-40.0	96.7
47	98.0	40.0	-13.0	22.0	-14.0	32.0	-38.0	-8.0	109.33
48	-95.0	52.0	-10.0	35.0	83.0	-51.0	-7.0	-16.0	96.41
49	89.0	85.0	82.0	-27.0	34.0	17.0	3.0	8.0	107.61
50	-41.0	-62.0	-15.0	9.0	-2.0	19.0	-15.0	-12.0	112.22
51	-99.0	37.0	80.0	-36.0	58.0	-17.0	8.0	12.0	119.58
52	0.0	70.0	32.0	22.0	1.0	-10.0	4.0	39.0	119.58
53	127.0	49.0	35.0	14.0	-1.0	-17.0	9.0	-5.0	113.55
54	-60.0	-27.0	45.0	18.0	22.0	1.0	33.0	19.0	115.32
55	-51.0	127.0	-26.0	43.0	6.0	-22.0	-7.0	16.0	116.54
56	83.0	-48.0	-19.0	-34.0	11.0	-7.0	0.0	-6.0	110.63
57	-20.0	108.0	80.0	16.0	-8.0	-7.0	12.0	-2.0	121.95
58	-41.0	79.0	0.0	-17.0	6.0	18.0	24.0	5.0	140.54
59	127.0	-87.0	32.0	1.0	13.0	13.0	-8.0	-5.0	141.08
60	-27.0	-116.0	-14.0	87.0	12.0	7.0	-45.0	-14.0	140.66
61	5.0	-54.0	17.0	-13.0	40.0	-27.0	-70.0	-3.0	112.22
62	-2.0	116.0	25.0	75.0	-4.0	-12.0	12.0	23.0	141.36
63	-34.0	62.0	-106.0	-37.0	-4.0	-2.0	-2.0	6.0	141.08
64	95.0	-128.0	-54.0	-4.0	-4.0	7.0	45.0	-6.0	141.36
65	-2.0	-9.0	7.0	-25.0	-2.0	-7.0	59.0	-79.0	141.32
66	106.0	-48.0	107.0	107.0	-7.0	-11.0	-21.0	-6.0	114.6
67	-51.0	-5.0	-40.0	-93.0	-1.0	-5.0	-40.0	-12.0	110.6
68	85.0	33.0	-34.0	51.0	-9.0	1.0	-7.0	-3.0	109.19
69	-96.0	31.0	2.0	71.0	4.0	-11.0	-90.0	-17.0	110.6
70	34.0	-11.0	-26.0	11.0	12.0	9.0	-29.0	-18.0	107.61
71	7.0	87.0	9.0	29.0	4.0	-27.0	-33.0	7.0	106.92
72	-94.0	83.0	-29.0	-20.0	-12.0	17.0	-9.0	8.0	102.01
73	31.0	48.0	-11.0	-58.0	40.0	9.0	30.0	48.0	103.69
74	-51.0	126.0	-6.0	-3.0	-17.0	-9.0	-5.0	-16.0	96.41
75	26.0	9.0	-43.0	-3.0	0.0	-17.0	-13.0	-3.0	105.14
76	-4.0	43.0	26.0	-47.0	-34.0	-32.0	46.0	20.0	78.61
77	23.0	-128.0	32.0	-63.0	-10.0	26.0	27.0	-9.0	62.47
78	-114.0	88.0	-2.0	33.0	-6.0	7.0	-59.0	15.0	65.08
79	49.0	59.0	-50.0	-30.0	-8.0	1.0	14.0	-2.0	74.83
80	123.0	-128.0	29.0	97.0	-4.0	-10.0	-6.0	-14.0	75.29
81	6.0	6.0	-6.0	-34.0	-13.0	-25.0	-16.0	9.0	80.04
82	39.0	107.0	127.0	-58.0	-5.0	8.0	-26.0	24.0	61.5
83	-93.0	94.0	-35.0	-47.0	-10.0	11.0	-8.0	34.0	62.62
84	60.0	2.0	-128.0	3.0	-2.0	-1.0	-4.0	22.0	74.0
85	28.0	94.0	19.0	-44.0	-19.0	1.0	-7.0	41.0	76.51
