0	3.0	5.0	-35.0	-113.0	-37.0	-9.0	42.0	33.0	108.68
1	-21.0	36.0	-92.0	33.0	6.0	-12.0	17.0	13.0	106.39
2	127.0	105.0	93.0	15.0	-16.0	5.0	-21.0	5.0	109.26
3	-128.0	-51.0	26.0	59.0	0.0	6.0	-50.0	-10.0	104.07
4	-46.0	56.0	-18.0	8.0	3.0	-4.0	0.0	34.0	111.5
5	40.0	-5.0	-2.0	-30.0	11.0	-16.0	127.0	-22.0	111.82
6	-67.0	-78.0	74.0	48.0	-7.0	0.0	18.0	-2.0	111.5
7	-23.0	-38.0	57.0	-32.0	-4.0	7.0	1.0	60.0	111.66
8	-63.0	38.0	31.0	-13.0	-7.0	29.0	8.0	31.0	111.82
9	44.0	23.0	-128.0	-10.0	3.0	25.0	18.0	-19.0	111.6
10	-107.0	-85.0	17.0	-15.0	-20.0	-8.0	41.0	36.0	111.21
11	46.0	127.0	-37.0	-97.0	45.0	-28.0	-27.0	27.0	107.19
12	-5.0	3.0	66.0	-21.0	20.0	-15.0	-68.0	26.0	108.68
13	62.0	113.0	58.0	21.0	18.0	35.0	12.0	18.0	109.26
14	-120.0	7.0	17.0	12.0	-38.0	-31.0	59.0	17.0	94.37
15	112.0	-124.0	73.0	-5.0	-12.0	6.0	-9.0	-30.0	80.07
16	-84.0	-114.0	-23.0	-33.0	9.0	18.0	-1.0	5.0	83.41
17	-60.0	-42.0	-106.0	-38.0	-5.0	34.0	20.0	-24.0	81.21
18	54.0	103.0	38.0	-18.0	8.0	-5.0	11.0	-61.0	90.59
19	-12.0	-98.0	9.0	-62.0	-17.0	-25.0	26.0	12.0	77.02
20	-118.0	-17.0	-40.0	11.0	-10.0	-2.0	44.0	4.0	78.15
21	6.0	8.0	96.0	-102.0	2.0	-12.0	92.0	-7.0	75.05
22	-14.0	-29.0	85.0	10.0	19.0	-23.0	53.0	10.0	72.16
23	12.0	72.0	-52.0	36.0	-12.0	14.0	-44.0	30.0	69.75
24	59.0	-125.0	-8.0	95.0	-17.0	28.0	-126.0	40.0	67.66
25	-24.0	-48.0	-14.0	-61.0	-1.0	9.0	17.0	-42.0	57.09
26	-17.0	4.0	34.0	-99.0	13.0	-19.0	10.0	-43.0	59.39
27	80.0	127.0	-31.0	27.0	2.0	-28.0	13.0	63.0	50.72
28	127.0	111.0	-81.0	-59.0	-23.0	5.0	-65.0	39.0	55.74
29	47.0	-76.0	54.0	63.0	25.0	15.0	7.0	-21.0	53.64
30	-118.0	11.0	74.0	-23.0	3.0	-5.0	-24.0	33.0	55.6
31	-6.0	111.0	16.0	112.0	22.0	2.0	25.0	22.0	56.7
32	-12.0	-64.0	-5.0	-89.0	-31.0	8.0	5.0	-3.0	67.66
33	71.0	-55.0	-76.0	10.0	4.0	28.0	11.0	24.0	65.27
34	127.0	127.0	39.0	-7.0	-4.0	-22.0	-20.0	-3.0	60.58
35	26.0	-128.0	114.0	-17.0	-3.0	11.0	53.0	18.0	68.47
36	-40.0	18.0	-30.0	-11.0	-7.0	-2.0	40.0	27.0	60.58
37	42.0	-128.0	-128.0	-48.0	-22.0	7.0	-12.0	-16.0	60.4
38	-29.0	-19.0	-62.0	19.0	33.0	3.0	3.0	-10.0	58.59
39	4.0	-92.0	-42.0	-41.0	-46.0	-51.0	9.0	15.0	55.6
40	127.0	63.0	-16.0	67.0	-5.0	-4.0	15.0	9.0	58.35
41	-76.0	-107.0	-73.0	-109.0	-13.0	-72.0	-3.0	-4.0	59.73
42	107.0	65.0	-94.0	123.0	21.0	-6.0	48.0	-12.0	65.37
43	-64.0	-112.0	-41.0	-62.0	-9.0	8.0	-27.0	-25.0	54.6
44	69.0	1.0	-32.0	65.0	-15.0	32.0	-34.0	53.0	51.25
45	-3.0	121.0	9.0	1.0	22.0	4.0	0.0	67.0	49.94
46	-128.0	-104.0	23.0	14.0	-35.0	-62.0	10.0	-62.0	50.25
47	-95.0	-79.0	-20.0	122.0	-2.0	6.0	-33.0	0.0	50.72
48	8.0	-25.0	26.0	23.0	-28.0	12.0	19.0	10.0	51.92
49	101.0	90.0	22.0	57.0	34.0	-22.0	-8.0	19.0	50.77
50	36.0	127.0	50.0	-67.0	-19.0	-18.0	-11.0	18.0	50.77
51	-14.0	112.0	-14.0	41.0	1.0	-3.0	49.0	-45.0	53.4
52	90.0	32.0	9.0	-16.0	-16.0	1.0	-7.0	18.0	51.25
53	107.0	15.0	-7.0	127.0	3.0	-6.0	-40.0	42.0	53.4
54	-51.0	-20.0	-48.0	51.0	16.0	3.0	23.0	-1.0	58.28
55	-63.0	1.0	34.0	-80.0	20.0	17.0	-4.0	31.0	57.09
56	88.0	90.0	51.0	-117.0	-16.0	-20.0	-15.0	-9.0	52.34
57	127.0	55.0	-116.0	-8.0	-5.0	-28.0	-37.0	-53.0	53.64
58	75.0	65.0	-47.0	38.0	-3.0	-6.0	-70.0	-35.0	59.73
59	43.0	117.0	-57.0	-59.0	5.0	-35.0	-8.0	-7.0	56.7
60	-82.0	-122.0	27.0	-7.0	9.0	14.0	-14.0	1.0	60.4
61	78.0	127.0	52.0	-128.0	-12.0	10.0	-18.0	6.0	62.49
62	-22.0	35.0	48.0	44.0	-19.0	32.0	77.0	-9.0	66.16
63	-95.0	12.0	0.0	-84.0	-53.0	-45.0	-30.0	15.0	72.16
64	91.0	-76.0	25.0	45.0	-12.0	0.0	-54.0	10.0	68.47
65	55.0	127.0	87.0	-17.0	18.0	-7.0	13.0	38.0	74.25
66	-9.0	-95.0	4.0	102.0	0.0	-13.0	-2.0	-5.0	76.31
67	-67.0	58.0	9.0	30.0	-16.0	12.0	19.0	-16.0	77.02
68	-78.0	100.0	-40.0	-37.0	-11.0	26.0	47.0	6.0	74.25
69	88.0	86.0	127.0	-74.0	-18.0	-17.0	12.0	-6.0	82.87
70	-28.0	46.0	68.0	89.0	-16.0	-4.0	28.0	-8.0	92.98
71	79.0	-28.0	5.0	30.0	-2.0	-14.0	-4.0	8.0	84.89
72	58.0	127.0	-35.0	10.0	7.0	29.0	-16.0	-26.0	89.67
73	-4.0	-115.0	17.0	-25.0	31.0	-26.0	-93.0	-75.0	78.15
74	-21.0	105.0	7.0	25.0	-5.0	4.0	-19.0	19.0	90.59
75	83.0	94.0	-68.0	-74.0	-4.0	-5.0	-29.0	-6.0	96.99
76	87.0	-95.0	32.0	-9.0	6.0	37.0	-8.0	38.0	90.55
77	-53.0	-59.0	6.0	-31.0	8.0	18.0	20.0	18.0	89.67
78	116.0	127.0	-11.0	95.0	1.0	17.0	-31.0	8.0	102.13
79	44.0	41.0	-12.0	-15.0	-5.0	-18.0	-37.0	-56.0	101.4
80	-9.0	43.0	-90.0	34.0	7.0	18.0	-4.0	10.0	92.98
81	-52.0	-128.0	15.0	-6.0	-4.0	-16.0	35.0	-8.0	94.37
82	127.0	123.0	30.0	-3.0	-12.0	2.0	50.0	-63.0	106.39
83	-96.0	76.0	59.0	-1.0	-4.0	4.0	4.0	-2.0	101.4
84	48.0	-66.0	-108.0	56.0	-14.0	54.0	21.0	32.0	107.67
85	-76.0	-11.0	91.0	23.0	-7.0	-3.0	-73.0	68.0	108.01
86	50.0	-32.0	67.0	-21.0	-10.0	22.0	15.0	-14.0	109.33
