0	-101.0	90.0	40.0	-8.0	21.0	-16.0	5.0	-53.0	74.65
1	87.0	127.0	125.0	11.0	9.0	35.0	-8.0	10.0	75.95
2	30.0	-15.0	-61.0	7.0	-9.0	-32.0	-110.0	37.0	78.63
3	-25.0	-90.0	54.0	15.0	30.0	5.0	16.0	-11.0	77.12
4	-10.0	90.0	113.0	-18.0	-4.0	-38.0	83.0	-104.0	77.12
5	1.0	-59.0	-45.0	-9.0	5.0	18.0	17.0	-27.0	83.73
6	87.0	127.0	-15.0	107.0	10.0	2.0	-110.0	-21.0	93.63
7	-28.0	25.0	-90.0	-84.0	16.0	-32.0	-66.0	3.0	97.05
8	82.0	48.0	65.0	-37.0	1.0	21.0	113.0	-27.0	97.05
9	55.0	109.0	-9.0	-52.0	-40.0	-47.0	54.0	-6.0	104.23
10	121.0	-81.0	-25.0	-128.0	-1.0	17.0	-116.0	29.0	110.82
11	59.0	-128.0	-30.0	-6.0	-17.0	-38.0	32.0	16.0	114.32
12	78.0	-103.0	6.0	6.0	-19.0	-36.0	-18.0	-43.0	114.32
13	-7.0	-43.0	-33.0	2.0	5.0	-16.0	7.0	-16.0	107.98
14	-97.0	-61.0	-54.0	45.0	-7.0	-18.0	-12.0	27.0	107.98
15	-56.0	51.0	-24.0	-9.0	25.0	-3.0	30.0	68.0	115.05
16	121.0	102.0	-33.0	47.0	-4.0	47.0	6.0	53.0	114.65
17	11.0	-75.0	-7.0	16.0	36.0	-3.0	-4.0	-14.0	116.28
18	0.0	-62.0	-115.0	-17.0	-7.0	2.0	-19.0	-33.0	111.31
19	121.0	57.0	38.0	-78.0	4.0	8.0	110.0	-8.0	107.95
20	76.0	8.0	-10.0	91.0	9.0	-71.0	-19.0	1.0	104.23
21	-62.0	-60.0	-69.0	-2.0	-21.0	10.0	21.0	0.0	101.22
22	-94.0	-41.0	-34.0	13.0	-10.0	6.0	-8.0	7.0	101.52
23	-81.0	96.0	-2.0	-25.0	22.0	-10.0	13.0	18.0	107.95
24	127.0	-114.0	17.0	-86.0	-15.0	-36.0	-32.0	32.0	110.82
25	92.0	-80.0	-42.0	-55.0	9.0	24.0	33.0	17.0	117.05
26	107.0	0.0	80.0	-56.0	-7.0	18.0	71.0	-2.0	117.41
27	35.0	-85.0	-78.0	-4.0	-15.0	-39.0	6.0	15.0	118.01
28	84.0	-38.0	28.0	-117.0	3.0	-8.0	-33.0	-7.0	117.41
29	127.0	-52.0	29.0	15.0	-1.0	28.0	-22.0	-63.0	116.87
30	-46.0	-66.0	31.0	16.0	-2.0	-26.0	66.0	6.0	118.15
31	-109.0	86.0	-22.0	-60.0	20.0	-1.0	-53.0	-3.0	117.79
32	127.0	24.0	-94.0	-65.0	-28.0	-6.0	36.0	-78.0	118.15
33	127.0	-102.0	118.0	-97.0	6.0	-2.0	34.0	-91.0	117.05
34	92.0	-35.0	96.0	107.0	7.0	17.0	65.0	-11.0	116.28
35	-6.0	126.0	-8.0	-6.0	-2.0	11.0	3.0	-80.0	110.07
36	-51.0	-27.0	-86.0	8.0	16.0	-45.0	9.0	-10.0	108.87
37	1.0	21.0	-80.0	-20.0	-28.0	-9.0	-26.0	32.0	105.31
38	64.0	1.0	83.0	49.0	-48.0	-7.0	-22.0	-11.0	101.22
39	-87.0	10.0	-17.0	-62.0	13.0	-10.0	-18.0	-9.0	99.82
40	-61.0	98.0	7.0	-11.0	52.0	-21.0	22.0	-38.0	107.56
41	-28.0	118.0	-7.0	79.0	-12.0	-1.0	0.0	1.0	91.96
42	88.0	4.0	-109.0	-24.0	-9.0	32.0	-16.0	-75.0	87.73
43	-6.0	12.0	27.0	45.0	1.0	-21.0	24.0	-70.0	93.63
44	41.0	120.0	88.0	3.0	-18.0	31.0	-20.0	-8.0	85.16
45	27.0	83.0	27.0	117.0	15.0	33.0	-70.0	-27.0	83.73
46	10.0	10.0	-127.0	26.0	-43.0	-41.0	-27.0	14.0	81.37
47	-40.0	115.0	-25.0	55.0	3.0	-10.0	-25.0	3.0	73.29
48	-87.0	-12.0	0.0	47.0	-21.0	7.0	12.0	27.0	75.66
49	71.0	-8.0	1.0	-13.0	3.0	-12.0	-29.0	-35.0	75.66
50	-111.0	127.0	-25.0	14.0	-39.0	2.0	3.0	-9.0	65.7
51	-75.0	45.0	-14.0	18.0	-18.0	-2.0	-23.0	-8.0	67.85
52	-52.0	23.0	22.0	27.0	-15.0	0.0	64.0	-9.0	73.29
53	-123.0	-1.0	-3.0	-73.0	-5.0	-13.0	10.0	-51.0	58.22
54	75.0	-6.0	75.0	126.0	6.0	54.0	-9.0	-10.0	44.31
55	-27.0	-66.0	91.0	-25.0	-21.0	-17.0	-71.0	8.0	40.0
56	-57.0	48.0	2.0	-1.0	-20.0	35.0	1.0	-20.0	41.75
57	-26.0	71.0	12.0	14.0	25.0	-34.0	32.0	-19.0	41.75
58	127.0	74.0	-50.0	48.0	-2.0	-3.0	-52.0	19.0	44.31
59	-128.0	-23.0	13.0	-15.0	-8.0	16.0	10.0	-10.0	50.66
60	127.0	-109.0	75.0	-34.0	20.0	17.0	3.0	-8.0	46.1
61	-91.0	127.0	34.0	-34.0	-13.0	-36.0	-128.0	14.0	48.4
62	-121.0	85.0	5.0	-35.0	-6.0	-26.0	54.0	-2.0	54.27
63	57.0	-79.0	-25.0	-30.0	4.0	9.0	-12.0	56.0	51.76
64	-110.0	17.0	-69.0	-22.0	-26.0	9.0	5.0	6.0	45.47
65	15.0	105.0	-23.0	5.0	-6.0	17.0	-41.0	60.0	46.57
66	-91.0	127.0	-21.0	7.0	-37.0	0.0	23.0	14.0	48.4
67	-88.0	127.0	-15.0	17.0	30.0	-50.0	2.0	-3.0	47.63
68	4.0	-59.0	-21.0	-34.0	0.0	-8.0	-49.0	-32.0	49.59
69	127.0	-34.0	19.0	22.0	-3.0	-18.0	21.0	6.0	53.67
70	-25.0	50.0	46.0	-2.0	7.0	-5.0	19.0	6.0	53.67
71	92.0	-47.0	23.0	12.0	0.0	3.0	55.0	10.0	51.76
72	37.0	-72.0	-22.0	53.0	-17.0	-29.0	6.0	-20.0	71.68
73	115.0	6.0	51.0	15.0	10.0	6.0	127.0	-15.0	68.84
74	58.0	-103.0	23.0	52.0	33.0	25.0	-6.0	7.0	71.68
75	-22.0	-1.0	-12.0	-11.0	-21.0	11.0	-9.0	9.0	61.55
76	-48.0	127.0	118.0	-31.0	-1.0	12.0	-70.0	-74.0	64.93
77	14.0	-44.0	-4.0	16.0	-23.0	-1.0	62.0	-18.0	58.18
78	53.0	86.0	29.0	68.0	28.0	21.0	-8.0	0.0	58.22
79	32.0	100.0	-13.0	-92.0	-52.0	0.0	37.0	-13.0	60.99
80	55.0	46.0	-5.0	-88.0	90.0	-5.0	-81.0	56.0	48.23
81	-120.0	40.0	32.0	16.0	-79.0	15.0	-16.0	24.0	48.23
82	-54.0	-50.0	29.0	-64.0	10.0	1.0	52.0	-10.0	46.1
83	127.0	28.0	1.0	-46.0	28.0	-46.0	70.0	-11.0	60.99
84	83.0	-28.0	-10.0	-33.0	-6.0	-36.0	-19.0	-2.0	67.85
85	-3.0	-80.0	89.0	-98.0	19.0	17.0	-4.0	-3.0	70.86
