0	39.0	7.0	-34.0	119.0	-1.0	-37.0	4.0	6.0	52.91
1	-102.0	34.0	61.0	-65.0	-57.0	-1.0	-4.0	5.0	56.85
2	25.0	-31.0	49.0	-41.0	-74.0	12.0	22.0	-1.0	62.82
3	-14.0	17.0	-128.0	-11.0	26.0	-2.0	-5.0	-8.0	63.09
4	94.0	-5.0	33.0	11.0	-12.0	-2.0	26.0	30.0	67.46
5	112.0	88.0	-31.0	10.0	-1.0	12.0	-38.0	-4.0	67.46
6	-120.0	-24.0	-4.0	0.0	23.0	-5.0	17.0	-13.0	68.76
7	87.0	24.0	23.0	-36.0	-20.0	-4.0	12.0	-20.0	68.76
8	72.0	-105.0	-51.0	-9.0	-7.0	-4.0	-14.0	-9.0	72.09
9	108.0	75.0	-14.0	-15.0	-13.0	-11.0	-15.0	-37.0	90.54
10	-7.0	-65.0	119.0	40.0	-11.0	11.0	-68.0	-11.0	78.12
11	-17.0	-59.0	-46.0	-33.0	-13.0	-7.0	9.0	-25.0	90.14
12	47.0	-78.0	-125.0	60.0	-49.0	5.0	-11.0	-2.0	86.21
13	-59.0	-127.0	-3.0	-39.0	39.0	2.0	-12.0	-15.0	75.18
14	-84.0	22.0	-4.0	26.0	-21.0	-4.0	-6.0	1.0	90.14
15	43.0	-31.0	-82.0	1.0	40.0	-46.0	-6.0	-20.0	83.46
16	117.0	105.0	-60.0	-59.0	-18.0	-14.0	4.0	2.0	90.54
17	87.0	-77.0	79.0	48.0	-6.0	-14.0	10.0	13.0	94.61
18	-71.0	-9.0	-14.0	-1.0	1.0	-10.0	-2.0	-11.0	85.91
19	-40.0	-49.0	90.0	106.0	20.0	-4.0	-11.0	59.0	75.18
20	127.0	-12.0	31.0	-59.0	-6.0	-1.0	-23.0	-9.0	94.04
21	33.0	-30.0	66.0	-128.0	-6.0	-2.0	-2.0	1.0	96.83
22	-34.0	-101.0	-92.0	-46.0	-9.0	15.0	-26.0	-27.0	97.27
23	26.0	91.0	-17.0	-39.0	26.0	-5.0	0.0	-7.0	100.34
24	-85.0	127.0	-35.0	61.0	-9.0	3.0	4.0	-5.0	100.34
25	-49.0	100.0	-17.0	28.0	8.0	-8.0	-3.0	-21.0	102.78
26	23.0	-128.0	2.0	-50.0	-22.0	16.0	2.0	-9.0	102.78
27	127.0	-52.0	1.0	-4.0	19.0	-9.0	26.0	2.0	104.0
28	18.0	-6.0	-59.0	-70.0	0.0	16.0	5.0	36.0	105.1
29	-55.0	127.0	14.0	-48.0	-51.0	11.0	-17.0	-8.0	104.44
30	8.0	-6.0	123.0	-94.0	-85.0	-2.0	-7.0	-15.0	103.63
31	122.0	-51.0	10.0	-39.0	-6.0	-4.0	6.0	38.0	104.96
32	25.0	-41.0	-27.0	-2.0	-14.0	-39.0	-16.0	-6.0	104.44
33	25.0	66.0	24.0	-84.0	-8.0	-18.0	1.0	-7.0	103.27
34	-46.0	112.0	-19.0	9.0	-22.0	-13.0	-2.0	40.0	104.0
35	26.0	-118.0	-26.0	67.0	104.0	-4.0	-13.0	-8.0	101.81
36	75.0	-26.0	-9.0	-47.0	-9.0	0.0	26.0	-4.0	101.81
37	14.0	-5.0	-18.0	-7.0	-29.0	-11.0	14.0	8.0	101.67
38	-40.0	85.0	15.0	-56.0	-33.0	3.0	-31.0	-7.0	97.27
39	-30.0	127.0	-39.0	23.0	-11.0	-4.0	-11.0	9.0	98.94
40	107.0	127.0	26.0	-53.0	-22.0	2.0	21.0	-2.0	99.6
41	-51.0	-19.0	25.0	20.0	-15.0	9.0	-14.0	2.0	96.83
42	127.0	11.0	54.0	2.0	3.0	-4.0	-9.0	0.0	92.52
43	-128.0	56.0	48.0	17.0	116.0	6.0	-7.0	8.0	95.87
44	107.0	15.0	15.0	11.0	15.0	24.0	7.0	-17.0	71.86
45	-45.0	127.0	47.0	29.0	9.0	-2.0	-40.0	-9.0	74.1
46	-44.0	-59.0	-1.0	28.0	-30.0	0.0	10.0	-4.0	88.1
47	66.0	109.0	10.0	108.0	-2.0	-18.0	-10.0	38.0	86.21
48	3.0	111.0	127.0	-9.0	7.0	5.0	-22.0	0.0	83.46
49	125.0	26.0	-17.0	94.0	-41.0	-27.0	-44.0	-7.0	74.1
50	-19.0	-73.0	52.0	-72.0	-10.0	1.0	32.0	-16.0	73.83
51	-29.0	-18.0	7.0	36.0	-8.0	-9.0	8.0	-1.0	65.81
52	-50.0	8.0	-52.0	-25.0	-13.0	-49.0	2.0	-4.0	64.58
53	-48.0	-105.0	62.0	8.0	10.0	-2.0	-5.0	8.0	64.58
54	51.0	46.0	34.0	-4.0	6.0	7.0	25.0	9.0	63.03
55	3.0	127.0	-64.0	-5.0	6.0	-14.0	-1.0	25.0	58.84
56	-44.0	-20.0	-52.0	-87.0	5.0	-1.0	-15.0	-4.0	60.99
57	95.0	-54.0	-30.0	12.0	-8.0	-14.0	-4.0	-25.0	56.85
58	-67.0	103.0	19.0	1.0	32.0	19.0	-3.0	-17.0	61.4
59	-128.0	124.0	-29.0	-40.0	-10.0	-9.0	8.0	12.0	64.26
60	17.0	127.0	-84.0	-119.0	0.0	3.0	-11.0	15.0	63.09
61	-125.0	-128.0	-75.0	2.0	10.0	5.0	14.0	7.0	60.93
62	-106.0	38.0	-40.0	-18.0	3.0	-2.0	-22.0	0.0	59.11
63	93.0	46.0	26.0	10.0	-16.0	18.0	22.0	8.0	57.59
64	-8.0	-52.0	67.0	1.0	-8.0	-27.0	-18.0	-9.0	60.95
65	2.0	58.0	-115.0	43.0	-8.0	12.0	-12.0	-36.0	61.4
66	6.0	99.0	-15.0	-80.0	-3.0	4.0	-6.0	1.0	60.91
67	-88.0	84.0	-54.0	57.0	0.0	6.0	8.0	-2.0	60.91
68	-99.0	122.0	113.0	-77.0	-7.0	-1.0	0.0	-3.0	56.75
69	-15.0	-77.0	-73.0	-94.0	-37.0	-19.0	-5.0	-5.0	49.68
70	98.0	-62.0	-19.0	-128.0	0.0	-20.0	15.0	20.0	49.68
71	116.0	127.0	0.0	103.0	-7.0	9.0	4.0	6.0	48.91
72	40.0	27.0	40.0	-94.0	11.0	-19.0	-13.0	17.0	41.08
73	77.0	-2.0	-41.0	-5.0	-3.0	-1.0	41.0	-45.0	40.16
74	26.0	50.0	-115.0	105.0	11.0	-17.0	-5.0	46.0	39.66
75	30.0	95.0	-50.0	127.0	-43.0	-6.0	-14.0	3.0	40.89
76	-93.0	-81.0	1.0	-5.0	1.0	-10.0	-12.0	-24.0	39.66
77	66.0	54.0	-103.0	-10.0	23.0	27.0	12.0	0.0	40.89
78	5.0	41.0	-47.0	-34.0	13.0	-13.0	-14.0	-9.0	41.67
79	43.0	-73.0	127.0	-72.0	13.0	-7.0	-4.0	-25.0	52.91
80	14.0	57.0	11.0	16.0	-24.0	24.0	-19.0	6.0	51.23
81	-83.0	-128.0	-45.0	-53.0	7.0	9.0	-17.0	12.0	42.87
82	-66.0	-29.0	127.0	5.0	66.0	-22.0	-16.0	25.0	53.85
83	114.0	122.0	-4.0	15.0	-17.0	39.0	3.0	-20.0	53.85
84	-93.0	-77.0	4.0	-72.0	-19.0	-1.0	-18.0	-1.0	59.11
85	17.0	114.0	-29.0	-5.0	-11.0	-18.0	14.0	-18.0	60.75
