0	-32.0	-128.0	117.0	12.0	8.0	10.0	-30.0	2.0	63.74
1	-7.0	-79.0	58.0	-33.0	15.0	-8.0	-23.0	42.0	51.09
2	76.0	-110.0	35.0	36.0	-11.0	-4.0	-23.0	-11.0	59.9
3	-66.0	37.0	-15.0	-111.0	2.0	-20.0	15.0	35.0	73.93
4	-128.0	51.0	-3.0	-4.0	-36.0	30.0	-60.0	-14.0	62.54
5	127.0	118.0	91.0	5.0	-4.0	18.0	2.0	-3.0	72.8
6	26.0	104.0	-21.0	77.0	9.0	2.0	-26.0	-27.0	48.39
7	-14.0	34.0	-128.0	-16.0	6.0	17.0	26.0	32.0	48.04
8	-81.0	-39.0	94.0	37.0	-5.0	15.0	-27.0	-19.0	51.23
9	127.0	-80.0	23.0	57.0	5.0	17.0	4.0	10.0	48.04
10	-128.0	-4.0	9.0	-72.0	15.0	-3.0	11.0	-3.0	78.58
11	16.0	77.0	42.0	102.0	-17.0	-10.0	4.0	29.0	58.2
12	-84.0	22.0	27.0	-128.0	44.0	41.0	-5.0	-33.0	48.6
13	15.0	52.0	-27.0	-56.0	-12.0	-19.0	6.0	6.0	63.25
14	-41.0	73.0	9.0	-98.0	2.0	-9.0	20.0	-51.0	57.39
15	-32.0	94.0	61.0	-78.0	-1.0	-1.0	4.0	5.0	74.42
16	84.0	127.0	-117.0	54.0	-9.0	1.0	11.0	9.0	78.16
17	79.0	75.0	112.0	24.0	-2.0	1.0	64.0	-40.0	67.42
18	-5.0	22.0	-30.0	54.0	74.0	17.0	1.0	-7.0	75.85
19	2.0	23.0	15.0	16.0	19.0	12.0	12.0	-3.0	68.08
20	-49.0	-103.0	31.0	109.0	-89.0	-47.0	-8.0	12.0	48.72
21	-38.0	43.0	-7.0	52.0	18.0	12.0	-20.0	15.0	78.58
22	98.0	-81.0	9.0	55.0	-34.0	42.0	-17.0	24.0	79.96
23	-83.0	-45.0	124.0	-1.0	41.0	9.0	5.0	-52.0	75.85
24	-67.0	-82.0	59.0	17.0	7.0	-5.0	16.0	26.0	81.17
25	-75.0	81.0	-43.0	111.0	69.0	13.0	-4.0	7.0	81.14
26	-30.0	-15.0	117.0	-75.0	9.0	2.0	-16.0	56.0	74.42
27	29.0	-45.0	-68.0	-36.0	15.0	-3.0	-9.0	-19.0	81.75
28	63.0	90.0	-41.0	-8.0	-22.0	-9.0	8.0	-3.0	76.15
29	-25.0	127.0	32.0	29.0	64.0	6.0	3.0	-19.0	73.93
30	-116.0	87.0	27.0	-23.0	30.0	5.0	9.0	9.0	80.98
31	51.0	-1.0	91.0	115.0	23.0	30.0	-12.0	14.0	83.42
32	7.0	57.0	-115.0	-75.0	-15.0	-30.0	4.0	-10.0	86.74
33	51.0	-128.0	48.0	3.0	-14.0	-61.0	-18.0	41.0	88.28
34	67.0	127.0	-74.0	127.0	-28.0	10.0	-26.0	-6.0	87.8
35	127.0	-29.0	23.0	127.0	-28.0	3.0	-35.0	0.0	88.66
36	-102.0	66.0	-76.0	-27.0	-28.0	13.0	-59.0	48.0	87.8
37	25.0	-73.0	4.0	47.0	-31.0	9.0	27.0	1.0	86.17
38	-128.0	81.0	-43.0	-43.0	-89.0	23.0	8.0	-18.0	87.53
39	93.0	-64.0	-15.0	16.0	9.0	2.0	35.0	-6.0	84.64
40	26.0	127.0	3.0	80.0	-1.0	23.0	9.0	-15.0	84.64
41	5.0	-104.0	119.0	28.0	2.0	-17.0	14.0	-3.0	81.75
42	-88.0	127.0	-91.0	74.0	-31.0	11.0	-7.0	43.0	84.47
43	-84.0	19.0	-127.0	37.0	-6.0	3.0	-6.0	28.0	87.53
44	-33.0	-27.0	4.0	-128.0	98.0	14.0	18.0	3.0	85.48
45	16.0	66.0	109.0	84.0	-13.0	-38.0	5.0	22.0	87.89
46	127.0	127.0	-23.0	20.0	15.0	-12.0	15.0	2.0	86.18
47	95.0	-104.0	-72.0	-47.0	6.0	9.0	50.0	-88.0	100.3
48	-37.0	74.0	-50.0	-26.0	-21.0	-10.0	13.0	4.0	88.17
49	-92.0	-23.0	3.0	-106.0	-25.0	15.0	12.0	-75.0	88.66
50	-49.0	7.0	118.0	-1.0	-5.0	-22.0	42.0	-6.0	88.28
51	-128.0	8.0	-45.0	80.0	-14.0	-27.0	-60.0	-9.0	88.56
52	52.0	16.0	-19.0	16.0	37.0	-13.0	27.0	7.0	85.48
53	118.0	30.0	10.0	-22.0	-10.0	-10.0	-7.0	22.0	86.14
54	121.0	86.0	-18.0	-72.0	-9.0	-9.0	34.0	5.0	86.18
55	-4.0	-111.0	68.0	-84.0	-25.0	19.0	-3.0	-13.0	81.83
56	35.0	13.0	-18.0	-26.0	50.0	18.0	12.0	64.0	81.83
57	13.0	-61.0	-83.0	-4.0	37.0	-7.0	-18.0	-30.0	84.12
58	127.0	-31.0	-30.0	32.0	4.0	9.0	-28.0	22.0	83.78
59	-54.0	123.0	80.0	43.0	-15.0	26.0	5.0	-43.0	83.18
60	31.0	76.0	-49.0	31.0	16.0	-12.0	-9.0	-31.0	83.42
61	-128.0	61.0	113.0	-7.0	-12.0	4.0	11.0	0.0	65.06
62	114.0	-59.0	38.0	77.0	-9.0	-5.0	12.0	-5.0	55.78
63	-84.0	-122.0	-45.0	-22.0	10.0	8.0	24.0	28.0	48.51
64	97.0	51.0	24.0	98.0	-19.0	8.0	-46.0	7.0	57.39
65	37.0	-71.0	-128.0	-23.0	8.0	17.0	-30.0	2.0	65.06
66	87.0	-61.0	-45.0	-86.0	33.0	16.0	3.0	-15.0	62.62
67	122.0	35.0	18.0	-120.0	21.0	-11.0	9.0	10.0	62.05
68	-37.0	-94.0	127.0	-59.0	-6.0	4.0	1.0	15.0	58.2
69	-103.0	127.0	-99.0	-8.0	8.0	9.0	0.0	12.0	55.57
70	-1.0	-92.0	-11.0	-64.0	75.0	-6.0	-5.0	5.0	62.54
71	32.0	35.0	-125.0	101.0	-17.0	-16.0	23.0	2.0	51.09
72	40.0	81.0	-29.0	80.0	1.0	8.0	2.0	14.0	48.51
73	-104.0	101.0	-26.0	3.0	-27.0	5.0	12.0	-32.0	47.6
74	-60.0	-99.0	15.0	12.0	29.0	0.0	-37.0	-29.0	57.03
75	-9.0	42.0	103.0	-46.0	28.0	-28.0	-10.0	-17.0	48.72
76	-22.0	-75.0	60.0	-59.0	24.0	-19.0	-16.0	20.0	48.75
77	62.0	60.0	77.0	6.0	20.0	-19.0	7.0	25.0	62.76
78	78.0	-4.0	18.0	127.0	-8.0	-3.0	-12.0	-15.0	53.74
79	13.0	33.0	-104.0	-13.0	23.0	-23.0	-1.0	8.0	62.76
80	-43.0	-78.0	0.0	-40.0	10.0	18.0	-18.0	14.0	57.03
81	44.0	71.0	-4.0	11.0	33.0	-7.0	35.0	4.0	51.38
82	20.0	84.0	-50.0	-4.0	-8.0	3.0	9.0	-26.0	55.57
83	-2.0	127.0	-107.0	20.0	-22.0	-6.0	-25.0	23.0	76.15
84	-128.0	-15.0	47.0	59.0	-47.0	-3.0	11.0	0.0	63.25
85	56.0	-90.0	82.0	-33.0	-13.0	-17.0	-7.0	18.0	58.11
86	12.0	54.0	-31.0	10.0	25.0	-1.0	12.0	-39.0	48.75
87	93.0	127.0	-45.0	-106.0	24.0	26.0	29.0	-5.0	56.03
