0	-73.0	-8.0	-5.0	11.0	-13.0	1.0	7.0	-10.0	86.94
1	102.0	-88.0	7.0	49.0	-9.0	26.0	5.0	-10.0	95.76
2	-43.0	100.0	-16.0	43.0	12.0	1.0	-27.0	5.0	109.77
3	102.0	-2.0	40.0	-14.0	8.0	19.0	13.0	-48.0	116.51
4	-128.0	54.0	46.0	30.0	-18.0	26.0	-11.0	11.0	109.77
5	6.0	60.0	-119.0	9.0	-29.0	-1.0	14.0	0.0	123.17
6	8.0	127.0	13.0	12.0	-2.0	-10.0	2.0	-23.0	123.17
7	-128.0	57.0	-14.0	-39.0	1.0	-5.0	-16.0	15.0	107.92
8	57.0	-97.0	2.0	-29.0	-15.0	4.0	-29.0	-7.0	123.25
9	-74.0	-46.0	62.0	-33.0	2.0	46.0	7.0	16.0	121.22
10	124.0	63.0	-67.0	87.0	-17.0	6.0	48.0	-6.0	113.59
11	-5.0	80.0	-1.0	-55.0	-1.0	8.0	-2.0	-12.0	119.39
12	29.0	-105.0	54.0	45.0	9.0	8.0	47.0	-30.0	105.4
13	110.0	-81.0	-56.0	-47.0	-9.0	-33.0	-45.0	-15.0	118.14
14	22.0	-122.0	3.0	1.0	0.0	-4.0	2.0	7.0	119.46
15	7.0	-128.0	31.0	-32.0	-1.0	24.0	80.0	-47.0	115.28
16	-93.0	127.0	-11.0	22.0	-10.0	-10.0	26.0	-22.0	107.1
17	-9.0	-44.0	41.0	-35.0	-1.0	-8.0	6.0	-4.0	122.55
18	9.0	96.0	-41.0	46.0	15.0	-32.0	40.0	21.0	106.44
19	66.0	-35.0	-76.0	-74.0	-34.0	-4.0	6.0	6.0	122.53
20	52.0	41.0	-10.0	48.0	86.0	-30.0	55.0	1.0	109.77
21	-53.0	20.0	-38.0	26.0	-36.0	-20.0	-36.0	4.0	107.92
22	-99.0	-93.0	-64.0	27.0	1.0	-24.0	-41.0	-14.0	123.25
23	71.0	127.0	-11.0	121.0	38.0	0.0	44.0	-14.0	119.39
24	-64.0	-59.0	68.0	74.0	23.0	35.0	-18.0	8.0	123.31
25	-27.0	1.0	-43.0	40.0	-8.0	-1.0	11.0	11.0	119.46
26	-3.0	101.0	-52.0	-13.0	-21.0	23.0	-4.0	-2.0	111.66
27	-105.0	-128.0	-18.0	-73.0	16.0	-32.0	93.0	34.0	120.64
28	-128.0	127.0	96.0	-81.0	14.0	-47.0	-3.0	12.0	121.67
29	8.0	-118.0	127.0	63.0	-4.0	10.0	-17.0	-50.0	121.67
30	97.0	-83.0	-8.0	5.0	-37.0	15.0	-18.0	-7.0	115.28
31	89.0	24.0	103.0	-27.0	21.0	7.0	16.0	22.0	113.57
32	28.0	-80.0	-67.0	8.0	-18.0	-16.0	9.0	-35.0	103.97
33	37.0	45.0	-59.0	-78.0	-47.0	30.0	17.0	-11.0	103.97
34	104.0	-49.0	127.0	-39.0	63.0	5.0	-19.0	-6.0	95.76
35	-39.0	36.0	-50.0	103.0	9.0	24.0	-24.0	-16.0	86.43
36	25.0	58.0	79.0	3.0	-13.0	-24.0	-73.0	-3.0	82.12
37	27.0	-53.0	-124.0	-10.0	30.0	19.0	30.0	-17.0	77.85
38	-128.0	-7.0	13.0	-76.0	6.0	17.0	-57.0	3.0	85.38
39	51.0	-88.0	28.0	-26.0	-4.0	-17.0	43.0	23.0	82.96
40	-96.0	-15.0	-66.0	16.0	-22.0	11.0	12.0	61.0	82.12
41	6.0	-73.0	-2.0	-20.0	1.0	-8.0	-47.0	-25.0	66.79
42	-8.0	7.0	3.0	-18.0	16.0	8.0	-4.0	31.0	66.9
43	75.0	57.0	-29.0	-16.0	0.0	7.0	-4.0	-4.0	54.37
44	-6.0	-98.0	29.0	3.0	6.0	29.0	42.0	19.0	63.16
45	-48.0	58.0	-19.0	-79.0	31.0	-49.0	0.0	-40.0	69.16
46	113.0	-112.0	-42.0	41.0	8.0	26.0	10.0	-9.0	77.43
47	-74.0	-5.0	-128.0	-7.0	-8.0	13.0	63.0	28.0	83.15
48	48.0	5.0	5.0	-49.0	6.0	-7.0	-20.0	-8.0	84.25
49	33.0	121.0	38.0	-10.0	-14.0	18.0	-62.0	-38.0	77.58
50	-108.0	-22.0	92.0	21.0	-12.0	-5.0	5.0	4.0	76.08
51	119.0	-51.0	58.0	82.0	-7.0	27.0	5.0	4.0	66.79
52	-105.0	-60.0	24.0	59.0	27.0	-14.0	37.0	59.0	77.43
53	96.0	-90.0	-23.0	-22.0	-32.0	-16.0	34.0	-13.0	66.11
54	121.0	-14.0	-19.0	-82.0	34.0	10.0	44.0	-6.0	62.61
55	-38.0	-43.0	-2.0	-128.0	1.0	1.0	-33.0	-2.0	58.31
56	127.0	-61.0	11.0	31.0	-13.0	43.0	-25.0	27.0	54.68
57	39.0	127.0	109.0	35.0	-30.0	6.0	-44.0	-20.0	54.68
58	-90.0	113.0	-10.0	-53.0	-17.0	-25.0	15.0	-34.0	50.15
59	2.0	95.0	37.0	-91.0	3.0	-20.0	9.0	22.0	52.78
60	28.0	-128.0	-3.0	79.0	-3.0	7.0	10.0	-43.0	52.38
61	-38.0	100.0	-88.0	-94.0	-7.0	3.0	-74.0	41.0	49.48
62	14.0	-88.0	11.0	-63.0	0.0	-31.0	-24.0	19.0	49.59
63	15.0	-119.0	54.0	-13.0	28.0	12.0	4.0	12.0	49.59
64	-17.0	104.0	-4.0	42.0	2.0	-30.0	0.0	11.0	49.8
65	116.0	-89.0	33.0	-61.0	27.0	3.0	20.0	-16.0	50.92
66	-112.0	-4.0	-7.0	105.0	2.0	-2.0	-47.0	-11.0	51.18
67	4.0	36.0	-41.0	125.0	2.0	-4.0	8.0	36.0	50.92
68	65.0	-71.0	-30.0	-84.0	33.0	17.0	-2.0	22.0	51.18
69	52.0	100.0	32.0	74.0	3.0	12.0	11.0	-50.0	58.31
70	-106.0	10.0	40.0	-52.0	-12.0	-15.0	-11.0	3.0	64.17
71	127.0	127.0	31.0	-14.0	-1.0	0.0	21.0	-18.0	63.1
72	-49.0	-35.0	45.0	-42.0	-12.0	-36.0	5.0	9.0	66.11
73	-96.0	53.0	-98.0	-20.0	9.0	12.0	0.0	-2.0	71.77
74	72.0	127.0	110.0	20.0	13.0	-8.0	44.0	9.0	69.16
75	58.0	52.0	-27.0	102.0	-10.0	-9.0	-36.0	-7.0	84.25
76	-75.0	-40.0	-96.0	-15.0	1.0	7.0	-123.0	10.0	86.43
77	-75.0	-49.0	42.0	-29.0	15.0	43.0	12.0	-12.0	100.89
78	7.0	-75.0	67.0	-74.0	-19.0	-11.0	-5.0	-11.0	99.67
79	59.0	-107.0	20.0	-117.0	-18.0	-52.0	75.0	11.0	116.89
80	-29.0	86.0	78.0	72.0	21.0	4.0	-4.0	19.0	90.28
81	127.0	127.0	-23.0	4.0	-1.0	-5.0	-73.0	-4.0	92.93
82	15.0	-128.0	-110.0	-128.0	1.0	5.0	-34.0	38.0	81.56
