0	10.0	-36.0	-28.0	-45.0	32.0	-70.0	-76.0	11.0	100.28
1	-116.0	46.0	6.0	-30.0	46.0	-22.0	-128.0	-49.0	99.53
2	-50.0	57.0	61.0	-46.0	-3.0	61.0	-41.0	34.0	105.6
3	-37.0	79.0	-7.0	67.0	-16.0	48.0	-79.0	31.0	106.07
4	12.0	-128.0	94.0	55.0	44.0	75.0	-3.0	8.0	107.44
5	69.0	-80.0	62.0	24.0	-71.0	45.0	26.0	96.0	107.17
6	31.0	93.0	31.0	-16.0	6.0	-84.0	-116.0	31.0	111.34
7	18.0	27.0	47.0	17.0	-29.0	-11.0	18.0	48.0	112.5
8	-75.0	88.0	-5.0	-33.0	-34.0	20.0	0.0	22.0	111.7
9	119.0	127.0	49.0	-113.0	68.0	97.0	114.0	-18.0	106.07
10	127.0	-35.0	-66.0	51.0	-19.0	70.0	58.0	1.0	105.6
11	-4.0	56.0	-17.0	-48.0	14.0	37.0	46.0	-24.0	108.14
12	124.0	-75.0	15.0	-101.0	32.0	-77.0	77.0	33.0	100.77
13	74.0	62.0	-22.0	82.0	-15.0	-8.0	-33.0	0.0	99.49
14	106.0	62.0	112.0	-19.0	2.0	75.0	-105.0	25.0	102.61
15	110.0	124.0	-63.0	93.0	-3.0	-9.0	47.0	26.0	102.61
16	12.0	-94.0	-94.0	78.0	-3.0	53.0	118.0	57.0	99.53
17	-78.0	-102.0	-14.0	29.0	-38.0	-103.0	-10.0	11.0	95.07
18	-31.0	-69.0	42.0	-43.0	13.0	31.0	81.0	-45.0	88.32
19	-5.0	23.0	-20.0	-53.0	-10.0	-103.0	50.0	-13.0	88.32
20	96.0	-35.0	-56.0	-44.0	-46.0	2.0	-2.0	21.0	85.47
21	68.0	115.0	-14.0	-90.0	-37.0	40.0	82.0	-32.0	72.15
22	-15.0	-51.0	-37.0	51.0	-15.0	-6.0	56.0	22.0	72.15
23	-67.0	-74.0	7.0	51.0	50.0	31.0	22.0	-55.0	70.76
24	127.0	20.0	9.0	-127.0	12.0	-71.0	-80.0	-83.0	62.49
25	45.0	11.0	-6.0	32.0	5.0	-16.0	-30.0	17.0	62.01
26	16.0	-124.0	61.0	-24.0	-33.0	-59.0	14.0	-63.0	65.38
27	-76.0	-128.0	-27.0	21.0	31.0	-2.0	21.0	115.0	68.47
28	78.0	-43.0	61.0	14.0	53.0	71.0	125.0	51.0	68.47
29	-128.0	121.0	-87.0	-107.0	3.0	-11.0	-33.0	-49.0	64.78
30	127.0	-123.0	24.0	18.0	-48.0	-13.0	-105.0	67.0	59.83
31	35.0	-57.0	59.0	41.0	-46.0	-68.0	81.0	-128.0	53.07
32	-108.0	63.0	-84.0	-26.0	-19.0	-83.0	-20.0	-98.0	62.01
33	45.0	84.0	29.0	-83.0	44.0	119.0	-34.0	17.0	64.82
34	-39.0	38.0	15.0	-58.0	31.0	-1.0	36.0	1.0	53.14
35	111.0	-85.0	103.0	-37.0	92.0	-37.0	-69.0	45.0	54.86
36	-32.0	49.0	-29.0	-16.0	14.0	85.0	-58.0	108.0	56.84
37	-18.0	-99.0	47.0	-72.0	10.0	49.0	-48.0	-100.0	55.31
38	39.0	21.0	37.0	56.0	-29.0	-26.0	4.0	43.0	52.57
39	32.0	86.0	-24.0	11.0	-26.0	-15.0	-92.0	-29.0	52.57
40	106.0	109.0	-36.0	26.0	90.0	-70.0	127.0	9.0	52.62
41	-106.0	-107.0	-63.0	29.0	14.0	62.0	125.0	-64.0	53.07
42	-57.0	25.0	34.0	26.0	8.0	94.0	-128.0	78.0	59.83
43	-46.0	-105.0	22.0	-38.0	12.0	78.0	-68.0	83.0	56.49
44	59.0	-62.0	-26.0	3.0	6.0	-45.0	-128.0	44.0	55.31
45	24.0	127.0	-8.0	-34.0	3.0	98.0	-94.0	-7.0	56.84
46	-110.0	-74.0	73.0	-47.0	25.0	-91.0	127.0	-57.0	60.62
47	-18.0	-1.0	-39.0	10.0	23.0	55.0	-31.0	-44.0	62.49
48	67.0	25.0	-32.0	69.0	23.0	23.0	50.0	90.0	57.68
49	76.0	-72.0	60.0	3.0	-32.0	-62.0	-128.0	72.0	64.82
50	-112.0	7.0	-11.0	39.0	-25.0	73.0	-6.0	-52.0	79.86
51	-63.0	113.0	39.0	-3.0	78.0	29.0	81.0	-21.0	80.54
52	30.0	-8.0	27.0	-12.0	47.0	64.0	-22.0	14.0	90.94
53	63.0	77.0	-30.0	3.0	-15.0	8.0	-128.0	-78.0	82.79
54	-125.0	110.0	-27.0	-128.0	13.0	52.0	-20.0	-79.0	82.79
55	127.0	-74.0	0.0	-48.0	-32.0	-30.0	87.0	-11.0	90.94
56	-67.0	-128.0	127.0	22.0	79.0	-61.0	-70.0	-79.0	91.75
57	127.0	15.0	-62.0	3.0	-11.0	101.0	83.0	23.0	89.64
58	-21.0	12.0	75.0	35.0	-56.0	3.0	-81.0	-4.0	92.55
59	-87.0	-99.0	-79.0	-6.0	62.0	-5.0	-84.0	40.0	95.95
60	-68.0	31.0	8.0	55.0	20.0	84.0	10.0	47.0	104.76
61	127.0	21.0	64.0	1.0	-31.0	16.0	-128.0	55.0	104.65
62	-41.0	66.0	63.0	-35.0	42.0	52.0	-99.0	-67.0	106.89
63	-121.0	-81.0	60.0	47.0	26.0	-4.0	127.0	-93.0	108.91
64	27.0	127.0	-26.0	68.0	19.0	94.0	-27.0	-24.0	110.62
65	53.0	-12.0	-2.0	39.0	94.0	79.0	-14.0	-44.0	111.7
66	110.0	102.0	34.0	-27.0	-84.0	98.0	126.0	30.0	96.54
67	-54.0	-102.0	33.0	-11.0	0.0	41.0	25.0	-27.0	110.23
68	-27.0	-91.0	32.0	43.0	20.0	14.0	27.0	-34.0	112.5
69	104.0	127.0	52.0	-7.0	0.0	-4.0	-25.0	-58.0	109.13
70	114.0	74.0	-23.0	-91.0	25.0	-1.0	21.0	-48.0	106.89
71	44.0	127.0	62.0	29.0	-58.0	-3.0	-73.0	17.0	111.34
72	-92.0	-15.0	8.0	59.0	-96.0	-33.0	19.0	83.0	107.94
73	50.0	-64.0	-79.0	-62.0	2.0	-13.0	10.0	35.0	108.91
74	8.0	33.0	-102.0	125.0	-38.0	62.0	-79.0	19.0	113.4
75	-70.0	-68.0	-43.0	-64.0	-32.0	-18.0	9.0	8.0	113.4
76	127.0	15.0	-27.0	-27.0	-11.0	-84.0	-37.0	63.0	112.64
77	66.0	57.0	7.0	-7.0	83.0	-70.0	17.0	-18.0	112.35
78	-8.0	-9.0	-28.0	52.0	-7.0	-65.0	47.0	13.0	112.35
79	74.0	61.0	97.0	-81.0	28.0	53.0	-13.0	-81.0	112.61
80	-32.0	-66.0	75.0	-106.0	-9.0	68.0	73.0	38.0	111.99
81	-101.0	34.0	-2.0	-55.0	-56.0	-47.0	65.0	-52.0	112.49
82	-70.0	85.0	14.0	7.0	45.0	17.0	21.0	3.0	109.13
83	12.0	-124.0	70.0	118.0	19.0	4.0	4.0	40.0	99.78
84	-52.0	121.0	-65.0	-25.0	6.0	57.0	38.0	61.0	107.44
85	-78.0	58.0	-93.0	-123.0	35.0	34.0	-128.0	-26.0	96.76
86	127.0	45.0	-7.0	24.0	93.0	-12.0	39.0	36.0	95.07
87	106.0	-128.0	-6.0	66.0	-17.0	-51.0	89.0	-18.0	96.76
