0	-20.0	11.0	8.0	-5.0	58.0	-23.0	-2.0	27.0	38.71
1	-128.0	63.0	49.0	11.0	20.0	24.0	-11.0	-4.0	39.15
2	-75.0	127.0	-128.0	105.0	-16.0	-5.0	26.0	14.0	39.17
3	-18.0	-128.0	9.0	-128.0	23.0	-67.0	14.0	-35.0	41.9
4	-81.0	-10.0	73.0	94.0	-1.0	11.0	-20.0	18.0	41.88
5	114.0	-76.0	-124.0	-75.0	-13.0	-25.0	-73.0	-29.0	43.02
6	-20.0	-128.0	93.0	117.0	6.0	1.0	-21.0	-23.0	47.57
7	-75.0	113.0	13.0	-84.0	-20.0	-38.0	39.0	-20.0	40.62
8	73.0	9.0	3.0	15.0	9.0	48.0	-12.0	79.0	42.32
9	-91.0	64.0	-22.0	4.0	29.0	46.0	119.0	-9.0	51.39
10	-110.0	127.0	11.0	30.0	-22.0	-33.0	-66.0	55.0	52.21
11	-39.0	15.0	-17.0	-51.0	59.0	61.0	105.0	-62.0	54.21
12	44.0	-15.0	122.0	-43.0	23.0	10.0	-56.0	-78.0	63.19
13	61.0	106.0	11.0	27.0	3.0	34.0	7.0	-63.0	67.48
14	54.0	78.0	54.0	60.0	16.0	-12.0	-89.0	11.0	67.88
15	82.0	36.0	66.0	15.0	26.0	-12.0	-36.0	-61.0	67.74
16	32.0	62.0	12.0	-128.0	9.0	-120.0	25.0	8.0	72.86
17	16.0	-53.0	17.0	64.0	33.0	88.0	51.0	77.0	79.56
18	84.0	-70.0	-62.0	3.0	-16.0	-49.0	64.0	26.0	75.19
19	127.0	3.0	-67.0	-78.0	-8.0	-14.0	-52.0	-65.0	77.29
20	127.0	1.0	-37.0	-5.0	16.0	-31.0	-110.0	-89.0	107.65
21	-103.0	41.0	-45.0	-41.0	-13.0	-18.0	-34.0	0.0	111.92
22	-86.0	94.0	-59.0	-21.0	19.0	-32.0	-51.0	14.0	87.77
23	0.0	-114.0	55.0	53.0	-11.0	25.0	57.0	27.0	98.72
24	-56.0	-20.0	-21.0	-85.0	14.0	-5.0	17.0	-75.0	82.75
25	27.0	-50.0	127.0	62.0	-33.0	38.0	48.0	60.0	81.18
26	20.0	-113.0	-23.0	2.0	2.0	-17.0	102.0	-23.0	75.19
27	105.0	-59.0	86.0	25.0	1.0	-48.0	91.0	51.0	82.54
28	100.0	-21.0	127.0	-20.0	16.0	39.0	-99.0	-71.0	77.92
29	96.0	31.0	71.0	4.0	57.0	55.0	29.0	-6.0	113.25
30	31.0	75.0	-3.0	-61.0	-13.0	-30.0	-8.0	62.0	109.36
31	-31.0	54.0	61.0	20.0	-32.0	-87.0	122.0	37.0	109.36
32	7.0	-52.0	54.0	1.0	19.0	52.0	22.0	43.0	112.85
33	82.0	-101.0	21.0	51.0	49.0	33.0	-51.0	43.0	109.32
34	69.0	38.0	-52.0	44.0	-12.0	22.0	-122.0	-58.0	111.98
35	57.0	44.0	61.0	77.0	-4.0	-53.0	60.0	-88.0	95.23
36	-28.0	33.0	63.0	19.0	-71.0	-89.0	-29.0	66.0	106.15
37	-51.0	4.0	42.0	-53.0	48.0	86.0	28.0	-42.0	105.65
38	53.0	-93.0	12.0	4.0	-124.0	9.0	-118.0	-86.0	105.65
39	55.0	-127.0	-21.0	120.0	-35.0	23.0	-55.0	84.0	113.25
40	11.0	-34.0	53.0	-18.0	6.0	101.0	-53.0	-12.0	110.86
41	46.0	-123.0	-48.0	-22.0	30.0	40.0	-31.0	114.0	102.51
42	60.0	-76.0	17.0	-91.0	-34.0	-6.0	-49.0	4.0	81.54
43	127.0	70.0	-16.0	55.0	19.0	-63.0	42.0	20.0	91.12
44	127.0	103.0	74.0	18.0	11.0	-62.0	32.0	-74.0	113.37
45	108.0	42.0	73.0	7.0	54.0	52.0	-128.0	99.0	113.48
46	-96.0	127.0	66.0	-40.0	8.0	55.0	127.0	-56.0	113.37
47	38.0	54.0	60.0	-113.0	-43.0	33.0	-3.0	-11.0	77.81
48	127.0	-89.0	13.0	16.0	-27.0	2.0	43.0	47.0	77.92
49	-51.0	36.0	76.0	65.0	-17.0	-41.0	-48.0	3.0	91.12
50	-25.0	127.0	-13.0	-7.0	42.0	8.0	5.0	-6.0	81.18
51	44.0	-19.0	127.0	8.0	-20.0	-30.0	-22.0	-106.0	71.21
52	-85.0	-3.0	-108.0	-100.0	19.0	30.0	-89.0	-79.0	73.97
53	-16.0	24.0	15.0	-29.0	-23.0	-51.0	-19.0	82.0	71.21
54	77.0	-24.0	-33.0	-53.0	46.0	118.0	-25.0	-17.0	69.96
55	93.0	-99.0	-50.0	-2.0	54.0	8.0	-112.0	-81.0	69.58
56	44.0	54.0	60.0	83.0	28.0	-11.0	-75.0	-128.0	67.74
57	64.0	106.0	-60.0	106.0	-10.0	-14.0	-44.0	55.0	63.19
58	127.0	-98.0	35.0	125.0	-50.0	31.0	38.0	-37.0	67.48
59	78.0	-22.0	-27.0	-2.0	51.0	-42.0	56.0	64.0	54.66
60	-110.0	127.0	52.0	-22.0	-82.0	23.0	-94.0	9.0	52.52
61	-7.0	126.0	-38.0	66.0	61.0	58.0	51.0	22.0	55.74
62	-4.0	-15.0	-23.0	-69.0	6.0	33.0	25.0	-56.0	56.96
63	115.0	-71.0	-39.0	-51.0	-19.0	95.0	80.0	-119.0	61.52
64	70.0	-58.0	-17.0	7.0	-2.0	-92.0	-70.0	-28.0	53.41
65	-32.0	127.0	-24.0	9.0	17.0	101.0	-27.0	38.0	63.98
66	17.0	38.0	41.0	24.0	-10.0	-12.0	-42.0	75.0	53.41
67	-117.0	84.0	81.0	42.0	-8.0	26.0	96.0	-102.0	55.74
68	-96.0	127.0	-91.0	0.0	20.0	19.0	49.0	-84.0	52.63
69	-37.0	49.0	-123.0	-128.0	-17.0	-3.0	41.0	-114.0	51.39
70	-48.0	104.0	-30.0	45.0	-22.0	62.0	6.0	-80.0	52.3
71	66.0	101.0	-128.0	-11.0	31.0	-37.0	2.0	-60.0	48.71
72	30.0	127.0	-110.0	113.0	1.0	-17.0	-60.0	91.0	41.88
73	7.0	127.0	19.0	16.0	24.0	-7.0	-71.0	31.0	40.62
74	-46.0	-45.0	127.0	-74.0	13.0	-45.0	-32.0	29.0	45.83
75	119.0	-11.0	32.0	-32.0	-22.0	-16.0	-114.0	-50.0	39.23
76	-35.0	-60.0	42.0	104.0	-13.0	13.0	76.0	75.0	39.15
77	103.0	-70.0	18.0	-128.0	-12.0	4.0	-60.0	-119.0	39.9
78	-46.0	127.0	-96.0	-19.0	24.0	19.0	-15.0	22.0	43.02
79	-74.0	127.0	98.0	39.0	14.0	-35.0	92.0	-90.0	48.71
80	-95.0	127.0	20.0	70.0	-10.0	-2.0	40.0	107.0	39.56
