0	-93.0	30.0	-98.0	46.0	-3.0	42.0	77.0	-28.0	104.47
1	23.0	8.0	6.0	-128.0	29.0	95.0	-125.0	81.0	103.14
2	7.0	21.0	-59.0	-36.0	17.0	46.0	25.0	-70.0	101.76
3	127.0	-82.0	-42.0	42.0	-13.0	52.0	57.0	77.0	95.86
4	-128.0	-102.0	101.0	-103.0	62.0	58.0	-53.0	43.0	93.63
5	-75.0	-5.0	12.0	-40.0	-45.0	39.0	18.0	-53.0	96.28
6	127.0	-29.0	-11.0	54.0	32.0	28.0	7.0	3.0	95.84
7	-99.0	123.0	94.0	111.0	-35.0	-25.0	-123.0	-43.0	88.17
8	114.0	57.0	-61.0	33.0	22.0	-84.0	76.0	-5.0	78.63
9	29.0	-52.0	79.0	-17.0	-71.0	78.0	-47.0	15.0	70.4
10	109.0	-3.0	-55.0	27.0	9.0	-26.0	-128.0	-46.0	63.51
11	-126.0	-128.0	-84.0	43.0	8.0	-74.0	17.0	6.0	68.18
12	107.0	17.0	70.0	50.0	78.0	5.0	43.0	34.0	66.55
13	33.0	-106.0	14.0	-43.0	-17.0	-11.0	66.0	67.0	63.27
14	-101.0	127.0	-5.0	38.0	56.0	64.0	97.0	45.0	62.52
15	-123.0	10.0	2.0	-76.0	12.0	-102.0	-78.0	-26.0	60.19
16	-38.0	-128.0	59.0	98.0	97.0	78.0	7.0	-128.0	54.43
17	-41.0	99.0	36.0	-82.0	-40.0	4.0	-29.0	37.0	59.39
18	96.0	-96.0	126.0	-20.0	-25.0	-25.0	-10.0	-45.0	56.51
19	-10.0	118.0	-98.0	-13.0	-40.0	-77.0	-80.0	40.0	54.61
20	127.0	124.0	3.0	37.0	-15.0	19.0	-29.0	-104.0	55.01
21	37.0	-128.0	-5.0	-64.0	-42.0	-48.0	-128.0	27.0	62.46
22	-38.0	7.0	-15.0	-67.0	-9.0	-22.0	85.0	-64.0	62.11
23	15.0	-82.0	-3.0	-52.0	-13.0	11.0	-44.0	-32.0	60.48
24	125.0	127.0	-24.0	-46.0	-13.0	-63.0	1.0	1.0	60.19
25	-36.0	127.0	-25.0	-112.0	20.0	-19.0	-128.0	5.0	54.61
26	-13.0	-52.0	-40.0	-6.0	48.0	70.0	96.0	74.0	54.4
27	-128.0	-128.0	59.0	-59.0	-9.0	-10.0	64.0	-31.0	55.57
28	69.0	72.0	48.0	34.0	-15.0	11.0	-60.0	-34.0	55.01
29	-1.0	46.0	-4.0	91.0	-66.0	-95.0	-49.0	-34.0	62.11
30	109.0	13.0	125.0	17.0	-66.0	13.0	-25.0	-95.0	62.52
31	-87.0	-53.0	-12.0	38.0	-15.0	-118.0	-106.0	91.0	69.19
32	-23.0	127.0	22.0	69.0	-22.0	-65.0	-55.0	1.0	64.85
33	52.0	-53.0	-73.0	-78.0	14.0	-28.0	14.0	39.0	78.63
34	117.0	-49.0	35.0	-2.0	-42.0	-23.0	-41.0	18.0	63.27
35	77.0	127.0	-88.0	-128.0	-23.0	-63.0	36.0	-98.0	70.77
36	6.0	94.0	48.0	58.0	-50.0	62.0	112.0	19.0	64.85
37	-67.0	-40.0	-14.0	-47.0	-14.0	53.0	-90.0	37.0	70.05
38	127.0	127.0	49.0	38.0	43.0	34.0	47.0	9.0	89.43
39	58.0	35.0	13.0	-29.0	-15.0	23.0	75.0	-38.0	70.77
40	84.0	45.0	66.0	74.0	8.0	52.0	24.0	23.0	68.18
41	119.0	-128.0	-38.0	21.0	-42.0	-14.0	-21.0	74.0	89.06
42	-104.0	121.0	1.0	127.0	55.0	-3.0	16.0	32.0	81.56
43	-18.0	84.0	22.0	-16.0	-43.0	-46.0	28.0	-45.0	93.63
44	-128.0	82.0	79.0	33.0	2.0	-30.0	85.0	17.0	100.61
45	84.0	-1.0	17.0	-33.0	-23.0	31.0	-27.0	-48.0	100.73
46	73.0	-23.0	34.0	16.0	16.0	-10.0	-118.0	-67.0	104.49
47	-56.0	-105.0	-1.0	-25.0	24.0	58.0	109.0	14.0	107.91
48	59.0	-127.0	47.0	112.0	92.0	13.0	-85.0	-64.0	106.9
49	127.0	29.0	31.0	56.0	0.0	-10.0	104.0	-35.0	109.63
50	51.0	45.0	-34.0	-100.0	19.0	127.0	56.0	-32.0	109.43
51	80.0	119.0	41.0	8.0	-2.0	-60.0	-91.0	-52.0	105.48
52	-12.0	127.0	-70.0	-2.0	-25.0	-22.0	-35.0	0.0	100.23
53	83.0	57.0	-35.0	-67.0	25.0	-29.0	113.0	-20.0	100.2
54	-20.0	-76.0	5.0	34.0	-1.0	47.0	96.0	-38.0	95.91
55	-46.0	127.0	1.0	-69.0	-100.0	-44.0	19.0	-10.0	89.43
56	127.0	-107.0	13.0	-74.0	45.0	1.0	44.0	82.0	100.23
57	-125.0	109.0	48.0	58.0	5.0	-25.0	19.0	-14.0	95.91
58	-14.0	61.0	112.0	44.0	-15.0	67.0	23.0	-70.0	96.28
59	71.0	-100.0	50.0	-91.0	1.0	122.0	-87.0	37.0	105.3
60	31.0	-55.0	-61.0	-13.0	-24.0	-118.0	-107.0	-1.0	101.76
61	-88.0	64.0	-33.0	-14.0	30.0	5.0	13.0	-47.0	107.14
62	127.0	22.0	-42.0	-41.0	-15.0	-49.0	79.0	38.0	106.9
63	86.0	-124.0	37.0	-37.0	-9.0	15.0	-56.0	5.0	107.91
64	-65.0	73.0	6.0	-38.0	-25.0	35.0	62.0	92.0	109.43
65	-38.0	127.0	-68.0	-111.0	63.0	-77.0	22.0	30.0	108.24
66	127.0	61.0	127.0	64.0	11.0	79.0	-82.0	10.0	108.86
67	46.0	83.0	-89.0	-48.0	33.0	-25.0	53.0	-45.0	110.71
68	127.0	121.0	-10.0	-12.0	3.0	-1.0	-59.0	91.0	110.83
69	47.0	-35.0	-103.0	-56.0	-36.0	-88.0	114.0	8.0	111.31
70	-19.0	-21.0	70.0	-71.0	39.0	69.0	-123.0	51.0	111.31
71	-89.0	-116.0	13.0	-57.0	-28.0	9.0	64.0	-22.0	113.75
72	43.0	36.0	53.0	-30.0	-108.0	-35.0	127.0	8.0	112.7
73	-21.0	88.0	9.0	-120.0	-34.0	67.0	25.0	41.0	113.81
74	127.0	-50.0	21.0	6.0	-46.0	-56.0	-55.0	-44.0	113.75
75	-56.0	-128.0	-37.0	49.0	-77.0	43.0	71.0	-31.0	113.81
76	74.0	118.0	0.0	-8.0	-33.0	29.0	90.0	-73.0	113.96
77	68.0	26.0	5.0	-128.0	35.0	-61.0	95.0	64.0	113.31
78	127.0	81.0	-32.0	50.0	-4.0	-54.0	-8.0	-69.0	112.7
79	15.0	-37.0	118.0	-18.0	42.0	-30.0	88.0	77.0	111.77
80	-128.0	42.0	-97.0	-11.0	-23.0	-18.0	0.0	-53.0	109.85
81	-88.0	-8.0	-30.0	110.0	-22.0	71.0	104.0	-21.0	109.63
82	126.0	59.0	-128.0	48.0	26.0	37.0	-128.0	-3.0	103.4
83	98.0	67.0	1.0	-20.0	-36.0	-100.0	39.0	-103.0	105.48
84	40.0	106.0	-46.0	-16.0	59.0	29.0	-90.0	10.0	101.76
85	-17.0	-82.0	75.0	-57.0	-29.0	-30.0	-128.0	-42.0	104.49
86	-14.0	10.0	-68.0	-119.0	64.0	-16.0	127.0	61.0	103.14
