0	91.0	-20.0	-101.0	-117.0	10.0	2.0	-14.0	-101.0	74.78
1	-27.0	-91.0	-52.0	-93.0	8.0	2.0	-12.0	-37.0	80.47
2	-128.0	-77.0	-48.0	28.0	-22.0	45.0	-35.0	18.0	90.87
3	28.0	79.0	-87.0	-12.0	2.0	-23.0	-19.0	4.0	90.92
4	36.0	-128.0	-21.0	65.0	-16.0	23.0	-17.0	-4.0	92.84
5	-52.0	-110.0	22.0	47.0	-11.0	-24.0	-4.0	-50.0	98.08
6	-117.0	-32.0	16.0	-17.0	-2.0	-38.0	-18.0	17.0	93.79
7	-86.0	-33.0	0.0	127.0	-3.0	-5.0	-6.0	38.0	105.33
8	-89.0	61.0	-128.0	119.0	3.0	16.0	-4.0	-65.0	108.88
9	103.0	127.0	33.0	-18.0	1.0	18.0	10.0	8.0	109.15
10	-80.0	127.0	47.0	-42.0	33.0	-29.0	-7.0	-62.0	109.15
11	-25.0	-43.0	15.0	14.0	-53.0	-4.0	-40.0	42.0	109.44
12	74.0	77.0	29.0	-9.0	24.0	22.0	54.0	22.0	110.52
13	-32.0	-110.0	-9.0	48.0	27.0	-5.0	-42.0	-19.0	110.82
14	111.0	117.0	-32.0	2.0	-12.0	-30.0	-7.0	-33.0	110.02
15	38.0	-45.0	-25.0	-49.0	-26.0	35.0	19.0	15.0	110.02
16	50.0	-99.0	-87.0	-31.0	-16.0	-16.0	8.0	-8.0	108.31
17	65.0	43.0	60.0	-46.0	29.0	29.0	-20.0	-12.0	108.31
18	96.0	59.0	0.0	23.0	35.0	-46.0	-21.0	28.0	107.17
19	72.0	76.0	83.0	52.0	30.0	-52.0	5.0	19.0	103.34
20	57.0	25.0	-111.0	7.0	-20.0	-4.0	124.0	-48.0	98.08
21	-66.0	-75.0	-68.0	-46.0	-9.0	-9.0	26.0	-44.0	104.12
22	62.0	6.0	2.0	-49.0	-30.0	-3.0	-36.0	-1.0	107.72
23	127.0	-5.0	0.0	70.0	5.0	48.0	-28.0	-33.0	107.76
24	-7.0	-63.0	33.0	83.0	-7.0	10.0	-52.0	2.0	105.33
25	11.0	2.0	29.0	-21.0	11.0	-3.0	-44.0	48.0	106.33
26	-75.0	-76.0	-29.0	-128.0	62.0	-45.0	2.0	-58.0	107.76
27	67.0	-102.0	43.0	-65.0	0.0	8.0	-19.0	-5.0	106.67
28	119.0	-22.0	-51.0	37.0	23.0	16.0	-100.0	-15.0	106.67
29	-36.0	45.0	108.0	34.0	29.0	1.0	117.0	12.0	106.33
30	5.0	-95.0	69.0	-111.0	-19.0	47.0	-69.0	21.0	102.79
31	-128.0	127.0	-22.0	-128.0	59.0	-5.0	6.0	-22.0	102.79
32	-65.0	66.0	-83.0	-19.0	-23.0	51.0	25.0	-11.0	105.37
33	94.0	113.0	-7.0	23.0	-3.0	-15.0	33.0	54.0	98.26
34	-76.0	7.0	-39.0	127.0	-17.0	-47.0	-50.0	-39.0	98.76
35	-73.0	127.0	-27.0	-61.0	50.0	-19.0	62.0	36.0	98.76
36	100.0	65.0	-53.0	57.0	-19.0	18.0	4.0	23.0	101.2
37	-76.0	91.0	2.0	-54.0	-28.0	8.0	-14.0	33.0	100.93
38	127.0	81.0	-29.0	-107.0	51.0	-12.0	4.0	-2.0	103.34
39	28.0	74.0	10.0	30.0	6.0	-4.0	17.0	-43.0	99.95
40	48.0	109.0	101.0	-43.0	-36.0	-4.0	-10.0	-19.0	97.66
41	-47.0	40.0	13.0	-19.0	12.0	27.0	5.0	26.0	93.54
42	-63.0	-17.0	41.0	78.0	-1.0	-8.0	-8.0	17.0	92.84
43	123.0	-70.0	-5.0	-13.0	-2.0	30.0	-20.0	-21.0	91.87
44	44.0	-49.0	14.0	-48.0	5.0	15.0	-42.0	2.0	91.62
45	10.0	-9.0	-8.0	-122.0	-23.0	-27.0	-10.0	11.0	92.28
46	15.0	-100.0	-18.0	72.0	15.0	48.0	8.0	-10.0	91.87
47	-94.0	-90.0	67.0	-31.0	1.0	-36.0	-128.0	14.0	92.32
48	58.0	-5.0	-49.0	48.0	4.0	21.0	3.0	5.0	90.92
49	-51.0	8.0	-21.0	-47.0	-1.0	0.0	-118.0	-26.0	89.66
50	110.0	61.0	42.0	-37.0	-10.0	16.0	-51.0	20.0	80.83
51	-28.0	105.0	43.0	80.0	-28.0	-9.0	-66.0	3.0	77.11
52	55.0	-74.0	28.0	13.0	-12.0	29.0	127.0	21.0	63.16
53	-10.0	-52.0	18.0	2.0	5.0	-6.0	-40.0	6.0	66.73
54	-103.0	-7.0	-9.0	78.0	28.0	14.0	-27.0	16.0	74.05
55	127.0	44.0	-28.0	-128.0	35.0	4.0	17.0	19.0	79.14
56	77.0	68.0	-24.0	-114.0	-36.0	-27.0	-26.0	0.0	74.78
57	8.0	43.0	12.0	55.0	-13.0	-22.0	32.0	-19.0	66.73
58	-18.0	-21.0	85.0	-48.0	-38.0	-26.0	28.0	-25.0	59.74
59	127.0	-113.0	-29.0	-2.0	2.0	-7.0	-15.0	-65.0	66.16
60	-48.0	94.0	-128.0	30.0	-13.0	34.0	66.0	-4.0	64.74
61	50.0	21.0	-47.0	45.0	26.0	4.0	41.0	13.0	52.88
62	-63.0	30.0	7.0	-37.0	27.0	-15.0	-9.0	6.0	53.58
63	30.0	-78.0	16.0	-97.0	-17.0	29.0	-11.0	14.0	54.93
64	-126.0	37.0	79.0	-5.0	-21.0	21.0	23.0	-31.0	60.05
65	-65.0	43.0	-9.0	36.0	-15.0	-11.0	-62.0	43.0	61.93
66	-37.0	67.0	51.0	2.0	-6.0	3.0	-82.0	6.0	65.44
67	127.0	-26.0	27.0	9.0	20.0	37.0	6.0	-8.0	66.7
68	-14.0	118.0	92.0	26.0	6.0	18.0	1.0	26.0	70.78
69	65.0	4.0	4.0	-58.0	-14.0	-10.0	36.0	-22.0	79.14
70	-6.0	74.0	-44.0	15.0	-16.0	-5.0	91.0	-39.0	60.05
71	-27.0	71.0	-74.0	-18.0	-36.0	6.0	-27.0	14.0	66.16
72	-69.0	-61.0	32.0	22.0	-8.0	14.0	-5.0	-103.0	53.94
73	-100.0	127.0	-5.0	29.0	13.0	-34.0	-49.0	1.0	52.56
74	-22.0	-45.0	-53.0	-20.0	-37.0	-4.0	1.0	26.0	53.19
75	127.0	-92.0	-54.0	-11.0	33.0	0.0	44.0	-2.0	52.61
76	31.0	127.0	6.0	-30.0	-8.0	-10.0	-9.0	-37.0	52.49
77	-68.0	-19.0	20.0	55.0	-2.0	21.0	102.0	-22.0	52.49
78	86.0	93.0	52.0	82.0	32.0	7.0	-14.0	-91.0	53.19
79	77.0	-16.0	6.0	-47.0	-15.0	-1.0	-2.0	-4.0	52.96
80	22.0	127.0	-53.0	16.0	-6.0	7.0	1.0	17.0	52.96
81	71.0	61.0	20.0	-75.0	5.0	23.0	74.0	-72.0	54.93
82	75.0	-66.0	-22.0	11.0	28.0	-6.0	-5.0	41.0	80.83
83	44.0	79.0	95.0	33.0	-27.0	-4.0	-19.0	3.0	89.66
84	-36.0	-47.0	15.0	-67.0	43.0	2.0	-29.0	-19.0	63.16
85	79.0	-16.0	5.0	118.0	-21.0	44.0	-122.0	-40.0	54.25
