0	-77.0	11.0	-2.0	-74.0	-9.0	-38.0	-14.0	11.0	99.68
1	32.0	106.0	-51.0	52.0	-5.0	24.0	121.0	-6.0	100.81
2	-51.0	-76.0	57.0	-36.0	28.0	-10.0	107.0	-42.0	102.85
3	88.0	127.0	-18.0	74.0	-53.0	-16.0	-81.0	51.0	102.11
4	127.0	-72.0	12.0	-45.0	-27.0	-18.0	1.0	36.0	103.39
5	6.0	127.0	-9.0	64.0	-52.0	-26.0	46.0	-28.0	98.94
6	20.0	55.0	-89.0	4.0	42.0	-2.0	-32.0	-35.0	102.11
7	27.0	-123.0	122.0	-58.0	-67.0	127.0	122.0	112.0	106.04
8	-71.0	13.0	-32.0	-19.0	-42.0	14.0	15.0	28.0	108.49
9	117.0	45.0	-96.0	16.0	20.0	-14.0	-81.0	15.0	111.98
10	-128.0	-16.0	-54.0	-14.0	-23.0	38.0	34.0	-94.0	113.2
11	-112.0	-128.0	127.0	20.0	4.0	27.0	6.0	-21.0	114.04
12	42.0	-61.0	23.0	-56.0	-56.0	-97.0	-74.0	-17.0	114.79
13	57.0	75.0	-30.0	27.0	-8.0	-88.0	-33.0	23.0	115.83
14	10.0	127.0	-14.0	26.0	-11.0	71.0	35.0	-81.0	115.86
15	42.0	-46.0	-4.0	48.0	-29.0	15.0	-54.0	22.0	115.86
16	98.0	-123.0	-103.0	-31.0	8.0	8.0	79.0	99.0	115.83
17	-95.0	115.0	61.0	35.0	44.0	85.0	117.0	16.0	115.52
18	-128.0	113.0	59.0	-78.0	25.0	-17.0	6.0	78.0	114.61
19	55.0	3.0	127.0	-27.0	-14.0	-29.0	124.0	-13.0	114.79
20	59.0	24.0	19.0	1.0	0.0	-39.0	41.0	28.0	113.2
21	-106.0	-128.0	58.0	-45.0	52.0	-42.0	-37.0	33.0	110.26
22	-77.0	70.0	-122.0	10.0	46.0	-99.0	-70.0	25.0	109.37
23	-67.0	-78.0	83.0	-1.0	-27.0	-17.0	-108.0	-8.0	108.49
24	-122.0	-128.0	48.0	-102.0	63.0	-1.0	-3.0	-12.0	113.2
25	127.0	-128.0	35.0	-23.0	-11.0	-53.0	66.0	46.0	109.37
26	-99.0	1.0	-25.0	33.0	-30.0	20.0	65.0	19.0	106.97
27	127.0	-97.0	-41.0	-10.0	-105.0	-7.0	-41.0	-8.0	106.74
28	88.0	37.0	71.0	26.0	-15.0	-29.0	71.0	-17.0	106.74
29	-128.0	110.0	7.0	36.0	40.0	80.0	-80.0	-90.0	106.04
30	-119.0	-47.0	18.0	-36.0	-57.0	79.0	-56.0	-41.0	103.69
31	24.0	93.0	-79.0	107.0	6.0	38.0	27.0	-49.0	105.1
32	37.0	42.0	119.0	-85.0	-19.0	2.0	-84.0	21.0	103.69
33	97.0	-115.0	-16.0	69.0	0.0	-12.0	12.0	85.0	100.81
34	-128.0	62.0	-96.0	-83.0	14.0	84.0	19.0	-25.0	97.85
35	-128.0	-128.0	-9.0	-49.0	-52.0	40.0	-49.0	64.0	96.58
36	66.0	-57.0	127.0	5.0	-11.0	-88.0	-99.0	-5.0	98.3
37	126.0	51.0	1.0	127.0	-14.0	19.0	7.0	31.0	96.29
38	-1.0	38.0	-69.0	-71.0	31.0	-10.0	43.0	46.0	97.99
39	94.0	79.0	-116.0	-8.0	110.0	46.0	28.0	5.0	90.53
40	117.0	-82.0	95.0	-41.0	4.0	-26.0	-5.0	-34.0	92.71
41	105.0	-106.0	38.0	-37.0	11.0	50.0	62.0	51.0	92.94
42	127.0	127.0	-23.0	-121.0	-16.0	-63.0	27.0	127.0	94.74
43	-128.0	-83.0	-119.0	-10.0	1.0	30.0	-34.0	-43.0	91.4
44	7.0	20.0	-18.0	30.0	-16.0	77.0	13.0	-10.0	91.4
45	-4.0	-103.0	97.0	-21.0	2.0	-1.0	127.0	19.0	72.97
46	127.0	14.0	-77.0	-49.0	-7.0	26.0	-65.0	60.0	80.75
47	8.0	4.0	-9.0	-42.0	-3.0	15.0	-80.0	31.0	72.74
48	94.0	29.0	-26.0	-35.0	-43.0	-82.0	-89.0	70.0	78.99
49	-98.0	72.0	7.0	48.0	-8.0	19.0	-8.0	58.0	67.86
50	-84.0	-15.0	-47.0	-128.0	-59.0	43.0	-88.0	27.0	60.92
51	124.0	-128.0	-122.0	21.0	-14.0	52.0	-128.0	-85.0	61.42
52	-25.0	123.0	-67.0	-10.0	-14.0	-32.0	-89.0	30.0	80.18
53	-3.0	127.0	-40.0	26.0	-19.0	43.0	8.0	-28.0	89.36
54	28.0	127.0	7.0	-5.0	23.0	-54.0	-43.0	-7.0	89.36
55	127.0	-68.0	103.0	57.0	-4.0	12.0	-37.0	95.0	85.31
56	127.0	-24.0	13.0	60.0	2.0	14.0	60.0	32.0	85.31
57	74.0	30.0	14.0	11.0	20.0	39.0	37.0	10.0	67.86
58	127.0	-102.0	-5.0	-103.0	96.0	-27.0	12.0	70.0	58.66
59	73.0	-102.0	65.0	-24.0	-19.0	28.0	98.0	8.0	57.49
60	-16.0	-95.0	127.0	-70.0	-10.0	-57.0	-38.0	-6.0	62.79
61	34.0	-68.0	-24.0	-28.0	4.0	67.0	80.0	-20.0	84.46
62	90.0	53.0	-43.0	-128.0	-37.0	-27.0	104.0	-36.0	88.11
63	-103.0	-123.0	-47.0	127.0	21.0	-56.0	25.0	109.0	61.32
64	-7.0	102.0	-9.0	-110.0	-25.0	0.0	53.0	7.0	58.66
65	-80.0	98.0	-26.0	-42.0	7.0	33.0	-83.0	9.0	57.02
66	127.0	66.0	-22.0	-51.0	34.0	-6.0	12.0	17.0	56.84
67	127.0	79.0	-78.0	-46.0	20.0	-50.0	13.0	52.0	57.21
68	51.0	127.0	-95.0	63.0	-10.0	-39.0	75.0	-52.0	58.2
69	-128.0	-128.0	-10.0	93.0	120.0	-18.0	-8.0	-38.0	57.21
70	127.0	63.0	4.0	-15.0	63.0	83.0	-43.0	23.0	57.02
71	69.0	97.0	16.0	93.0	-12.0	98.0	-65.0	116.0	60.56
72	77.0	127.0	-15.0	8.0	7.0	6.0	47.0	52.0	58.27
73	-69.0	52.0	32.0	83.0	-43.0	14.0	55.0	62.0	60.92
74	112.0	106.0	86.0	-101.0	-38.0	-81.0	-108.0	-15.0	59.56
75	-30.0	66.0	84.0	5.0	20.0	26.0	-128.0	66.0	60.11
76	127.0	97.0	-2.0	-44.0	-1.0	-30.0	127.0	-14.0	60.56
77	-78.0	-33.0	-109.0	2.0	2.0	-5.0	-2.0	66.0	73.75
78	127.0	98.0	12.0	-69.0	23.0	40.0	23.0	-56.0	73.75
79	63.0	10.0	-25.0	30.0	-10.0	12.0	112.0	-67.0	78.99
80	-18.0	65.0	19.0	-101.0	14.0	-3.0	-71.0	-19.0	94.74
81	126.0	-35.0	-108.0	26.0	-16.0	14.0	103.0	15.0	92.71
82	-81.0	-1.0	35.0	-31.0	-25.0	18.0	-31.0	32.0	97.85
83	-20.0	127.0	4.0	5.0	20.0	-36.0	-11.0	-55.0	97.68
84	86.0	127.0	-4.0	-5.0	11.0	-73.0	-107.0	-30.0	97.76
85	-95.0	-101.0	-116.0	31.0	-24.0	-28.0	63.0	22.0	97.68
86	-16.0	-105.0	-8.0	27.0	24.0	12.0	94.0	-87.0	98.62
