0	40.0	-31.0	-46.0	-50.0	26.0	-17.0	-13.0	38.0	56.85
1	-19.0	103.0	-51.0	-39.0	-21.0	-11.0	9.0	-17.0	53.85
2	25.0	-12.0	1.0	-87.0	23.0	-7.0	-17.0	12.0	53.85
3	25.0	54.0	15.0	94.0	104.0	-2.0	-14.0	-25.0	52.91
4	-40.0	-54.0	14.0	-25.0	-8.0	9.0	-6.0	-25.0	49.68
5	25.0	41.0	-18.0	-4.0	-8.0	24.0	-22.0	-11.0	41.67
6	-7.0	100.0	-115.0	-1.0	-20.0	-4.0	-3.0	9.0	42.87
7	98.0	-5.0	52.0	36.0	-85.0	2.0	0.0	12.0	40.89
8	107.0	-6.0	23.0	-84.0	-14.0	-14.0	-2.0	2.0	40.16
9	26.0	-77.0	-40.0	-59.0	-24.0	11.0	1.0	13.0	40.89
10	-66.0	46.0	-75.0	67.0	5.0	-18.0	3.0	-4.0	39.66
11	39.0	127.0	66.0	20.0	-57.0	-1.0	-7.0	2.0	41.08
12	127.0	-19.0	10.0	-2.0	-7.0	12.0	14.0	7.0	39.66
13	-128.0	85.0	10.0	29.0	0.0	-49.0	12.0	9.0	48.91
14	127.0	15.0	-92.0	-47.0	9.0	-2.0	-6.0	-2.0	51.23
15	-46.0	-59.0	26.0	40.0	-18.0	0.0	-16.0	40.0	52.91
16	-44.0	112.0	-60.0	1.0	-29.0	-4.0	25.0	-9.0	49.68
17	14.0	127.0	-17.0	8.0	10.0	-37.0	-4.0	2.0	56.75
18	125.0	-62.0	127.0	-33.0	26.0	-19.0	-31.0	-7.0	57.59
19	116.0	24.0	26.0	-4.0	-11.0	5.0	-19.0	-13.0	63.03
20	-106.0	-51.0	-15.0	103.0	-6.0	12.0	4.0	0.0	60.99
21	-34.0	122.0	67.0	-15.0	7.0	-1.0	-6.0	-20.0	58.84
22	-17.0	34.0	-4.0	10.0	-15.0	9.0	-2.0	20.0	60.91
23	33.0	7.0	7.0	61.0	-11.0	-9.0	2.0	-4.0	56.85
24	107.0	-2.0	119.0	-5.0	-13.0	27.0	4.0	-1.0	59.11
25	6.0	58.0	-41.0	28.0	-3.0	-22.0	-68.0	-27.0	60.93
26	30.0	75.0	-103.0	-36.0	-10.0	-6.0	-9.0	46.0	60.91
27	-67.0	-52.0	15.0	-80.0	6.0	5.0	2.0	15.0	63.09
28	47.0	17.0	24.0	1.0	-9.0	3.0	-17.0	8.0	61.4
29	14.0	-31.0	-1.0	0.0	-13.0	-2.0	-13.0	8.0	60.95
30	5.0	-105.0	-52.0	-53.0	-16.0	18.0	-5.0	-15.0	60.75
31	-84.0	114.0	-14.0	-94.0	-10.0	-5.0	10.0	-7.0	61.4
32	93.0	127.0	-19.0	60.0	-33.0	-8.0	17.0	-8.0	63.09
33	108.0	-128.0	-4.0	10.0	11.0	-27.0	10.0	-45.0	65.81
34	-83.0	-9.0	1.0	28.0	39.0	-18.0	4.0	1.0	64.58
35	-93.0	-118.0	4.0	-9.0	-37.0	-39.0	-16.0	8.0	72.09
36	-125.0	127.0	90.0	-7.0	-43.0	16.0	-5.0	-9.0	75.18
37	-49.0	111.0	-17.0	-77.0	10.0	-13.0	26.0	-24.0	88.1
38	-48.0	-78.0	-29.0	11.0	-2.0	-9.0	-18.0	3.0	90.14
39	3.0	-128.0	-31.0	-5.0	19.0	39.0	-7.0	-25.0	97.27
40	17.0	95.0	-64.0	-53.0	-41.0	-14.0	6.0	-20.0	90.54
41	87.0	84.0	25.0	-70.0	32.0	-1.0	-4.0	-3.0	100.34
42	3.0	-105.0	-27.0	106.0	-13.0	16.0	-22.0	38.0	100.34
43	43.0	-41.0	-47.0	48.0	-6.0	5.0	-4.0	-20.0	99.6
44	-99.0	-49.0	127.0	5.0	-17.0	9.0	-40.0	-37.0	101.67
45	-44.0	26.0	-30.0	-46.0	-51.0	6.0	-11.0	-1.0	101.81
46	72.0	8.0	47.0	-39.0	0.0	3.0	-18.0	-6.0	104.0
47	-51.0	57.0	62.0	-34.0	-1.0	0.0	22.0	5.0	104.0
48	51.0	-30.0	-45.0	-128.0	-49.0	-2.0	-12.0	8.0	104.44
49	95.0	-24.0	-17.0	2.0	116.0	-5.0	32.0	-7.0	104.44
50	2.0	-73.0	-39.0	15.0	20.0	-27.0	5.0	25.0	105.1
51	26.0	105.0	-14.0	16.0	66.0	-10.0	14.0	-2.0	104.96
52	-50.0	-20.0	113.0	-40.0	-9.0	-4.0	8.0	-8.0	103.63
53	-120.0	-128.0	-26.0	2.0	-7.0	24.0	-3.0	-16.0	103.27
54	17.0	38.0	-54.0	23.0	-12.0	-14.0	-44.0	-2.0	102.78
55	-93.0	-59.0	33.0	-119.0	-9.0	-2.0	-12.0	-4.0	102.78
56	-14.0	-52.0	127.0	-59.0	0.0	-2.0	26.0	-21.0	101.81
57	75.0	-77.0	-73.0	57.0	3.0	12.0	-26.0	-11.0	97.27
58	8.0	-77.0	19.0	12.0	-8.0	4.0	-11.0	-5.0	86.21
59	-40.0	127.0	-19.0	11.0	23.0	-1.0	14.0	30.0	90.14
60	-55.0	127.0	54.0	-72.0	-30.0	-11.0	-10.0	-1.0	85.91
61	-45.0	109.0	0.0	-11.0	11.0	-4.0	7.0	-8.0	75.18
62	122.0	-101.0	-82.0	-94.0	7.0	-1.0	-14.0	-7.0	83.46
63	66.0	46.0	-52.0	17.0	-1.0	-1.0	8.0	-9.0	83.46
64	-85.0	11.0	40.0	-5.0	-22.0	-9.0	-15.0	-9.0	78.12
65	117.0	-73.0	49.0	-48.0	-74.0	-2.0	-2.0	6.0	92.52
66	-88.0	122.0	-35.0	-9.0	-3.0	-4.0	21.0	17.0	95.87
67	114.0	124.0	79.0	26.0	-19.0	-4.0	-5.0	6.0	94.04
68	-59.0	22.0	48.0	43.0	-6.0	-4.0	22.0	-5.0	94.61
69	18.0	50.0	123.0	119.0	8.0	3.0	-5.0	36.0	96.83
70	87.0	-81.0	34.0	1.0	-8.0	-4.0	0.0	6.0	98.94
71	43.0	27.0	61.0	9.0	6.0	-7.0	8.0	1.0	96.83
72	66.0	-26.0	-59.0	-5.0	1.0	2.0	12.0	-15.0	90.54
73	-15.0	-127.0	-3.0	105.0	-11.0	15.0	-11.0	0.0	86.21
74	77.0	56.0	-84.0	-18.0	-8.0	-20.0	-12.0	-9.0	74.1
75	26.0	-18.0	-9.0	-72.0	-22.0	19.0	-1.0	0.0	74.1
76	-71.0	127.0	-4.0	-39.0	3.0	7.0	15.0	-36.0	73.83
77	94.0	-6.0	-34.0	-56.0	0.0	-14.0	-38.0	-17.0	68.76
78	-29.0	99.0	-125.0	-10.0	1.0	-10.0	-14.0	1.0	68.76
79	-102.0	91.0	2.0	108.0	-7.0	1.0	-14.0	-18.0	64.58
80	-30.0	-29.0	11.0	-72.0	15.0	-18.0	26.0	0.0	67.46
81	23.0	-65.0	-29.0	127.0	13.0	-46.0	-11.0	25.0	71.86
82	127.0	-5.0	-128.0	-94.0	-6.0	-19.0	-15.0	-9.0	67.46
83	-8.0	88.0	31.0	-65.0	-22.0	11.0	41.0	-4.0	64.26
84	-128.0	66.0	-50.0	-128.0	13.0	-13.0	-23.0	-4.0	62.82
85	112.0	127.0	-115.0	-41.0	40.0	6.0	4.0	59.0	59.11
