0	-58.0	90.0	106.0	21.0	-1.0	16.0	21.0	-37.0	137.95
1	1.0	-92.0	-34.0	17.0	-17.0	1.0	-17.0	30.0	127.91
2	-93.0	44.0	-112.0	-53.0	10.0	-16.0	-19.0	30.0	126.04
3	127.0	6.0	30.0	8.0	-1.0	0.0	-15.0	37.0	123.52
4	-62.0	114.0	-71.0	-21.0	-7.0	4.0	-29.0	12.0	124.19
5	127.0	56.0	10.0	-10.0	6.0	-18.0	-5.0	-18.0	109.1
6	113.0	-84.0	12.0	-27.0	-17.0	-6.0	-1.0	49.0	106.73
7	-100.0	-128.0	85.0	-17.0	-16.0	-25.0	-82.0	-3.0	104.58
8	26.0	-32.0	-30.0	28.0	-9.0	-9.0	1.0	-27.0	93.29
9	29.0	-84.0	59.0	15.0	-6.0	6.0	15.0	-2.0	94.61
10	34.0	-126.0	38.0	32.0	9.0	-13.0	9.0	28.0	104.05
11	-12.0	-83.0	40.0	102.0	-2.0	-9.0	-4.0	41.0	102.05
12	88.0	127.0	15.0	-20.0	-10.0	-24.0	-8.0	-13.0	94.76
13	-28.0	-62.0	52.0	-7.0	-3.0	2.0	13.0	-36.0	94.61
14	87.0	79.0	0.0	-35.0	20.0	30.0	-7.0	-81.0	91.22
15	34.0	113.0	62.0	34.0	-5.0	-17.0	-18.0	-35.0	62.41
16	-37.0	-65.0	12.0	-19.0	-1.0	0.0	19.0	-4.0	70.34
17	-64.0	-44.0	65.0	17.0	-7.0	-7.0	-6.0	9.0	62.41
18	-69.0	43.0	37.0	50.0	-3.0	-4.0	22.0	18.0	60.17
19	92.0	-112.0	60.0	8.0	1.0	-1.0	-20.0	-23.0	65.96
20	-93.0	0.0	-38.0	-18.0	-3.0	-4.0	7.0	-24.0	58.65
21	-125.0	-22.0	-52.0	22.0	3.0	-10.0	-5.0	-6.0	62.12
22	-25.0	-66.0	32.0	-47.0	-10.0	14.0	8.0	-14.0	91.22
23	-55.0	-5.0	-96.0	37.0	3.0	-8.0	-16.0	12.0	87.12
24	127.0	18.0	-100.0	53.0	-6.0	-25.0	13.0	-12.0	70.34
25	-111.0	-40.0	45.0	24.0	-11.0	14.0	1.0	10.0	72.95
26	-82.0	-128.0	-23.0	54.0	-2.0	-10.0	2.0	6.0	93.29
27	17.0	4.0	-3.0	36.0	-3.0	6.0	21.0	84.0	57.73
28	-60.0	-103.0	-40.0	-31.0	-6.0	-1.0	7.0	22.0	58.46
29	-4.0	68.0	-102.0	-11.0	8.0	-12.0	-20.0	-43.0	54.14
30	28.0	19.0	13.0	62.0	3.0	-11.0	-4.0	27.0	67.37
31	53.0	-98.0	93.0	-128.0	-13.0	3.0	6.0	38.0	58.65
32	108.0	-91.0	-13.0	68.0	1.0	6.0	-16.0	-6.0	54.14
33	28.0	54.0	40.0	-11.0	1.0	11.0	2.0	-7.0	54.81
34	-66.0	4.0	2.0	16.0	0.0	-1.0	-76.0	5.0	55.85
35	59.0	-24.0	-29.0	54.0	11.0	-8.0	-10.0	-34.0	57.73
36	93.0	-123.0	-14.0	-54.0	-12.0	-12.0	-2.0	-45.0	72.95
37	-83.0	53.0	99.0	-29.0	5.0	-2.0	2.0	-6.0	55.85
38	-87.0	-54.0	94.0	-29.0	-7.0	-10.0	-24.0	-11.0	56.68
39	57.0	35.0	-23.0	3.0	-5.0	1.0	33.0	44.0	67.58
40	127.0	2.0	-2.0	127.0	16.0	7.0	-10.0	24.0	55.21
41	-20.0	70.0	-111.0	-7.0	0.0	10.0	9.0	-21.0	67.58
42	38.0	-7.0	-36.0	41.0	3.0	-2.0	6.0	3.0	90.3
43	-94.0	127.0	-71.0	27.0	-25.0	2.0	24.0	32.0	87.12
44	127.0	-70.0	68.0	-6.0	-3.0	-7.0	-6.0	65.0	67.15
45	127.0	75.0	53.0	25.0	-13.0	-4.0	23.0	-50.0	63.27
46	-83.0	27.0	67.0	-35.0	2.0	7.0	-7.0	58.0	60.17
47	51.0	-116.0	42.0	10.0	4.0	21.0	-4.0	-9.0	70.04
48	-128.0	-128.0	87.0	-41.0	-12.0	-34.0	12.0	31.0	69.94
49	-96.0	34.0	-9.0	-16.0	5.0	11.0	6.0	27.0	93.44
50	-23.0	-91.0	34.0	-122.0	0.0	-10.0	-15.0	99.0	102.41
51	-128.0	46.0	23.0	-11.0	-22.0	-11.0	11.0	-104.0	99.58
52	-43.0	31.0	51.0	0.0	-9.0	1.0	0.0	6.0	102.05
53	88.0	-69.0	-8.0	-59.0	1.0	11.0	-25.0	-68.0	104.58
54	10.0	127.0	-47.0	37.0	12.0	5.0	-6.0	11.0	106.17
55	108.0	-36.0	88.0	-47.0	-23.0	-15.0	-13.0	-26.0	106.79
56	-59.0	-128.0	-13.0	-4.0	-9.0	2.0	-19.0	-18.0	106.73
57	107.0	-73.0	78.0	50.0	19.0	19.0	-3.0	5.0	107.85
58	-67.0	56.0	-47.0	16.0	6.0	9.0	-8.0	-32.0	119.05
59	-94.0	22.0	104.0	73.0	0.0	-4.0	7.0	-17.0	109.04
60	127.0	50.0	34.0	87.0	-13.0	-18.0	7.0	17.0	115.91
61	66.0	-86.0	-39.0	-7.0	-4.0	7.0	-26.0	23.0	113.78
62	-55.0	31.0	58.0	3.0	6.0	-15.0	-8.0	12.0	109.1
63	37.0	-88.0	-39.0	29.0	6.0	-3.0	-6.0	8.0	113.31
64	-101.0	7.0	16.0	16.0	-10.0	6.0	-11.0	15.0	123.52
65	-80.0	-47.0	-42.0	9.0	11.0	-5.0	4.0	86.0	135.39
66	107.0	92.0	-79.0	61.0	-8.0	-11.0	12.0	-44.0	135.39
67	-8.0	78.0	40.0	-114.0	-16.0	-14.0	-13.0	75.0	128.96
68	-69.0	-92.0	-41.0	78.0	28.0	2.0	-10.0	58.0	130.78
69	67.0	-51.0	105.0	27.0	7.0	34.0	-4.0	-28.0	107.85
70	-92.0	-128.0	16.0	34.0	-6.0	-22.0	0.0	-112.0	128.96
71	-35.0	-128.0	-75.0	66.0	6.0	-2.0	-5.0	-1.0	133.03
72	113.0	95.0	50.0	-17.0	-1.0	-7.0	-66.0	35.0	136.67
73	-10.0	-39.0	-97.0	27.0	7.0	-2.0	0.0	29.0	133.03
74	66.0	12.0	54.0	18.0	5.0	13.0	4.0	-25.0	137.89
75	87.0	18.0	-128.0	15.0	17.0	5.0	2.0	5.0	137.51
76	45.0	-73.0	127.0	-5.0	11.0	7.0	-22.0	-13.0	138.0
77	9.0	-23.0	37.0	62.0	-15.0	-4.0	-25.0	38.0	134.34
78	-41.0	22.0	31.0	-20.0	-13.0	-8.0	-4.0	32.0	137.21
79	-33.0	-65.0	51.0	-53.0	10.0	-2.0	-17.0	-19.0	137.89
80	127.0	92.0	46.0	13.0	12.0	3.0	-18.0	49.0	113.78
81	9.0	64.0	-5.0	-102.0	0.0	5.0	8.0	-16.0	131.57
82	127.0	88.0	39.0	-70.0	5.0	-22.0	7.0	7.0	111.62
83	53.0	77.0	-112.0	47.0	-33.0	7.0	-29.0	24.0	124.19
84	126.0	17.0	-95.0	4.0	-12.0	-2.0	-8.0	-14.0	135.48
85	-128.0	127.0	95.0	78.0	26.0	18.0	2.0	21.0	131.57
86	-105.0	-128.0	-24.0	-29.0	13.0	5.0	7.0	16.0	136.67
87	36.0	127.0	-119.0	7.0	-26.0	-13.0	-38.0	-128.0	137.51
