0	7.0	-40.0	-46.0	3.0	14.0	68.0	18.0	-1.0	73.51
1	-12.0	36.0	-47.0	127.0	99.0	125.0	10.0	6.0	73.45
2	-19.0	-24.0	123.0	-54.0	127.0	43.0	-3.0	-43.0	82.1
3	-22.0	21.0	-51.0	-71.0	48.0	38.0	-23.0	16.0	73.26
4	-12.0	14.0	-55.0	13.0	-77.0	-128.0	5.0	5.0	71.53
5	-10.0	30.0	27.0	-3.0	9.0	73.0	9.0	0.0	73.51
6	39.0	87.0	22.0	-66.0	10.0	40.0	34.0	78.0	78.09
7	18.0	-20.0	77.0	-81.0	20.0	6.0	2.0	24.0	87.16
8	-27.0	-76.0	-31.0	-12.0	94.0	40.0	-10.0	-12.0	85.35
9	-48.0	-104.0	28.0	3.0	100.0	-87.0	3.0	-6.0	101.67
10	-16.0	13.0	127.0	7.0	14.0	23.0	-11.0	17.0	72.58
11	-11.0	-9.0	-3.0	86.0	-59.0	-69.0	8.0	-44.0	72.09
12	-8.0	-39.0	4.0	60.0	-25.0	-2.0	8.0	3.0	73.45
13	2.0	120.0	16.0	-5.0	-22.0	34.0	-21.0	14.0	72.58
14	-3.0	-15.0	10.0	-83.0	-127.0	-24.0	8.0	9.0	71.53
15	0.0	43.0	-62.0	43.0	-101.0	18.0	-16.0	7.0	72.09
16	-62.0	-126.0	0.0	76.0	95.0	39.0	2.0	38.0	71.51
17	-47.0	-73.0	68.0	-11.0	112.0	-3.0	-12.0	-15.0	72.92
18	1.0	94.0	47.0	52.0	57.0	20.0	15.0	-40.0	82.34
19	-9.0	-12.0	115.0	101.0	-8.0	-50.0	12.0	5.0	75.52
20	24.0	0.0	-86.0	10.0	88.0	-45.0	-8.0	17.0	84.9
21	-28.0	-45.0	1.0	-28.0	-83.0	-70.0	-13.0	10.0	122.83
22	-5.0	8.0	-57.0	89.0	91.0	89.0	8.0	-24.0	105.9
23	-2.0	-28.0	-68.0	-2.0	63.0	-86.0	-15.0	9.0	82.34
24	6.0	20.0	114.0	10.0	-6.0	-19.0	-70.0	39.0	102.96
25	17.0	-9.0	-1.0	22.0	3.0	10.0	4.0	32.0	111.05
26	24.0	-14.0	8.0	-116.0	-29.0	49.0	0.0	-76.0	115.67
27	18.0	-26.0	-19.0	44.0	54.0	-12.0	-9.0	16.0	115.67
28	6.0	-8.0	77.0	5.0	102.0	116.0	-12.0	0.0	131.43
29	-2.0	17.0	-128.0	-38.0	50.0	-34.0	7.0	-4.0	134.68
30	21.0	7.0	-128.0	67.0	-99.0	-8.0	-10.0	8.0	132.18
31	9.0	-22.0	-97.0	127.0	104.0	47.0	2.0	63.0	131.85
32	14.0	22.0	94.0	-74.0	-80.0	-88.0	-3.0	81.0	107.16
33	32.0	16.0	127.0	-62.0	-90.0	-14.0	33.0	-26.0	131.94
34	23.0	-6.0	75.0	-41.0	99.0	6.0	10.0	6.0	131.94
35	-12.0	-14.0	57.0	-1.0	81.0	29.0	-19.0	28.0	134.45
36	-5.0	14.0	2.0	-16.0	-66.0	13.0	-14.0	-28.0	133.97
37	57.0	8.0	-51.0	17.0	51.0	-6.0	-5.0	-33.0	131.57
38	-22.0	-14.0	59.0	127.0	6.0	-17.0	31.0	-6.0	103.55
39	-57.0	50.0	97.0	112.0	-13.0	5.0	8.0	16.0	103.55
40	17.0	12.0	100.0	56.0	62.0	-9.0	4.0	-42.0	139.53
41	78.0	-15.0	36.0	84.0	-62.0	3.0	5.0	-38.0	132.75
42	-23.0	-37.0	5.0	-108.0	-61.0	-38.0	-5.0	1.0	137.32
43	-29.0	6.0	-22.0	-128.0	15.0	-79.0	-2.0	41.0	143.31
44	24.0	-13.0	39.0	38.0	-110.0	-39.0	20.0	13.0	135.28
45	5.0	-63.0	-59.0	12.0	31.0	14.0	-22.0	2.0	135.95
46	2.0	7.0	-52.0	82.0	12.0	31.0	-56.0	-3.0	140.71
47	11.0	45.0	18.0	7.0	-68.0	-49.0	14.0	5.0	136.8
48	41.0	30.0	-6.0	-7.0	-36.0	27.0	9.0	-51.0	138.22
49	64.0	-128.0	-53.0	34.0	-128.0	-2.0	3.0	-26.0	139.26
50	-28.0	11.0	43.0	-12.0	-47.0	18.0	20.0	-39.0	141.8
51	10.0	3.0	26.0	-97.0	32.0	1.0	-25.0	-6.0	142.95
52	-8.0	39.0	37.0	94.0	-4.0	-26.0	-15.0	-8.0	141.8
53	2.0	-13.0	24.0	39.0	-16.0	-39.0	2.0	35.0	141.52
54	-43.0	-51.0	-2.0	-6.0	-92.0	27.0	18.0	8.0	143.01
55	-12.0	-1.0	99.0	8.0	61.0	-27.0	28.0	-10.0	141.52
56	90.0	-4.0	-16.0	-95.0	93.0	-36.0	2.0	-10.0	139.53
57	7.0	11.0	41.0	-128.0	-65.0	3.0	2.0	-1.0	143.55
58	-46.0	53.0	4.0	-17.0	85.0	15.0	-26.0	18.0	143.59
59	-17.0	-3.0	8.0	-128.0	52.0	-36.0	-10.0	-33.0	143.98
60	13.0	-103.0	19.0	44.0	-128.0	-44.0	-2.0	-8.0	144.25
61	17.0	-14.0	-3.0	127.0	-13.0	3.0	24.0	-12.0	143.98
62	-7.0	16.0	24.0	3.0	116.0	-6.0	-4.0	-38.0	143.31
63	15.0	39.0	9.0	-51.0	91.0	-11.0	-28.0	-13.0	143.48
64	-2.0	29.0	14.0	-69.0	-57.0	78.0	-1.0	52.0	143.55
65	48.0	-6.0	9.0	19.0	-128.0	-120.0	8.0	26.0	137.32
66	13.0	53.0	-50.0	115.0	25.0	-27.0	-15.0	16.0	143.52
67	-7.0	12.0	11.0	48.0	-92.0	9.0	-11.0	20.0	132.75
68	3.0	1.0	19.0	54.0	-106.0	50.0	-36.0	-28.0	133.63
69	16.0	-12.0	-42.0	-40.0	7.0	26.0	15.0	8.0	131.85
70	3.0	-2.0	41.0	92.0	102.0	-44.0	-42.0	11.0	132.85
71	5.0	-3.0	31.0	-113.0	34.0	-12.0	11.0	-18.0	140.89
72	59.0	28.0	41.0	-3.0	105.0	37.0	10.0	47.0	136.8
73	4.0	85.0	2.0	53.0	-54.0	26.0	-6.0	74.0	130.59
74	40.0	9.0	-29.0	-77.0	63.0	80.0	-1.0	25.0	102.08
75	-2.0	-20.0	58.0	-9.0	63.0	-128.0	4.0	-38.0	122.83
76	-27.0	-44.0	-42.0	-71.0	-8.0	0.0	48.0	-51.0	101.67
77	-52.0	-6.0	-37.0	33.0	53.0	-15.0	-24.0	-48.0	105.9
78	-2.0	19.0	71.0	-99.0	-118.0	105.0	12.0	-6.0	129.86
79	29.0	16.0	-78.0	-9.0	-57.0	-5.0	1.0	17.0	130.59
80	19.0	22.0	-128.0	-30.0	-128.0	51.0	1.0	18.0	123.1
81	106.0	74.0	43.0	24.0	33.0	-14.0	-4.0	90.0	117.42
82	12.0	7.0	-1.0	-77.0	-43.0	-98.0	3.0	-3.0	82.1
