0	85.0	5.0	18.0	-22.0	20.0	2.0	-109.0	-44.0	136.61
1	103.0	-127.0	78.0	18.0	3.0	-27.0	110.0	-73.0	137.87
2	-19.0	-75.0	-26.0	8.0	-26.0	-22.0	127.0	6.0	135.18
3	-63.0	-65.0	19.0	19.0	4.0	31.0	111.0	-50.0	138.44
4	88.0	-37.0	6.0	56.0	15.0	-87.0	-105.0	19.0	135.18
5	-9.0	91.0	-1.0	-79.0	14.0	20.0	-52.0	15.0	134.81
6	75.0	-3.0	21.0	47.0	17.0	57.0	14.0	0.0	136.61
7	-89.0	101.0	99.0	-13.0	13.0	83.0	-37.0	19.0	132.11
8	127.0	59.0	-87.0	-57.0	37.0	9.0	-13.0	4.0	132.11
9	-84.0	-113.0	1.0	-29.0	-12.0	-13.0	93.0	-17.0	124.96
10	-128.0	-118.0	85.0	78.0	-45.0	-50.0	-121.0	-81.0	125.16
11	-40.0	-4.0	42.0	-71.0	6.0	-2.0	-110.0	-114.0	113.15
12	57.0	-80.0	-7.0	1.0	-10.0	31.0	-128.0	4.0	99.2
13	-8.0	-22.0	44.0	-6.0	-54.0	53.0	17.0	39.0	105.7
14	-73.0	40.0	46.0	-57.0	6.0	0.0	-17.0	7.0	99.09
15	100.0	-86.0	-12.0	-18.0	-2.0	17.0	-128.0	38.0	107.5
16	39.0	45.0	89.0	-11.0	18.0	-44.0	74.0	-15.0	108.11
17	-36.0	32.0	-45.0	14.0	18.0	-10.0	-23.0	13.0	109.75
18	1.0	36.0	-59.0	46.0	-5.0	44.0	-83.0	0.0	112.01
19	-122.0	47.0	-46.0	61.0	26.0	71.0	-26.0	-12.0	115.86
20	76.0	22.0	39.0	54.0	0.0	32.0	-1.0	-18.0	117.93
21	-93.0	36.0	-34.0	-1.0	-12.0	44.0	8.0	30.0	115.13
22	78.0	-113.0	89.0	-37.0	-16.0	-6.0	-64.0	-28.0	99.71
23	-113.0	-39.0	24.0	1.0	-18.0	41.0	-23.0	-13.0	104.59
24	-77.0	-104.0	32.0	-7.0	11.0	10.0	-6.0	-89.0	104.06
25	73.0	-49.0	-45.0	10.0	27.0	-9.0	47.0	-89.0	97.75
26	-75.0	-77.0	-100.0	-27.0	13.0	-67.0	21.0	-11.0	77.59
27	66.0	-23.0	-22.0	68.0	-31.0	47.0	44.0	-3.0	73.15
28	123.0	-34.0	-33.0	19.0	5.0	46.0	-54.0	100.0	72.06
29	-38.0	-42.0	-36.0	-26.0	4.0	-41.0	-128.0	56.0	66.42
30	7.0	-109.0	-13.0	-35.0	-6.0	1.0	4.0	11.0	72.26
31	-1.0	-1.0	12.0	20.0	1.0	-53.0	-38.0	30.0	72.06
32	-24.0	57.0	8.0	-50.0	-40.0	5.0	31.0	-72.0	67.78
33	-108.0	-114.0	76.0	-5.0	-15.0	30.0	13.0	-35.0	71.75
34	127.0	111.0	-39.0	-21.0	22.0	1.0	12.0	-94.0	60.29
35	127.0	0.0	71.0	-21.0	-19.0	10.0	-40.0	52.0	58.21
36	-43.0	-58.0	-67.0	91.0	16.0	-1.0	-128.0	-84.0	60.29
37	-5.0	22.0	-30.0	9.0	-1.0	56.0	-30.0	15.0	52.61
38	127.0	-87.0	-2.0	-55.0	-22.0	11.0	-56.0	18.0	51.5
39	6.0	-30.0	68.0	-39.0	14.0	-2.0	-89.0	-1.0	41.12
40	-76.0	-100.0	-55.0	-11.0	82.0	15.0	-25.0	16.0	39.38
41	127.0	-35.0	47.0	-27.0	-49.0	-41.0	127.0	25.0	36.75
42	127.0	127.0	78.0	17.0	9.0	69.0	-8.0	55.0	41.12
43	1.0	-47.0	71.0	39.0	-8.0	4.0	-35.0	1.0	39.38
44	-95.0	-2.0	41.0	6.0	-40.0	6.0	-90.0	52.0	48.32
45	76.0	82.0	-43.0	54.0	-23.0	38.0	-3.0	-36.0	51.94
46	-94.0	40.0	34.0	14.0	7.0	-63.0	-47.0	55.0	51.5
47	111.0	19.0	63.0	62.0	49.0	71.0	-3.0	-15.0	41.26
48	4.0	127.0	-48.0	8.0	19.0	-19.0	62.0	-107.0	53.95
49	-25.0	97.0	-8.0	32.0	12.0	-2.0	0.0	39.0	52.61
50	-7.0	127.0	106.0	26.0	0.0	33.0	30.0	15.0	59.52
51	91.0	-70.0	-25.0	127.0	6.0	6.0	-22.0	24.0	66.42
52	-79.0	-74.0	-46.0	4.0	14.0	38.0	1.0	19.0	79.9
53	-128.0	-62.0	-20.0	-10.0	6.0	-13.0	-128.0	22.0	85.37
54	-121.0	13.0	-24.0	-41.0	71.0	-10.0	31.0	15.0	77.45
55	-125.0	-58.0	6.0	65.0	6.0	13.0	-13.0	-12.0	98.99
56	127.0	62.0	41.0	-44.0	41.0	8.0	18.0	1.0	100.3
57	-41.0	115.0	-114.0	21.0	-18.0	14.0	-46.0	-29.0	99.09
58	-98.0	-35.0	16.0	-37.0	-4.0	15.0	59.0	13.0	91.85
59	-34.0	-56.0	13.0	82.0	21.0	-9.0	-28.0	-128.0	86.45
60	127.0	44.0	-15.0	-7.0	-9.0	24.0	30.0	29.0	79.9
61	-24.0	-66.0	-18.0	-128.0	11.0	24.0	-128.0	37.0	77.59
62	87.0	46.0	-39.0	-32.0	17.0	-1.0	14.0	6.0	90.34
63	127.0	120.0	-81.0	76.0	17.0	22.0	-44.0	13.0	90.34
64	-30.0	-24.0	-11.0	18.0	20.0	-7.0	-6.0	2.0	92.84
65	-110.0	12.0	74.0	-66.0	21.0	-9.0	-17.0	48.0	98.99
66	-120.0	-83.0	-8.0	-44.0	-4.0	6.0	121.0	-12.0	92.84
67	88.0	2.0	-24.0	-27.0	-4.0	-10.0	46.0	-13.0	117.93
68	-120.0	26.0	-20.0	57.0	23.0	47.0	117.0	-33.0	104.59
69	-15.0	97.0	-10.0	-44.0	-8.0	-24.0	30.0	-43.0	109.75
70	-73.0	2.0	106.0	31.0	55.0	22.0	5.0	18.0	99.71
71	-100.0	94.0	-71.0	26.0	30.0	15.0	10.0	20.0	112.01
72	73.0	52.0	10.0	11.0	10.0	-18.0	-12.0	-39.0	119.67
73	-125.0	114.0	-113.0	35.0	2.0	-23.0	127.0	-65.0	120.37
74	-9.0	11.0	39.0	90.0	1.0	-4.0	18.0	-40.0	124.96
75	-16.0	-60.0	-30.0	-2.0	-9.0	37.0	-128.0	36.0	131.07
76	2.0	-3.0	108.0	-89.0	-9.0	-24.0	0.0	-28.0	128.85
77	-1.0	118.0	43.0	-46.0	18.0	20.0	-128.0	-15.0	125.16
78	-42.0	88.0	-63.0	7.0	67.0	-24.0	-25.0	18.0	128.85
79	70.0	-1.0	-48.0	-22.0	4.0	-91.0	-128.0	11.0	126.94
80	19.0	54.0	-46.0	37.0	-16.0	11.0	91.0	-35.0	129.74
81	96.0	-128.0	-58.0	-46.0	-19.0	-68.0	-2.0	94.0	131.07
82	-128.0	-23.0	98.0	-11.0	-9.0	11.0	127.0	-119.0	132.88
83	-79.0	25.0	40.0	91.0	48.0	1.0	-40.0	45.0	138.44
84	-56.0	1.0	79.0	-44.0	1.0	16.0	-84.0	-15.0	138.06
85	102.0	-108.0	63.0	-27.0	32.0	-7.0	-128.0	24.0	136.94
