0	-128.0	-80.0	-62.0	48.0	-4.0	-4.0	7.0	-1.0	94.2
1	-128.0	-96.0	76.0	-13.0	19.0	51.0	-24.0	-49.0	95.32
2	83.0	83.0	40.0	-25.0	-46.0	-78.0	22.0	94.0	93.25
3	-16.0	-29.0	-8.0	97.0	0.0	19.0	106.0	41.0	99.17
4	109.0	-128.0	-17.0	-46.0	67.0	14.0	26.0	-32.0	100.87
5	-13.0	12.0	-2.0	-4.0	15.0	-2.0	-25.0	41.0	118.91
6	-128.0	-119.0	127.0	-119.0	-17.0	-71.0	-3.0	0.0	128.55
7	-31.0	10.0	-12.0	11.0	25.0	-8.0	4.0	-8.0	136.17
8	97.0	43.0	-9.0	26.0	-34.0	-21.0	-33.0	-16.0	136.95
9	127.0	-94.0	10.0	27.0	4.0	-21.0	13.0	-52.0	136.67
10	-113.0	-91.0	-128.0	-36.0	7.0	2.0	13.0	-57.0	136.95
11	-105.0	-109.0	-79.0	-128.0	8.0	7.0	-2.0	-2.0	136.78
12	-128.0	42.0	28.0	127.0	-19.0	12.0	25.0	-38.0	136.17
13	8.0	45.0	19.0	-93.0	22.0	9.0	-19.0	83.0	128.55
14	73.0	33.0	12.0	-13.0	-5.0	-5.0	77.0	1.0	123.85
15	25.0	-66.0	-12.0	24.0	-12.0	25.0	7.0	17.0	114.38
16	127.0	27.0	-116.0	70.0	-14.0	19.0	11.0	0.0	120.47
17	107.0	-3.0	53.0	-16.0	-12.0	-12.0	-88.0	-12.0	125.09
18	-128.0	-118.0	17.0	-42.0	30.0	-19.0	12.0	27.0	118.91
19	-121.0	-53.0	21.0	-69.0	-14.0	-37.0	-21.0	3.0	120.84
20	-43.0	127.0	-18.0	58.0	3.0	0.0	-22.0	9.0	122.95
21	21.0	106.0	-6.0	27.0	7.0	11.0	15.0	14.0	125.09
22	-123.0	-47.0	17.0	-33.0	12.0	-1.0	37.0	-26.0	109.98
23	-128.0	127.0	-37.0	44.0	19.0	-12.0	-30.0	-93.0	105.34
24	-48.0	-90.0	-74.0	6.0	-11.0	-11.0	20.0	-6.0	106.19
25	3.0	68.0	118.0	91.0	-18.0	20.0	1.0	10.0	103.69
26	127.0	97.0	50.0	-4.0	-22.0	0.0	-39.0	-30.0	100.87
27	8.0	2.0	-57.0	-60.0	-12.0	1.0	32.0	-8.0	120.47
28	-128.0	30.0	127.0	127.0	12.0	59.0	3.0	-22.0	135.97
29	-50.0	96.0	-31.0	4.0	-4.0	3.0	4.0	-18.0	133.77
30	-27.0	-21.0	60.0	32.0	14.0	-2.0	-49.0	38.0	135.16
31	127.0	64.0	92.0	-53.0	17.0	-87.0	31.0	9.0	132.27
32	84.0	-75.0	-90.0	3.0	16.0	-4.0	-12.0	6.0	126.73
33	127.0	127.0	72.0	9.0	-20.0	-2.0	-16.0	0.0	135.97
34	73.0	48.0	59.0	-26.0	0.0	76.0	43.0	14.0	132.58
35	97.0	124.0	-51.0	-58.0	-24.0	21.0	-17.0	9.0	134.8
36	127.0	-128.0	98.0	94.0	8.0	-4.0	49.0	-37.0	112.42
37	11.0	-29.0	45.0	-118.0	-33.0	-14.0	-18.0	-18.0	108.02
38	-73.0	52.0	59.0	75.0	-25.0	-5.0	29.0	-92.0	108.02
39	-4.0	27.0	111.0	35.0	39.0	27.0	35.0	28.0	116.0
40	-11.0	123.0	-52.0	-128.0	-22.0	-1.0	-5.0	103.0	100.65
41	-124.0	-60.0	-44.0	-23.0	17.0	9.0	-42.0	50.0	96.13
42	110.0	-36.0	127.0	-20.0	5.0	-100.0	-7.0	-3.0	96.63
43	51.0	49.0	-65.0	-37.0	-9.0	-29.0	-38.0	11.0	91.8
44	-22.0	-22.0	67.0	71.0	7.0	46.0	32.0	-96.0	92.98
45	38.0	5.0	-128.0	-103.0	2.0	28.0	-39.0	-6.0	96.92
46	32.0	35.0	49.0	15.0	-10.0	3.0	-13.0	47.0	96.13
47	107.0	1.0	-3.0	11.0	9.0	2.0	10.0	4.0	98.68
48	57.0	22.0	-46.0	-42.0	0.0	28.0	-6.0	2.0	99.17
49	-41.0	-102.0	-128.0	91.0	-55.0	-23.0	-46.0	-18.0	95.32
50	-107.0	84.0	-27.0	26.0	14.0	1.0	42.0	98.0	91.8
51	-85.0	-1.0	-12.0	-31.0	6.0	-32.0	-18.0	-32.0	90.95
52	127.0	43.0	47.0	127.0	-7.0	-41.0	-63.0	72.0	85.27
53	122.0	-75.0	-11.0	-2.0	14.0	26.0	2.0	11.0	91.08
54	-89.0	-39.0	-31.0	-14.0	-11.0	10.0	-39.0	1.0	62.71
55	91.0	97.0	17.0	90.0	-40.0	26.0	-4.0	-70.0	40.99
56	80.0	-56.0	59.0	-16.0	31.0	26.0	52.0	98.0	40.99
57	91.0	-119.0	-12.0	36.0	-11.0	-21.0	-31.0	5.0	40.22
58	-103.0	-29.0	32.0	-23.0	14.0	65.0	56.0	2.0	40.2
59	91.0	5.0	-3.0	6.0	-1.0	-28.0	85.0	54.0	52.84
60	42.0	127.0	13.0	2.0	12.0	12.0	61.0	62.0	65.87
61	127.0	20.0	13.0	-33.0	-23.0	-25.0	-78.0	-104.0	60.09
62	-20.0	44.0	75.0	-34.0	28.0	-3.0	88.0	-97.0	43.51
63	109.0	-34.0	-80.0	-32.0	0.0	-21.0	8.0	38.0	47.8
64	35.0	-100.0	62.0	23.0	25.0	49.0	7.0	-5.0	60.39
65	127.0	-12.0	127.0	1.0	-8.0	11.0	0.0	22.0	62.12
66	22.0	18.0	31.0	19.0	-8.0	-27.0	-13.0	10.0	59.92
67	127.0	35.0	2.0	6.0	22.0	14.0	-19.0	0.0	65.87
68	66.0	77.0	118.0	-27.0	-19.0	-24.0	0.0	-55.0	65.03
69	-126.0	-128.0	-30.0	10.0	-14.0	4.0	2.0	-7.0	84.06
70	-84.0	71.0	-24.0	16.0	-29.0	19.0	-12.0	4.0	84.06
71	-114.0	11.0	-41.0	-29.0	8.0	-6.0	-19.0	48.0	60.09
72	90.0	-128.0	-19.0	-3.0	-7.0	-43.0	20.0	-53.0	57.53
73	70.0	-55.0	39.0	-36.0	17.0	31.0	0.0	-44.0	47.8
74	127.0	79.0	7.0	-38.0	6.0	-9.0	-4.0	49.0	57.53
75	-80.0	-99.0	54.0	6.0	24.0	-6.0	1.0	-13.0	62.61
76	77.0	-128.0	-126.0	-30.0	11.0	6.0	16.0	79.0	82.43
77	-111.0	-69.0	-100.0	-13.0	-11.0	-10.0	8.0	67.0	83.08
78	114.0	-7.0	45.0	86.0	-35.0	-7.0	7.0	14.0	82.43
79	-105.0	127.0	-23.0	-4.0	-21.0	-6.0	-4.0	72.0	90.95
80	127.0	6.0	9.0	66.0	-2.0	-14.0	4.0	-35.0	91.41
81	57.0	18.0	-31.0	33.0	0.0	13.0	-15.0	0.0	86.93
