0	94.0	8.0	2.0	-58.0	51.0	49.0	89.0	-31.0	123.03
1	-38.0	88.0	-8.0	61.0	-10.0	-11.0	-96.0	46.0	114.08
2	18.0	-8.0	29.0	36.0	64.0	-19.0	83.0	15.0	110.4
3	14.0	82.0	87.0	-18.0	-26.0	-34.0	-104.0	-58.0	96.98
4	127.0	-109.0	-7.0	106.0	29.0	39.0	-77.0	-62.0	94.44
5	-25.0	-87.0	76.0	93.0	20.0	-35.0	-57.0	44.0	102.77
6	80.0	-55.0	-16.0	15.0	81.0	-38.0	-24.0	50.0	100.85
7	62.0	-106.0	43.0	-45.0	11.0	-113.0	-13.0	11.0	99.39
8	17.0	14.0	-82.0	16.0	-46.0	-24.0	0.0	15.0	105.66
9	-75.0	-81.0	-45.0	-14.0	-9.0	6.0	1.0	-19.0	95.83
10	-100.0	-34.0	-128.0	-29.0	-60.0	19.0	-68.0	-28.0	105.66
11	-46.0	-107.0	-10.0	4.0	-43.0	-80.0	-96.0	4.0	111.19
12	79.0	112.0	-38.0	10.0	9.0	-23.0	16.0	63.0	110.26
13	-123.0	64.0	-29.0	-114.0	25.0	8.0	3.0	127.0	103.15
14	30.0	76.0	20.0	2.0	-6.0	17.0	-128.0	17.0	101.37
15	115.0	-43.0	-68.0	26.0	64.0	-50.0	-12.0	-33.0	84.2
16	-89.0	-111.0	59.0	-10.0	6.0	-31.0	61.0	3.0	95.83
17	82.0	18.0	28.0	18.0	-43.0	4.0	123.0	45.0	82.27
18	65.0	-72.0	-52.0	5.0	2.0	-2.0	-38.0	-62.0	80.62
19	-114.0	-114.0	34.0	78.0	0.0	9.0	-111.0	69.0	78.94
20	97.0	73.0	-41.0	-30.0	-71.0	22.0	-69.0	-102.0	81.17
21	12.0	-1.0	16.0	-26.0	-30.0	32.0	-126.0	-7.0	75.9
22	-62.0	-23.0	-52.0	-15.0	-12.0	-39.0	-115.0	-93.0	74.37
23	-17.0	60.0	-88.0	-92.0	29.0	2.0	30.0	-9.0	63.75
24	-82.0	-1.0	-13.0	-100.0	4.0	-37.0	23.0	67.0	61.35
25	-2.0	32.0	-44.0	75.0	-69.0	36.0	56.0	-21.0	67.39
26	-128.0	-103.0	77.0	-25.0	46.0	-34.0	-49.0	-5.0	62.02
27	-82.0	58.0	-32.0	79.0	-8.0	17.0	94.0	9.0	48.15
28	12.0	-2.0	-28.0	4.0	-62.0	-9.0	-128.0	-12.0	36.78
29	-60.0	34.0	105.0	43.0	5.0	44.0	-128.0	35.0	42.01
30	20.0	-128.0	-9.0	24.0	-46.0	36.0	6.0	-23.0	46.93
31	82.0	62.0	-46.0	13.0	-36.0	-11.0	127.0	61.0	36.78
32	127.0	95.0	16.0	-5.0	-24.0	24.0	-87.0	1.0	46.42
33	20.0	-42.0	-28.0	0.0	61.0	47.0	114.0	-14.0	71.9
34	-53.0	33.0	64.0	-14.0	24.0	-27.0	114.0	-19.0	32.58
35	100.0	115.0	-45.0	119.0	-4.0	-30.0	16.0	-8.0	46.93
36	-42.0	-39.0	-86.0	24.0	-78.0	31.0	127.0	-9.0	39.65
37	54.0	-1.0	127.0	-22.0	-28.0	-19.0	-113.0	-86.0	61.35
38	41.0	30.0	26.0	-95.0	-70.0	-5.0	-63.0	14.0	72.93
39	-26.0	-42.0	-72.0	9.0	-15.0	126.0	-22.0	-45.0	74.37
40	115.0	-22.0	-42.0	-77.0	-34.0	-54.0	-54.0	24.0	72.93
41	-45.0	-90.0	-9.0	-8.0	-2.0	-34.0	-7.0	-39.0	56.87
42	-113.0	127.0	18.0	-18.0	-20.0	38.0	-98.0	23.0	56.87
43	127.0	55.0	114.0	113.0	49.0	-84.0	37.0	-7.0	57.74
44	-128.0	-114.0	-35.0	-2.0	-4.0	39.0	-112.0	-72.0	62.02
45	-13.0	-5.0	16.0	-23.0	43.0	-33.0	-23.0	-17.0	37.01
46	12.0	89.0	-6.0	18.0	20.0	15.0	-82.0	-58.0	42.01
47	-60.0	-17.0	-82.0	-19.0	3.0	36.0	-29.0	-33.0	65.67
48	63.0	127.0	5.0	26.0	-24.0	44.0	-106.0	-60.0	41.77
49	-38.0	76.0	2.0	63.0	67.0	14.0	101.0	-75.0	31.08
50	105.0	49.0	17.0	-16.0	-29.0	-1.0	109.0	104.0	37.01
51	-52.0	127.0	-72.0	-66.0	52.0	-35.0	115.0	27.0	27.84
52	110.0	30.0	-35.0	44.0	57.0	8.0	101.0	10.0	25.83
53	-32.0	127.0	30.0	-61.0	-36.0	0.0	-109.0	-21.0	31.42
54	127.0	-35.0	15.0	2.0	2.0	47.0	58.0	3.0	27.84
55	-34.0	-17.0	-41.0	-16.0	-98.0	-11.0	-32.0	21.0	34.07
56	-107.0	-6.0	-15.0	-63.0	-8.0	32.0	58.0	-24.0	32.58
57	13.0	-75.0	-20.0	-16.0	3.0	5.0	27.0	8.0	60.63
58	-120.0	-113.0	7.0	-83.0	26.0	1.0	19.0	88.0	76.62
59	-128.0	-30.0	4.0	-40.0	43.0	-39.0	-31.0	71.0	75.9
60	57.0	-7.0	35.0	13.0	0.0	18.0	-74.0	-35.0	81.17
61	98.0	25.0	-77.0	-73.0	9.0	-2.0	-78.0	75.0	84.2
62	-124.0	127.0	34.0	102.0	-35.0	-119.0	107.0	-4.0	92.9
63	118.0	15.0	62.0	76.0	-2.0	34.0	67.0	21.0	93.38
64	-110.0	28.0	100.0	-66.0	8.0	23.0	-30.0	-6.0	94.44
65	15.0	89.0	-101.0	9.0	10.0	-67.0	-100.0	23.0	86.83
66	86.0	33.0	-5.0	-25.0	34.0	70.0	29.0	-23.0	106.34
67	-100.0	-45.0	-111.0	9.0	31.0	5.0	112.0	52.0	103.15
68	102.0	4.0	-20.0	-5.0	-13.0	-95.0	15.0	40.0	111.19
69	-18.0	55.0	-33.0	-15.0	48.0	-32.0	-29.0	-17.0	114.08
70	25.0	30.0	103.0	-50.0	20.0	37.0	-1.0	23.0	114.28
71	-31.0	-38.0	62.0	37.0	-62.0	-72.0	58.0	-20.0	129.84
72	-109.0	74.0	40.0	15.0	-16.0	8.0	13.0	79.0	129.36
73	106.0	-65.0	18.0	-119.0	10.0	23.0	-43.0	22.0	128.69
74	76.0	38.0	86.0	90.0	26.0	37.0	-20.0	-33.0	108.24
75	28.0	6.0	28.0	-16.0	13.0	7.0	-108.0	-31.0	123.03
76	110.0	-77.0	94.0	51.0	37.0	-79.0	104.0	75.0	117.69
77	56.0	80.0	28.0	9.0	-2.0	2.0	63.0	-40.0	127.23
78	60.0	26.0	70.0	15.0	-35.0	-3.0	44.0	-128.0	111.81
79	57.0	76.0	-10.0	22.0	39.0	47.0	-90.0	-69.0	130.0
80	-84.0	-51.0	101.0	76.0	-14.0	24.0	-80.0	-28.0	129.84
81	15.0	-122.0	78.0	-102.0	-28.0	21.0	-6.0	3.0	130.36
82	14.0	97.0	29.0	29.0	-19.0	-128.0	-123.0	92.0	130.0
83	-4.0	59.0	28.0	-18.0	22.0	39.0	-18.0	-38.0	123.45
