0	116.0	-25.0	67.0	127.0	18.0	11.0	-3.0	44.0	40.92
1	51.0	-32.0	24.0	-13.0	21.0	-39.0	23.0	40.0	43.64
2	-84.0	26.0	-20.0	63.0	18.0	-6.0	-1.0	-49.0	40.92
3	-103.0	8.0	-29.0	-92.0	22.0	3.0	38.0	56.0	37.91
4	127.0	14.0	25.0	67.0	-2.0	49.0	-13.0	19.0	39.7
5	106.0	5.0	18.0	-4.0	30.0	49.0	-64.0	-18.0	43.64
6	67.0	-99.0	15.0	-11.0	11.0	-18.0	-73.0	-11.0	41.97
7	-122.0	71.0	41.0	-18.0	7.0	23.0	65.0	-69.0	49.7
8	79.0	-93.0	-53.0	127.0	1.0	-3.0	17.0	10.0	48.19
9	-116.0	10.0	-128.0	4.0	12.0	1.0	-32.0	-16.0	54.56
10	-47.0	48.0	127.0	17.0	-16.0	-12.0	-10.0	-30.0	42.89
11	-103.0	-67.0	0.0	-9.0	4.0	-7.0	64.0	25.0	40.18
12	127.0	-99.0	-34.0	28.0	18.0	-45.0	7.0	-18.0	33.8
13	-128.0	-1.0	6.0	15.0	-11.0	4.0	-76.0	-54.0	31.85
14	33.0	4.0	7.0	-11.0	-2.0	22.0	-5.0	-40.0	35.31
15	-83.0	127.0	-20.0	1.0	6.0	13.0	-23.0	-65.0	31.48
16	-105.0	-116.0	-89.0	37.0	7.0	-9.0	-9.0	34.0	49.7
17	-31.0	-9.0	26.0	-29.0	1.0	-4.0	-34.0	36.0	31.48
18	42.0	104.0	-31.0	-9.0	7.0	-34.0	6.0	38.0	30.61
19	65.0	-32.0	-124.0	-38.0	-3.0	21.0	-3.0	-10.0	33.8
20	127.0	64.0	-73.0	9.0	-7.0	8.0	14.0	-18.0	35.31
21	-128.0	-51.0	42.0	-9.0	-3.0	-9.0	31.0	30.0	31.48
22	-53.0	86.0	7.0	22.0	28.0	35.0	-47.0	73.0	30.61
23	98.0	22.0	-11.0	-51.0	-35.0	-1.0	64.0	-26.0	31.43
24	-45.0	63.0	-24.0	21.0	30.0	12.0	-67.0	-113.0	32.59
25	-63.0	95.0	112.0	-20.0	0.0	9.0	-88.0	86.0	46.78
26	-20.0	59.0	-28.0	-33.0	-10.0	-47.0	22.0	-3.0	55.13
27	11.0	50.0	-3.0	-15.0	18.0	-11.0	-104.0	1.0	60.14
28	-30.0	15.0	-21.0	-17.0	-10.0	8.0	-24.0	-53.0	60.14
29	36.0	-53.0	93.0	22.0	4.0	24.0	-9.0	29.0	55.52
30	-128.0	127.0	4.0	-25.0	12.0	7.0	-54.0	-4.0	63.12
31	98.0	-2.0	45.0	16.0	-16.0	9.0	93.0	4.0	63.09
32	-99.0	106.0	13.0	-31.0	17.0	29.0	-77.0	-18.0	67.07
33	117.0	-1.0	72.0	19.0	-13.0	-4.0	88.0	38.0	72.16
34	-94.0	72.0	-46.0	2.0	-44.0	-7.0	-8.0	-21.0	79.14
35	16.0	100.0	-38.0	16.0	11.0	-23.0	36.0	71.0	72.16
36	118.0	-120.0	-67.0	23.0	13.0	16.0	-76.0	25.0	66.59
37	-21.0	-18.0	29.0	-11.0	-4.0	3.0	25.0	-61.0	79.14
38	63.0	79.0	-122.0	-39.0	9.0	13.0	2.0	-25.0	81.55
39	40.0	89.0	-21.0	-4.0	-2.0	7.0	-6.0	52.0	104.49
40	-77.0	121.0	76.0	-30.0	-6.0	-6.0	-66.0	-37.0	99.99
41	127.0	7.0	-55.0	-10.0	-6.0	13.0	10.0	-30.0	97.87
42	127.0	64.0	34.0	-67.0	4.0	-10.0	-85.0	-13.0	93.41
43	-104.0	-95.0	42.0	-4.0	-25.0	3.0	70.0	0.0	79.62
44	33.0	-66.0	33.0	-38.0	14.0	14.0	-14.0	-19.0	101.33
45	19.0	38.0	-57.0	83.0	7.0	-10.0	18.0	92.0	88.93
46	-65.0	-106.0	-16.0	14.0	3.0	-17.0	-40.0	22.0	91.99
47	-95.0	-91.0	13.0	19.0	4.0	-17.0	-48.0	7.0	116.8
48	127.0	97.0	-11.0	-15.0	-16.0	20.0	37.0	-4.0	95.05
49	-24.0	61.0	-67.0	30.0	-4.0	19.0	-110.0	26.0	114.83
50	77.0	-121.0	-37.0	75.0	7.0	-24.0	21.0	-8.0	110.17
51	108.0	104.0	-16.0	6.0	-21.0	15.0	-88.0	-1.0	116.5
52	27.0	-112.0	-29.0	18.0	11.0	-4.0	6.0	-5.0	121.07
53	-8.0	-128.0	-66.0	-54.0	2.0	30.0	-59.0	5.0	118.65
54	57.0	-118.0	8.0	-20.0	21.0	-7.0	62.0	20.0	115.24
55	96.0	-42.0	-60.0	-16.0	2.0	42.0	-13.0	-35.0	116.5
56	-70.0	76.0	127.0	48.0	-3.0	-13.0	99.0	-28.0	128.55
57	87.0	127.0	-61.0	-128.0	-17.0	-25.0	-43.0	56.0	123.73
58	48.0	-73.0	127.0	-50.0	28.0	-8.0	-3.0	-58.0	116.8
59	-42.0	80.0	-3.0	-16.0	-1.0	-24.0	-21.0	4.0	79.62
60	-90.0	100.0	127.0	30.0	1.0	-5.0	17.0	17.0	82.89
61	-53.0	7.0	-100.0	8.0	-17.0	-4.0	13.0	-86.0	101.33
62	-125.0	18.0	25.0	24.0	12.0	-6.0	-47.0	-12.0	97.87
63	73.0	-123.0	-18.0	2.0	-17.0	-10.0	23.0	-113.0	99.99
64	81.0	127.0	24.0	127.0	41.0	23.0	3.0	127.0	127.06
65	15.0	12.0	-21.0	-81.0	-27.0	-58.0	14.0	-61.0	113.6
66	105.0	32.0	34.0	127.0	-8.0	8.0	-54.0	-1.0	128.11
67	109.0	-19.0	73.0	-23.0	-4.0	-13.0	117.0	-37.0	127.06
68	73.0	-109.0	8.0	-7.0	-3.0	-5.0	-67.0	-11.0	125.5
69	-100.0	-128.0	-3.0	-128.0	41.0	-2.0	-6.0	-100.0	128.55
70	127.0	90.0	-21.0	20.0	12.0	22.0	-17.0	18.0	113.6
71	24.0	29.0	10.0	2.0	-19.0	-14.0	-43.0	34.0	127.2
72	-110.0	-108.0	127.0	50.0	-17.0	28.0	-17.0	41.0	128.58
73	127.0	79.0	-100.0	-9.0	52.0	5.0	-64.0	43.0	123.73
74	-70.0	-128.0	-8.0	11.0	19.0	-64.0	11.0	-9.0	110.17
75	127.0	41.0	-72.0	45.0	3.0	6.0	-128.0	80.0	88.93
76	76.0	-128.0	-60.0	-3.0	9.0	-24.0	18.0	-124.0	102.86
77	76.0	-13.0	6.0	14.0	15.0	15.0	-36.0	9.0	89.58
78	-128.0	85.0	6.0	106.0	26.0	1.0	84.0	21.0	89.58
79	118.0	127.0	-15.0	-8.0	24.0	22.0	8.0	-46.0	76.11
80	-84.0	-49.0	-10.0	-55.0	13.0	-39.0	14.0	16.0	63.12
81	64.0	54.0	29.0	-7.0	-10.0	-4.0	20.0	-128.0	66.59
82	-28.0	-33.0	32.0	47.0	-21.0	8.0	22.0	-7.0	69.67
83	9.0	74.0	38.0	28.0	-11.0	-45.0	43.0	-28.0	65.68
84	-73.0	73.0	6.0	-5.0	-14.0	-22.0	11.0	17.0	75.55
85	95.0	-12.0	-20.0	29.0	12.0	13.0	97.0	50.0	69.67
86	90.0	-44.0	-95.0	37.0	-1.0	-56.0	-63.0	51.0	42.89
87	-17.0	106.0	-63.0	-28.0	6.0	29.0	-66.0	-25.0	54.56
