0	5.0	-46.0	109.0	10.0	-3.0	-43.0	-16.0	-26.0	41.89
1	-123.0	-87.0	39.0	25.0	2.0	-2.0	-2.0	27.0	47.23
2	30.0	127.0	85.0	7.0	5.0	9.0	-19.0	-63.0	38.34
3	30.0	-49.0	-117.0	25.0	-6.0	-9.0	-8.0	28.0	38.0
4	-79.0	13.0	-26.0	-17.0	8.0	16.0	-7.0	-43.0	38.0
5	127.0	14.0	14.0	-8.0	-8.0	0.0	14.0	2.0	37.79
6	51.0	89.0	65.0	19.0	1.0	13.0	-3.0	81.0	39.89
7	-74.0	109.0	66.0	97.0	-2.0	-6.0	1.0	-36.0	38.74
8	83.0	-73.0	12.0	24.0	8.0	10.0	-23.0	27.0	45.33
9	-81.0	-68.0	22.0	-14.0	-4.0	-24.0	7.0	-5.0	54.39
10	66.0	127.0	81.0	28.0	-5.0	11.0	20.0	-9.0	42.46
11	-70.0	59.0	-18.0	-17.0	5.0	51.0	-7.0	-15.0	65.61
12	127.0	127.0	-73.0	18.0	-10.0	2.0	3.0	16.0	64.4
13	-122.0	-34.0	55.0	5.0	-2.0	11.0	-7.0	-81.0	72.09
14	-42.0	-16.0	100.0	17.0	-10.0	-6.0	30.0	13.0	73.73
15	-107.0	16.0	-128.0	54.0	-13.0	-8.0	1.0	35.0	75.02
16	73.0	-111.0	39.0	75.0	7.0	22.0	-5.0	-43.0	85.08
17	-68.0	-82.0	-16.0	62.0	-8.0	-9.0	13.0	16.0	79.69
18	-86.0	38.0	62.0	18.0	8.0	4.0	-16.0	-12.0	90.69
19	-128.0	21.0	-65.0	-23.0	36.0	1.0	11.0	-77.0	87.9
20	127.0	-103.0	-128.0	-37.0	-36.0	1.0	-15.0	118.0	94.58
21	16.0	127.0	0.0	-6.0	17.0	8.0	-7.0	-111.0	90.69
22	-73.0	54.0	-9.0	127.0	23.0	-5.0	0.0	17.0	94.58
23	-128.0	127.0	64.0	2.0	-4.0	-13.0	6.0	-23.0	92.39
24	-117.0	88.0	-26.0	114.0	-3.0	7.0	-7.0	-13.0	84.24
25	-128.0	-84.0	71.0	-5.0	-2.0	-17.0	-9.0	100.0	76.29
26	127.0	-128.0	50.0	-105.0	36.0	-14.0	17.0	-54.0	87.9
27	-5.0	72.0	-91.0	59.0	-20.0	3.0	-1.0	92.0	90.36
28	-5.0	-108.0	-48.0	-43.0	8.0	-11.0	16.0	107.0	77.64
29	-18.0	-128.0	23.0	83.0	-16.0	-12.0	-10.0	-48.0	97.35
30	78.0	127.0	53.0	-9.0	-35.0	-9.0	6.0	21.0	100.88
31	-95.0	-128.0	6.0	11.0	-6.0	12.0	7.0	15.0	122.17
32	26.0	-55.0	-1.0	16.0	-47.0	-48.0	16.0	0.0	105.2
33	62.0	22.0	-67.0	-16.0	8.0	-1.0	10.0	-16.0	109.86
34	118.0	-128.0	-3.0	27.0	-10.0	2.0	11.0	-63.0	107.96
35	55.0	127.0	127.0	-128.0	-1.0	-44.0	2.0	115.0	114.68
36	81.0	23.0	-24.0	81.0	-8.0	-1.0	-2.0	-100.0	101.71
37	75.0	-40.0	-24.0	26.0	1.0	3.0	-7.0	-43.0	123.72
38	12.0	-52.0	-27.0	26.0	-6.0	-2.0	12.0	-6.0	104.1
39	127.0	-108.0	-73.0	54.0	11.0	34.0	-34.0	-36.0	108.31
40	-99.0	127.0	-8.0	-19.0	11.0	-15.0	1.0	3.0	110.07
41	11.0	-128.0	52.0	25.0	25.0	1.0	-9.0	31.0	124.6
42	-128.0	98.0	102.0	-128.0	-5.0	9.0	-3.0	127.0	122.17
43	88.0	-13.0	46.0	13.0	-23.0	-3.0	62.0	47.0	107.96
44	103.0	1.0	-47.0	-61.0	-3.0	10.0	-10.0	-75.0	124.63
45	-128.0	30.0	-118.0	15.0	11.0	-12.0	-1.0	-80.0	124.83
46	105.0	-40.0	-25.0	-126.0	-10.0	-5.0	0.0	16.0	124.63
47	39.0	-128.0	67.0	-5.0	11.0	-18.0	16.0	24.0	123.72
48	87.0	123.0	85.0	-34.0	-2.0	2.0	11.0	-31.0	120.52
49	127.0	36.0	113.0	-8.0	14.0	-6.0	-10.0	51.0	107.79
50	47.0	127.0	-67.0	99.0	5.0	-41.0	20.0	-57.0	114.68
51	-61.0	-107.0	-3.0	-27.0	-6.0	-4.0	-24.0	95.0	105.2
52	-59.0	-18.0	24.0	57.0	13.0	-2.0	-2.0	0.0	104.1
53	52.0	-42.0	12.0	16.0	-4.0	18.0	1.0	48.0	119.4
54	127.0	-40.0	-109.0	107.0	5.0	-8.0	-39.0	13.0	97.35
55	33.0	88.0	-5.0	-15.0	8.0	-20.0	-9.0	44.0	95.71
56	-65.0	-35.0	86.0	-14.0	14.0	11.0	15.0	25.0	81.82
57	127.0	-32.0	-33.0	-74.0	4.0	22.0	0.0	-30.0	81.82
58	-54.0	127.0	-5.0	92.0	0.0	21.0	3.0	23.0	79.69
59	-45.0	-33.0	-59.0	31.0	-8.0	24.0	-22.0	73.0	75.02
60	-31.0	27.0	-128.0	-66.0	25.0	5.0	21.0	-79.0	73.73
61	-115.0	120.0	127.0	-27.0	-9.0	7.0	-12.0	49.0	69.67
62	127.0	-105.0	-94.0	8.0	-5.0	-6.0	5.0	-91.0	64.1
63	-13.0	-24.0	127.0	31.0	-43.0	-5.0	-1.0	-1.0	56.62
64	-95.0	127.0	33.0	-4.0	0.0	-10.0	3.0	77.0	54.39
65	85.0	-87.0	66.0	94.0	2.0	9.0	6.0	48.0	54.86
66	127.0	-19.0	13.0	-39.0	-4.0	-14.0	-6.0	38.0	48.83
67	70.0	-118.0	-112.0	-41.0	16.0	23.0	-2.0	-29.0	60.38
68	17.0	-27.0	37.0	-10.0	-7.0	-12.0	-4.0	-24.0	69.04
69	118.0	-56.0	-61.0	-47.0	17.0	-2.0	8.0	-117.0	63.16
70	17.0	-77.0	37.0	127.0	45.0	31.0	0.0	50.0	71.19
71	-128.0	46.0	-110.0	-3.0	-1.0	-3.0	-10.0	-29.0	64.4
72	127.0	38.0	12.0	92.0	-7.0	-3.0	20.0	29.0	50.67
73	50.0	85.0	64.0	-7.0	29.0	-9.0	6.0	24.0	50.67
74	7.0	12.0	-102.0	-28.0	17.0	17.0	7.0	-39.0	69.04
75	122.0	-10.0	-115.0	8.0	8.0	-1.0	2.0	-6.0	64.1
76	-128.0	-51.0	-80.0	-81.0	7.0	-3.0	-5.0	-16.0	71.19
77	60.0	-73.0	67.0	66.0	-3.0	-5.0	-15.0	65.0	54.86
78	-91.0	-103.0	-60.0	-7.0	0.0	22.0	9.0	0.0	66.09
79	-90.0	59.0	0.0	-15.0	-9.0	7.0	10.0	-99.0	50.89
80	-17.0	-79.0	86.0	-101.0	-11.0	-6.0	32.0	-28.0	53.3
81	-95.0	-3.0	-39.0	-53.0	-7.0	-9.0	22.0	-14.0	49.65
82	111.0	2.0	49.0	30.0	5.0	9.0	12.0	17.0	49.65
83	-61.0	36.0	101.0	14.0	-17.0	-8.0	-1.0	25.0	41.89
84	6.0	-54.0	47.0	55.0	-3.0	-25.0	-9.0	75.0	47.23
85	127.0	-97.0	-56.0	-34.0	-10.0	7.0	-13.0	-11.0	39.29
86	49.0	-83.0	-59.0	32.0	6.0	-7.0	9.0	112.0	42.46
87	102.0	-125.0	46.0	35.0	35.0	12.0	-2.0	-125.0	38.34
