0	-17.0	114.0	122.0	-28.0	10.0	5.0	103.0	14.0	115.66
1	30.0	6.0	-128.0	21.0	-43.0	6.0	-40.0	-23.0	112.52
2	63.0	-82.0	-20.0	-15.0	-3.0	-67.0	-10.0	75.0	110.9
3	-76.0	111.0	-57.0	-5.0	-3.0	-43.0	33.0	-2.0	114.0
4	62.0	127.0	30.0	69.0	-14.0	-19.0	-58.0	-100.0	115.82
5	47.0	-128.0	31.0	3.0	-8.0	33.0	-21.0	-98.0	116.73
6	-78.0	19.0	-56.0	48.0	9.0	13.0	-62.0	41.0	117.86
7	16.0	-66.0	42.0	15.0	-6.0	12.0	-3.0	-11.0	115.66
8	75.0	-128.0	-61.0	36.0	24.0	16.0	-66.0	-42.0	122.55
9	57.0	7.0	47.0	-39.0	-3.0	21.0	127.0	-15.0	125.7
10	15.0	-56.0	11.0	-15.0	15.0	9.0	127.0	68.0	129.12
11	-16.0	-11.0	-17.0	-5.0	-27.0	-22.0	56.0	14.0	132.15
12	42.0	-83.0	-21.0	-47.0	7.0	7.0	-87.0	6.0	128.93
13	82.0	75.0	90.0	-107.0	10.0	8.0	122.0	25.0	132.06
14	-94.0	119.0	-19.0	32.0	10.0	8.0	-15.0	54.0	129.12
15	-19.0	26.0	-23.0	-10.0	9.0	-25.0	115.0	-53.0	132.58
16	127.0	-13.0	7.0	28.0	5.0	2.0	-124.0	30.0	133.45
17	40.0	-71.0	60.0	14.0	-46.0	-12.0	-70.0	29.0	133.45
18	-125.0	-128.0	16.0	-48.0	-15.0	-112.0	-70.0	12.0	131.49
19	72.0	-125.0	-65.0	35.0	12.0	7.0	-92.0	-110.0	131.49
20	127.0	-101.0	-34.0	-60.0	-14.0	12.0	-105.0	-9.0	130.21
21	-115.0	-14.0	-10.0	107.0	29.0	85.0	104.0	64.0	126.3
22	-113.0	-41.0	89.0	-2.0	-32.0	1.0	28.0	110.0	125.7
23	-109.0	46.0	87.0	-115.0	22.0	6.0	41.0	-65.0	122.77
24	2.0	-48.0	-3.0	0.0	-4.0	-12.0	-99.0	25.0	125.63
25	-2.0	-34.0	-65.0	1.0	21.0	31.0	-24.0	23.0	125.63
26	-81.0	-76.0	62.0	-14.0	-8.0	8.0	122.0	48.0	119.94
27	-107.0	43.0	-17.0	31.0	-13.0	7.0	-78.0	-38.0	116.73
28	22.0	16.0	14.0	-8.0	6.0	-78.0	51.0	-13.0	101.15
29	-128.0	47.0	15.0	-10.0	-43.0	-46.0	24.0	8.0	107.64
30	51.0	-70.0	-61.0	6.0	-16.0	20.0	-128.0	-128.0	108.99
31	64.0	-27.0	24.0	-95.0	-12.0	1.0	25.0	51.0	104.77
32	-93.0	-59.0	34.0	-12.0	-9.0	-15.0	36.0	111.0	97.16
33	-128.0	94.0	-12.0	6.0	-22.0	-12.0	78.0	-25.0	99.0
34	-25.0	123.0	-62.0	-5.0	32.0	20.0	-21.0	-28.0	105.92
35	112.0	16.0	-50.0	-8.0	-24.0	-6.0	-16.0	-46.0	112.52
36	-42.0	-45.0	-5.0	-19.0	7.0	13.0	-37.0	13.0	99.0
37	127.0	-29.0	6.0	-76.0	-11.0	58.0	-95.0	42.0	104.77
38	15.0	100.0	-57.0	36.0	27.0	-36.0	45.0	-9.0	96.26
39	-40.0	9.0	-8.0	-16.0	-4.0	4.0	-14.0	40.0	95.51
40	113.0	64.0	-29.0	-13.0	-17.0	-33.0	75.0	-6.0	93.97
41	114.0	-41.0	83.0	2.0	-14.0	3.0	-12.0	2.0	90.65
42	113.0	-34.0	5.0	-37.0	-26.0	-8.0	-79.0	20.0	89.92
43	62.0	63.0	-34.0	42.0	-16.0	89.0	1.0	1.0	90.65
44	-104.0	-14.0	20.0	-5.0	-17.0	78.0	3.0	-29.0	91.56
45	-9.0	111.0	-63.0	-25.0	-24.0	26.0	-51.0	7.0	89.86
46	127.0	-1.0	-102.0	-6.0	42.0	-5.0	-109.0	-51.0	63.85
47	22.0	7.0	93.0	9.0	7.0	21.0	-19.0	48.0	55.79
48	93.0	53.0	8.0	-47.0	29.0	-25.0	82.0	-20.0	55.79
49	92.0	105.0	37.0	23.0	1.0	6.0	127.0	8.0	51.38
50	61.0	29.0	1.0	-42.0	31.0	-2.0	-18.0	0.0	53.87
51	127.0	-71.0	-118.0	-20.0	-37.0	-41.0	-81.0	-38.0	60.39
52	-128.0	-51.0	31.0	9.0	-8.0	-41.0	-73.0	-116.0	51.38
53	-52.0	80.0	4.0	53.0	-7.0	27.0	-63.0	-41.0	49.88
54	-51.0	29.0	-24.0	-1.0	-12.0	30.0	-97.0	-44.0	48.87
55	105.0	8.0	11.0	14.0	10.0	59.0	-46.0	-15.0	48.44
56	84.0	100.0	-19.0	-69.0	9.0	28.0	-23.0	34.0	48.81
57	76.0	-89.0	-119.0	-23.0	0.0	-12.0	113.0	13.0	48.81
58	73.0	103.0	92.0	29.0	2.0	-4.0	-24.0	-23.0	52.82
59	-106.0	68.0	-24.0	-87.0	-16.0	4.0	77.0	95.0	52.82
60	16.0	-8.0	-30.0	13.0	2.0	-22.0	40.0	48.0	53.44
61	86.0	-82.0	-20.0	-41.0	-43.0	-17.0	102.0	28.0	89.1
62	-1.0	32.0	39.0	24.0	-32.0	-18.0	-17.0	64.0	61.41
63	-98.0	-28.0	121.0	17.0	11.0	21.0	20.0	7.0	89.69
64	8.0	-28.0	89.0	12.0	27.0	-7.0	-128.0	29.0	62.99
65	110.0	53.0	-62.0	6.0	13.0	12.0	-39.0	33.0	61.41
66	-128.0	-75.0	53.0	-18.0	-21.0	40.0	-12.0	48.0	64.98
67	-116.0	53.0	-42.0	30.0	-5.0	-44.0	65.0	76.0	89.22
68	-92.0	79.0	4.0	86.0	26.0	-31.0	-21.0	-22.0	64.98
69	-48.0	-49.0	-4.0	-18.0	24.0	-13.0	-48.0	27.0	64.76
70	90.0	-24.0	-9.0	-16.0	11.0	38.0	45.0	-37.0	89.1
71	127.0	-42.0	-62.0	-73.0	-6.0	-67.0	49.0	92.0	64.37
72	96.0	3.0	73.0	-32.0	-9.0	-12.0	105.0	28.0	89.92
73	50.0	81.0	-9.0	14.0	19.0	-65.0	-3.0	32.0	98.14
74	-46.0	-49.0	-6.0	5.0	-16.0	-60.0	76.0	10.0	93.97
75	79.0	113.0	-44.0	-27.0	-43.0	-47.0	-27.0	-11.0	98.14
76	-123.0	69.0	22.0	8.0	-8.0	-17.0	-38.0	26.0	95.91
77	-90.0	64.0	-10.0	7.0	-13.0	-17.0	-128.0	-4.0	96.26
78	-106.0	2.0	-19.0	26.0	-35.0	-17.0	-101.0	23.0	94.82
79	37.0	-102.0	-21.0	-9.0	-31.0	17.0	-55.0	-11.0	98.42
80	39.0	59.0	-15.0	-15.0	-8.0	22.0	36.0	-9.0	98.85
81	-101.0	-57.0	-20.0	-16.0	9.0	17.0	11.0	60.0	119.85
82	46.0	-120.0	-128.0	-37.0	25.0	6.0	-31.0	0.0	108.99
