0	127.0	21.0	-65.0	-27.0	-36.0	-9.0	15.0	16.0	94.58
1	83.0	127.0	14.0	25.0	8.0	-5.0	1.0	-48.0	97.35
2	-117.0	-27.0	53.0	5.0	-2.0	-9.0	5.0	25.0	90.69
3	127.0	-87.0	66.0	-8.0	-2.0	9.0	16.0	35.0	84.24
4	-61.0	36.0	-128.0	7.0	-1.0	-5.0	0.0	47.0	79.69
5	127.0	-108.0	6.0	-81.0	-43.0	-3.0	2.0	107.0	85.08
6	127.0	-56.0	52.0	28.0	36.0	11.0	-7.0	-14.0	87.9
7	5.0	-19.0	101.0	-37.0	-4.0	-3.0	-2.0	-6.0	90.36
8	-31.0	-73.0	127.0	54.0	11.0	22.0	-7.0	115.0	92.39
9	-54.0	-3.0	-128.0	25.0	-10.0	-1.0	-2.0	-117.0	95.71
10	81.0	16.0	66.0	-47.0	-8.0	-3.0	3.0	112.0	97.35
11	-86.0	54.0	-118.0	59.0	7.0	-2.0	-15.0	0.0	101.71
12	75.0	127.0	-9.0	-6.0	8.0	51.0	21.0	-15.0	105.2
13	118.0	30.0	67.0	-4.0	8.0	-6.0	-24.0	48.0	109.86
14	16.0	38.0	0.0	13.0	17.0	17.0	17.0	-26.0	107.96
15	49.0	89.0	65.0	24.0	5.0	9.0	11.0	75.0	114.68
16	-90.0	-10.0	-128.0	31.0	25.0	23.0	-12.0	-43.0	114.68
17	-70.0	-108.0	85.0	-105.0	-3.0	12.0	62.0	-30.0	108.31
18	127.0	-87.0	-73.0	31.0	-6.0	-7.0	-6.0	-36.0	122.17
19	-122.0	109.0	-18.0	-7.0	-10.0	-1.0	-1.0	-80.0	110.07
20	-91.0	72.0	24.0	81.0	-16.0	2.0	2.0	118.0	123.72
21	85.0	127.0	-56.0	14.0	23.0	-17.0	16.0	-111.0	123.72
22	12.0	23.0	81.0	-126.0	5.0	-18.0	9.0	28.0	119.4
23	-128.0	-55.0	49.0	-41.0	0.0	1.0	-13.0	-1.0	124.63
24	60.0	123.0	-3.0	-23.0	5.0	-12.0	-5.0	-9.0	124.83
25	-128.0	-128.0	-25.0	-14.0	8.0	-1.0	-5.0	27.0	124.63
26	30.0	-49.0	102.0	-5.0	36.0	8.0	-7.0	-75.0	124.6
27	-68.0	-118.0	64.0	75.0	13.0	-9.0	6.0	51.0	122.17
28	7.0	-68.0	-94.0	114.0	-3.0	9.0	-23.0	13.0	120.52
29	-107.0	127.0	-5.0	-17.0	1.0	-11.0	-3.0	16.0	107.96
30	-17.0	-33.0	-91.0	-19.0	-8.0	-8.0	-2.0	-100.0	105.2
31	127.0	-79.0	-59.0	8.0	11.0	22.0	6.0	-13.0	104.1
32	127.0	-73.0	-67.0	2.0	-7.0	-3.0	11.0	92.0	104.1
33	-115.0	-111.0	71.0	62.0	-7.0	1.0	-7.0	29.0	100.88
34	118.0	127.0	37.0	-5.0	-47.0	-2.0	20.0	-31.0	107.79
35	-74.0	36.0	12.0	16.0	45.0	2.0	-1.0	13.0	94.58
36	-42.0	-82.0	-67.0	-28.0	-6.0	3.0	-10.0	-79.0	87.9
37	127.0	-34.0	-24.0	32.0	-23.0	18.0	-2.0	15.0	79.69
38	-45.0	120.0	100.0	-34.0	-3.0	13.0	3.0	44.0	77.64
39	-95.0	-128.0	127.0	-8.0	-4.0	-41.0	14.0	65.0	71.19
40	33.0	-13.0	39.0	92.0	17.0	9.0	-3.0	24.0	64.1
41	111.0	-40.0	86.0	-34.0	-5.0	11.0	1.0	-5.0	71.19
42	-79.0	-105.0	39.0	127.0	4.0	-48.0	1.0	-43.0	72.09
43	-128.0	-51.0	-59.0	-39.0	11.0	-2.0	9.0	24.0	75.02
44	-5.0	-54.0	62.0	83.0	0.0	-14.0	-34.0	-77.0	66.09
45	-18.0	-83.0	-48.0	-14.0	-4.0	22.0	7.0	17.0	64.4
46	-99.0	127.0	-80.0	30.0	8.0	21.0	-39.0	0.0	54.39
47	-59.0	88.0	86.0	18.0	6.0	-24.0	20.0	21.0	53.3
48	-13.0	-77.0	67.0	57.0	1.0	31.0	12.0	-16.0	73.73
49	127.0	98.0	33.0	127.0	-10.0	-6.0	-9.0	25.0	64.4
50	51.0	85.0	-110.0	-101.0	-20.0	2.0	6.0	50.0	73.73
51	30.0	127.0	-102.0	94.0	-8.0	7.0	11.0	23.0	50.67
52	26.0	-125.0	-47.0	27.0	5.0	-10.0	10.0	-63.0	64.1
53	50.0	127.0	-61.0	55.0	0.0	16.0	7.0	2.0	54.86
54	-128.0	-46.0	-60.0	8.0	-3.0	-6.0	30.0	-125.0	50.89
55	78.0	59.0	113.0	-66.0	2.0	10.0	22.0	77.0	54.86
56	-128.0	88.0	46.0	92.0	-6.0	-44.0	-9.0	-16.0	56.62
57	73.0	-128.0	0.0	-10.0	-8.0	-4.0	8.0	31.0	69.67
58	17.0	1.0	-109.0	107.0	8.0	-2.0	-16.0	16.0	63.16
59	55.0	59.0	-115.0	-27.0	-9.0	-6.0	-15.0	-6.0	47.23
60	127.0	14.0	12.0	26.0	-11.0	5.0	-22.0	-29.0	41.89
61	-95.0	-18.0	-16.0	-17.0	17.0	-6.0	7.0	-63.0	38.0
62	39.0	46.0	-39.0	-15.0	14.0	-14.0	0.0	-36.0	39.29
63	-95.0	-40.0	64.0	15.0	-2.0	24.0	10.0	49.0	38.34
64	87.0	-16.0	-5.0	-128.0	5.0	11.0	6.0	48.0	39.89
65	127.0	-97.0	-33.0	18.0	-2.0	-25.0	-10.0	-57.0	38.34
66	-128.0	27.0	-26.0	-7.0	7.0	7.0	0.0	95.0	37.79
67	105.0	-103.0	-8.0	97.0	-13.0	7.0	-2.0	-99.0	38.74
68	-65.0	-32.0	-24.0	16.0	-4.0	4.0	-1.0	-28.0	38.0
69	-61.0	-52.0	-27.0	25.0	11.0	-15.0	-7.0	100.0	41.89
70	127.0	-84.0	50.0	-74.0	-10.0	-20.0	-4.0	38.0	47.23
71	6.0	127.0	-73.0	-3.0	-35.0	10.0	-7.0	-12.0	49.65
72	52.0	127.0	37.0	-15.0	-7.0	-9.0	-9.0	0.0	49.65
73	102.0	-128.0	55.0	17.0	-17.0	-12.0	3.0	-43.0	42.46
74	-123.0	13.0	127.0	99.0	-5.0	0.0	-8.0	17.0	42.46
75	17.0	-128.0	-117.0	-61.0	-6.0	-13.0	-19.0	-91.0	45.33
76	-81.0	-35.0	23.0	-53.0	-1.0	-5.0	12.0	-39.0	54.39
77	62.0	-42.0	-1.0	-128.0	-5.0	-8.0	-9.0	127.0	60.38
78	88.0	-103.0	109.0	-43.0	8.0	12.0	-10.0	-54.0	65.61
79	-73.0	-24.0	46.0	10.0	-10.0	7.0	-1.0	27.0	48.83
80	70.0	38.0	22.0	66.0	2.0	1.0	13.0	73.0	50.67
81	-128.0	-40.0	12.0	35.0	14.0	-43.0	16.0	3.0	69.04
82	11.0	22.0	13.0	26.0	25.0	-12.0	-16.0	81.0	69.04
83	103.0	-107.0	-112.0	-9.0	16.0	3.0	0.0	-81.0	76.29
84	47.0	127.0	85.0	19.0	35.0	-5.0	1.0	-23.0	75.02
85	-5.0	-128.0	-26.0	54.0	-9.0	34.0	32.0	-11.0	81.82
86	66.0	12.0	47.0	11.0	-3.0	-8.0	20.0	-24.0	81.82
87	122.0	2.0	-3.0	-16.0	29.0	-9.0	-10.0	-29.0	90.69
