0	-100.0	-88.0	-27.0	-105.0	4.0	7.0	-8.0	-12.0	50.58
1	61.0	99.0	-26.0	-26.0	-2.0	1.0	4.0	-51.0	49.75
2	-44.0	-65.0	6.0	-30.0	-10.0	11.0	0.0	63.0	51.72
3	2.0	86.0	-5.0	34.0	-9.0	-11.0	0.0	-18.0	56.2
4	26.0	73.0	91.0	83.0	13.0	-6.0	3.0	4.0	51.72
5	-79.0	-92.0	-53.0	-57.0	-1.0	-4.0	-11.0	-32.0	61.93
6	127.0	17.0	-32.0	-128.0	-9.0	-2.0	-4.0	-38.0	61.74
7	10.0	-12.0	-41.0	-50.0	7.0	-3.0	-34.0	4.0	70.97
8	-128.0	-63.0	50.0	23.0	-1.0	2.0	-14.0	37.0	70.55
9	-42.0	-49.0	17.0	-34.0	23.0	15.0	4.0	-26.0	61.93
10	83.0	65.0	-128.0	73.0	15.0	11.0	8.0	-52.0	69.23
11	91.0	-128.0	-49.0	112.0	5.0	-3.0	5.0	15.0	71.65
12	-71.0	-61.0	-85.0	-9.0	-14.0	25.0	-4.0	-14.0	68.48
13	4.0	24.0	1.0	13.0	-5.0	25.0	-11.0	-17.0	75.66
14	-76.0	101.0	24.0	30.0	-2.0	7.0	-3.0	-19.0	111.23
15	-128.0	-87.0	-41.0	-4.0	-15.0	13.0	-6.0	60.0	120.4
16	-1.0	46.0	-128.0	-119.0	18.0	-5.0	25.0	11.0	100.91
17	81.0	-10.0	75.0	8.0	-14.0	4.0	-6.0	-10.0	97.97
18	127.0	104.0	15.0	-9.0	-1.0	-15.0	1.0	0.0	97.97
19	-99.0	-41.0	2.0	-30.0	1.0	-19.0	2.0	7.0	75.31
20	-128.0	-76.0	-26.0	-29.0	0.0	1.0	2.0	-14.0	85.61
21	75.0	-103.0	-68.0	-128.0	0.0	5.0	-6.0	22.0	93.67
22	93.0	-128.0	-5.0	56.0	-14.0	21.0	-6.0	-36.0	110.37
23	48.0	-110.0	4.0	-23.0	-5.0	-10.0	13.0	35.0	119.37
24	108.0	119.0	34.0	-62.0	27.0	10.0	1.0	-29.0	121.97
25	104.0	127.0	46.0	3.0	6.0	0.0	4.0	-38.0	121.97
26	-26.0	98.0	-7.0	-6.0	6.0	15.0	13.0	125.0	119.37
27	-105.0	103.0	-13.0	50.0	4.0	-2.0	-3.0	-43.0	122.81
28	57.0	-73.0	29.0	55.0	-5.0	-9.0	2.0	-19.0	122.77
29	127.0	112.0	81.0	-23.0	-10.0	3.0	11.0	86.0	122.77
30	-43.0	-32.0	-56.0	101.0	-15.0	-20.0	0.0	22.0	123.52
31	113.0	-8.0	-3.0	-29.0	13.0	1.0	3.0	18.0	116.66
32	56.0	-99.0	109.0	-16.0	1.0	-7.0	7.0	-58.0	120.86
33	127.0	-44.0	-10.0	76.0	6.0	8.0	2.0	8.0	97.76
34	82.0	-122.0	64.0	-116.0	19.0	-15.0	17.0	2.0	96.13
35	79.0	-25.0	122.0	-10.0	3.0	-6.0	17.0	-2.0	96.13
36	-65.0	127.0	-46.0	-128.0	1.0	1.0	0.0	-7.0	90.49
37	97.0	-94.0	65.0	-43.0	-36.0	3.0	-11.0	-8.0	106.48
38	5.0	-123.0	28.0	25.0	2.0	-6.0	-10.0	19.0	111.3
39	121.0	49.0	20.0	-6.0	2.0	-8.0	-1.0	8.0	100.91
40	-46.0	83.0	-55.0	-110.0	9.0	-13.0	5.0	-46.0	88.94
41	-24.0	127.0	23.0	-30.0	13.0	1.0	9.0	15.0	88.94
42	-64.0	-94.0	-116.0	47.0	5.0	-10.0	-1.0	26.0	78.44
43	-128.0	-118.0	-84.0	-26.0	0.0	-2.0	11.0	-113.0	85.61
44	28.0	101.0	-58.0	50.0	-5.0	3.0	-4.0	20.0	71.65
45	-89.0	-46.0	-11.0	23.0	4.0	-1.0	-5.0	72.0	83.1
46	20.0	-50.0	-70.0	61.0	-8.0	-13.0	-2.0	10.0	72.59
47	31.0	85.0	-108.0	-15.0	9.0	0.0	4.0	-5.0	85.68
48	-105.0	-89.0	113.0	-8.0	-3.0	-7.0	-17.0	25.0	80.04
49	-5.0	-36.0	127.0	-24.0	8.0	-4.0	-13.0	12.0	71.71
50	127.0	106.0	-24.0	-41.0	3.0	10.0	-7.0	7.0	78.44
51	66.0	43.0	13.0	45.0	-3.0	16.0	0.0	31.0	72.59
52	-99.0	105.0	94.0	5.0	-2.0	3.0	3.0	28.0	57.33
53	-55.0	-41.0	-128.0	-44.0	16.0	16.0	-10.0	-35.0	51.29
54	-79.0	122.0	-45.0	30.0	-13.0	-15.0	10.0	-38.0	49.65
55	-112.0	-48.0	39.0	-5.0	-1.0	4.0	-9.0	16.0	50.61
56	127.0	-118.0	-50.0	-8.0	-3.0	-6.0	-7.0	12.0	67.72
57	75.0	72.0	-70.0	79.0	4.0	3.0	6.0	-1.0	75.31
58	-93.0	9.0	37.0	-50.0	-7.0	25.0	8.0	-28.0	69.23
59	-59.0	-84.0	56.0	21.0	-15.0	-1.0	5.0	-13.0	49.32
60	-120.0	89.0	-40.0	105.0	-11.0	17.0	11.0	-3.0	47.88
61	99.0	30.0	-90.0	49.0	-4.0	5.0	-6.0	46.0	49.75
62	103.0	60.0	-128.0	12.0	-3.0	-4.0	-4.0	38.0	52.26
63	-113.0	-128.0	57.0	-111.0	10.0	2.0	-6.0	2.0	52.26
64	-71.0	-128.0	-26.0	61.0	-3.0	7.0	-7.0	-24.0	57.33
65	43.0	-103.0	44.0	89.0	11.0	-3.0	0.0	-36.0	46.91
66	70.0	117.0	127.0	76.0	1.0	23.0	-22.0	3.0	48.57
67	18.0	-10.0	-121.0	77.0	9.0	1.0	25.0	-4.0	46.17
68	-121.0	96.0	-41.0	-14.0	-6.0	5.0	17.0	-22.0	45.5
69	8.0	31.0	-18.0	81.0	7.0	15.0	22.0	-30.0	42.88
70	-122.0	-100.0	20.0	23.0	2.0	20.0	3.0	-13.0	42.51
71	-97.0	23.0	43.0	13.0	-14.0	-14.0	7.0	29.0	46.17
72	127.0	-34.0	-128.0	-61.0	-2.0	-38.0	-2.0	72.0	42.51
73	20.0	106.0	58.0	23.0	10.0	-8.0	16.0	-18.0	46.17
74	-29.0	-56.0	96.0	-4.0	12.0	2.0	5.0	-117.0	41.18
75	39.0	-79.0	54.0	-102.0	-6.0	2.0	-13.0	-32.0	46.14
76	-128.0	-76.0	62.0	100.0	7.0	4.0	-10.0	-4.0	46.44
77	-18.0	29.0	-77.0	25.0	17.0	-6.0	3.0	18.0	46.44
78	127.0	-55.0	89.0	-29.0	23.0	1.0	-3.0	-29.0	48.14
79	20.0	-90.0	127.0	18.0	14.0	-20.0	0.0	71.0	47.13
80	-56.0	-21.0	-98.0	4.0	18.0	-5.0	6.0	-2.0	48.57
81	-122.0	35.0	-68.0	82.0	-16.0	13.0	-5.0	-17.0	51.52
