0	83.0	45.0	-68.0	4.0	53.0	-10.0	1.0	-104.0	71.45
1	-67.0	-24.0	32.0	-6.0	-7.0	9.0	-52.0	34.0	61.3
2	33.0	104.0	-41.0	23.0	12.0	72.0	68.0	-67.0	77.98
3	100.0	71.0	38.0	32.0	-49.0	82.0	2.0	76.0	99.9
4	93.0	-83.0	-74.0	-61.0	35.0	-14.0	-11.0	-11.0	98.8
5	92.0	-73.0	-98.0	127.0	30.0	-19.0	-47.0	-30.0	98.8
6	90.0	-26.0	-55.0	-1.0	-25.0	5.0	1.0	6.0	101.28
7	-101.0	127.0	-46.0	6.0	58.0	-103.0	-128.0	-32.0	125.18
8	45.0	59.0	-28.0	-67.0	4.0	7.0	50.0	11.0	124.95
9	-95.0	10.0	34.0	-14.0	9.0	-29.0	-65.0	101.0	106.49
10	78.0	127.0	18.0	18.0	51.0	33.0	-128.0	-56.0	115.69
11	-97.0	70.0	50.0	-101.0	21.0	78.0	-6.0	4.0	118.86
12	17.0	119.0	19.0	-128.0	-12.0	28.0	111.0	-9.0	113.07
13	94.0	50.0	1.0	15.0	-22.0	81.0	20.0	76.0	121.24
14	-84.0	61.0	45.0	51.0	19.0	-14.0	-45.0	77.0	101.36
15	-37.0	73.0	18.0	53.0	35.0	-15.0	26.0	33.0	101.55
16	58.0	83.0	34.0	-14.0	-34.0	71.0	-30.0	-23.0	101.28
17	-84.0	-98.0	45.0	122.0	-4.0	-12.0	-108.0	68.0	104.73
18	-51.0	-124.0	28.0	5.0	12.0	35.0	-7.0	15.0	124.95
19	76.0	-12.0	4.0	-42.0	-9.0	1.0	-23.0	-77.0	132.55
20	57.0	-128.0	31.0	0.0	-9.0	-22.0	59.0	-15.0	127.47
21	-122.0	-74.0	-36.0	-1.0	11.0	-51.0	101.0	-5.0	125.18
22	127.0	-128.0	11.0	-57.0	-3.0	9.0	37.0	38.0	134.33
23	92.0	-96.0	-55.0	-40.0	47.0	-84.0	-96.0	-6.0	134.57
24	26.0	44.0	111.0	5.0	37.0	-10.0	-96.0	-24.0	134.57
25	-92.0	-114.0	-22.0	24.0	-17.0	2.0	-128.0	3.0	134.44
26	-65.0	49.0	-94.0	9.0	13.0	79.0	-19.0	28.0	134.02
27	70.0	-83.0	4.0	19.0	-2.0	-20.0	-42.0	24.0	115.69
28	-110.0	110.0	-112.0	28.0	43.0	23.0	-62.0	82.0	118.49
29	74.0	-50.0	40.0	-49.0	-18.0	61.0	22.0	-45.0	129.31
30	76.0	9.0	40.0	-50.0	-48.0	-38.0	-34.0	-2.0	134.02
31	89.0	33.0	124.0	33.0	25.0	24.0	-43.0	-32.0	133.68
32	87.0	-33.0	97.0	-39.0	-14.0	2.0	-69.0	-11.0	133.68
33	-64.0	57.0	-50.0	-10.0	15.0	16.0	-79.0	-87.0	131.3
34	-72.0	-7.0	-64.0	12.0	61.0	24.0	-34.0	127.0	132.51
35	21.0	127.0	75.0	-20.0	-31.0	54.0	-77.0	18.0	113.07
36	-69.0	-63.0	36.0	-20.0	12.0	26.0	53.0	-7.0	118.86
37	108.0	85.0	46.0	11.0	6.0	-23.0	-92.0	-35.0	110.91
38	75.0	-65.0	-32.0	-8.0	49.0	-18.0	-115.0	-20.0	129.67
39	39.0	-27.0	-48.0	-49.0	-27.0	-89.0	110.0	71.0	131.3
40	-128.0	54.0	-36.0	-108.0	-30.0	-48.0	-23.0	12.0	121.58
41	87.0	7.0	-75.0	9.0	-79.0	-17.0	71.0	69.0	106.48
42	-101.0	-128.0	-33.0	-15.0	21.0	36.0	32.0	-35.0	106.12
43	-110.0	-13.0	43.0	28.0	-43.0	-4.0	-26.0	-39.0	101.36
44	127.0	-44.0	117.0	-6.0	17.0	0.0	16.0	81.0	100.9
45	-70.0	127.0	-8.0	-25.0	-4.0	-53.0	-128.0	13.0	101.87
46	69.0	36.0	-34.0	-3.0	12.0	-3.0	-18.0	97.0	106.49
47	42.0	-2.0	-69.0	-30.0	-14.0	30.0	9.0	-12.0	110.17
48	-69.0	83.0	-6.0	18.0	16.0	-17.0	0.0	100.0	101.55
49	55.0	-107.0	20.0	62.0	21.0	-27.0	-11.0	12.0	93.03
50	-32.0	79.0	-6.0	109.0	-9.0	38.0	-22.0	21.0	91.24
51	-47.0	60.0	106.0	-4.0	7.0	-82.0	67.0	25.0	78.81
52	-123.0	-18.0	41.0	44.0	-4.0	-106.0	-81.0	-35.0	93.03
53	-128.0	11.0	-48.0	-48.0	-82.0	7.0	-4.0	-12.0	76.96
54	-91.0	-52.0	-87.0	-11.0	-53.0	11.0	-17.0	6.0	57.22
55	-25.0	0.0	46.0	-87.0	31.0	-30.0	123.0	-77.0	65.76
56	27.0	-128.0	-7.0	12.0	-3.0	-2.0	-28.0	15.0	65.2
57	-99.0	74.0	-128.0	-28.0	-21.0	4.0	-40.0	-1.0	65.2
58	37.0	-103.0	50.0	-34.0	-43.0	24.0	3.0	13.0	61.3
59	-14.0	-23.0	0.0	17.0	32.0	12.0	124.0	3.0	55.26
60	-47.0	22.0	117.0	-97.0	5.0	-52.0	-25.0	-32.0	43.42
61	-55.0	127.0	96.0	122.0	31.0	-7.0	20.0	39.0	34.9
62	-44.0	99.0	127.0	-9.0	23.0	-68.0	-26.0	-50.0	35.33
63	-23.0	-128.0	95.0	-39.0	-13.0	45.0	-113.0	-36.0	43.42
64	127.0	-63.0	-38.0	-10.0	-68.0	22.0	-18.0	-16.0	64.38
65	87.0	123.0	-1.0	-86.0	51.0	-5.0	42.0	-63.0	71.45
66	-115.0	127.0	22.0	68.0	46.0	-10.0	-66.0	-24.0	65.86
67	30.0	-33.0	96.0	61.0	-2.0	41.0	-24.0	-50.0	65.86
68	-21.0	-91.0	31.0	25.0	0.0	38.0	117.0	89.0	56.5
69	50.0	-62.0	-4.0	-128.0	19.0	-43.0	8.0	-34.0	53.76
70	127.0	70.0	-100.0	98.0	-18.0	7.0	-28.0	-24.0	64.93
71	-115.0	110.0	-11.0	-32.0	-6.0	-16.0	-77.0	29.0	53.76
72	-36.0	97.0	-40.0	44.0	-3.0	21.0	-128.0	3.0	40.84
73	-110.0	-82.0	3.0	-24.0	-32.0	37.0	-42.0	118.0	32.66
74	118.0	13.0	18.0	127.0	-10.0	-32.0	79.0	-56.0	34.9
75	112.0	-35.0	12.0	90.0	-3.0	-21.0	-21.0	11.0	34.63
76	29.0	127.0	-6.0	-95.0	23.0	-48.0	-21.0	9.0	27.62
77	84.0	36.0	63.0	-2.0	0.0	99.0	-34.0	63.0	27.62
78	-128.0	-56.0	30.0	-1.0	-56.0	58.0	86.0	8.0	32.63
79	50.0	127.0	-47.0	25.0	79.0	81.0	101.0	82.0	36.58
80	97.0	-44.0	-58.0	-13.0	5.0	-18.0	-14.0	38.0	41.76
81	127.0	-29.0	-61.0	3.0	-8.0	-41.0	-48.0	-48.0	41.76
82	-80.0	53.0	-6.0	4.0	-39.0	67.0	101.0	-4.0	32.76
83	-111.0	-2.0	-20.0	-103.0	10.0	-45.0	-3.0	6.0	32.76
84	-93.0	-96.0	108.0	-11.0	-67.0	-77.0	-55.0	13.0	27.93
85	-102.0	27.0	29.0	-16.0	-3.0	26.0	22.0	47.0	32.63
86	-42.0	44.0	-4.0	14.0	-18.0	-9.0	76.0	65.0	50.88
87	118.0	-98.0	108.0	28.0	-13.0	30.0	96.0	75.0	56.5
