0	84.0	-128.0	28.0	17.0	-3.0	5.0	-14.0	-39.0	131.3
1	-44.0	71.0	-36.0	-3.0	5.0	45.0	76.0	-87.0	129.67
2	-14.0	110.0	-7.0	9.0	11.0	30.0	1.0	-32.0	124.95
3	127.0	-35.0	3.0	-95.0	-18.0	-18.0	-40.0	15.0	121.58
4	-122.0	127.0	124.0	24.0	47.0	36.0	8.0	15.0	125.18
5	27.0	-96.0	97.0	-101.0	-6.0	-68.0	-6.0	-12.0	110.91
6	-67.0	33.0	-68.0	-8.0	-18.0	-2.0	3.0	6.0	101.28
7	93.0	127.0	-87.0	-32.0	21.0	-23.0	-92.0	-48.0	98.8
8	87.0	60.0	36.0	19.0	35.0	33.0	-48.0	39.0	101.55
9	-70.0	-63.0	-46.0	-13.0	-9.0	26.0	71.0	71.0	101.36
10	100.0	-124.0	31.0	-97.0	10.0	-30.0	-23.0	81.0	91.24
11	-115.0	83.0	-50.0	28.0	12.0	-18.0	-24.0	-24.0	65.76
12	-128.0	-26.0	11.0	-4.0	37.0	-27.0	26.0	-32.0	65.2
13	-51.0	83.0	-38.0	68.0	23.0	-19.0	-108.0	-6.0	65.2
14	-21.0	-98.0	34.0	44.0	0.0	-103.0	-62.0	6.0	61.3
15	-101.0	-24.0	-64.0	-86.0	58.0	58.0	-18.0	-2.0	64.93
16	-110.0	-50.0	-20.0	-6.0	-14.0	38.0	22.0	12.0	56.5
17	-36.0	13.0	-55.0	0.0	7.0	-17.0	-69.0	68.0	53.76
18	50.0	54.0	-100.0	-34.0	-12.0	-3.0	-28.0	-20.0	53.76
19	89.0	-103.0	-61.0	-15.0	-17.0	-89.0	96.0	69.0	34.9
20	75.0	-128.0	111.0	122.0	-48.0	-43.0	-11.0	-63.0	32.63
21	-110.0	-96.0	43.0	-87.0	-7.0	67.0	-34.0	100.0	27.62
22	-64.0	-74.0	-75.0	-14.0	-2.0	38.0	-7.0	25.0	27.62
23	37.0	119.0	-4.0	-25.0	-4.0	12.0	-96.0	6.0	27.93
24	50.0	-18.0	0.0	109.0	-53.0	7.0	110.0	-24.0	32.66
25	-23.0	-128.0	30.0	-39.0	46.0	-12.0	-26.0	18.0	32.76
26	-69.0	11.0	-48.0	15.0	53.0	-53.0	-4.0	-4.0	32.63
27	83.0	-33.0	18.0	51.0	9.0	-48.0	-18.0	-11.0	41.76
28	-47.0	110.0	41.0	-39.0	-30.0	-14.0	-77.0	34.0	36.58
29	118.0	22.0	-41.0	-49.0	12.0	-14.0	101.0	-45.0	34.9
30	-115.0	45.0	-48.0	-40.0	4.0	-16.0	-79.0	-34.0	35.33
31	21.0	73.0	20.0	4.0	-3.0	22.0	-66.0	97.0	43.42
32	-128.0	44.0	-6.0	14.0	19.0	-7.0	101.0	-35.0	43.42
33	78.0	127.0	117.0	-1.0	-68.0	71.0	-11.0	3.0	34.63
34	76.0	-107.0	75.0	-14.0	-82.0	78.0	-22.0	-104.0	32.76
35	-93.0	127.0	96.0	32.0	5.0	-10.0	-115.0	24.0	50.88
36	112.0	10.0	-36.0	-20.0	-14.0	24.0	101.0	101.0	40.84
37	-32.0	74.0	-128.0	98.0	-3.0	-9.0	42.0	13.0	41.76
38	-95.0	-128.0	-1.0	33.0	-25.0	-82.0	59.0	47.0	56.5
39	92.0	0.0	-98.0	-2.0	35.0	9.0	-42.0	29.0	65.86
40	97.0	-44.0	38.0	28.0	21.0	-77.0	-47.0	82.0	61.3
41	-42.0	-52.0	4.0	-1.0	-43.0	-29.0	-21.0	21.0	57.22
42	-102.0	49.0	-33.0	-11.0	21.0	-106.0	-17.0	-32.0	55.26
43	-65.0	-73.0	-6.0	18.0	12.0	24.0	-34.0	65.0	64.38
44	-97.0	99.0	-94.0	25.0	-13.0	24.0	123.0	-23.0	77.98
45	42.0	70.0	117.0	12.0	15.0	37.0	111.0	13.0	99.9
46	127.0	-82.0	45.0	-128.0	0.0	99.0	-23.0	-36.0	93.03
47	-37.0	44.0	40.0	18.0	-10.0	9.0	67.0	4.0	78.81
48	39.0	-44.0	108.0	53.0	-27.0	23.0	-25.0	82.0	71.45
49	-111.0	9.0	95.0	-20.0	31.0	41.0	-65.0	-11.0	98.8
50	127.0	7.0	-40.0	-103.0	12.0	-10.0	50.0	76.0	100.9
51	108.0	104.0	96.0	25.0	-49.0	-51.0	117.0	-35.0	101.28
52	74.0	-98.0	50.0	-67.0	-9.0	-5.0	0.0	-50.0	76.96
53	127.0	-23.0	-11.0	-10.0	-9.0	81.0	-81.0	3.0	65.86
54	-72.0	-29.0	-6.0	-57.0	23.0	-22.0	53.0	-30.0	71.45
55	-84.0	-56.0	-47.0	127.0	-21.0	79.0	20.0	76.0	93.03
56	76.0	27.0	-34.0	-28.0	6.0	-52.0	2.0	-50.0	101.36
57	26.0	-13.0	-112.0	-24.0	-79.0	26.0	37.0	11.0	101.55
58	-25.0	53.0	4.0	23.0	49.0	-48.0	-21.0	-35.0	104.73
59	33.0	-83.0	-32.0	127.0	19.0	0.0	16.0	-16.0	110.17
60	55.0	-128.0	40.0	122.0	43.0	81.0	-3.0	11.0	118.86
61	-123.0	57.0	32.0	3.0	-8.0	-84.0	-113.0	12.0	125.18
62	-101.0	-2.0	46.0	44.0	-56.0	-41.0	-26.0	-15.0	124.95
63	-55.0	-63.0	-4.0	-61.0	17.0	35.0	-43.0	-77.0	127.47
64	70.0	-62.0	-8.0	9.0	-34.0	2.0	22.0	-5.0	133.68
65	127.0	70.0	-28.0	-108.0	-13.0	7.0	124.0	-67.0	133.68
66	-110.0	79.0	31.0	-50.0	31.0	-21.0	20.0	13.0	134.44
67	-99.0	50.0	63.0	-30.0	-39.0	-17.0	-34.0	33.0	134.57
68	57.0	127.0	34.0	-16.0	51.0	82.0	-128.0	-7.0	134.02
69	30.0	97.0	18.0	62.0	-3.0	72.0	-42.0	8.0	132.51
70	92.0	127.0	-22.0	11.0	-2.0	2.0	-128.0	38.0	132.55
71	94.0	36.0	-55.0	90.0	16.0	-15.0	79.0	-12.0	134.02
72	-69.0	85.0	-69.0	-49.0	51.0	-10.0	-30.0	3.0	134.57
73	-92.0	-12.0	-6.0	4.0	-32.0	-32.0	-28.0	118.0	134.33
74	45.0	61.0	46.0	-9.0	-22.0	28.0	-52.0	89.0	131.3
75	118.0	-2.0	1.0	-128.0	-31.0	-38.0	32.0	-9.0	115.69
76	-91.0	-114.0	108.0	12.0	25.0	16.0	-19.0	77.0	106.12
77	69.0	-65.0	29.0	-6.0	30.0	61.0	-128.0	-56.0	106.49
78	-84.0	-33.0	18.0	61.0	-43.0	54.0	-96.0	75.0	118.49
79	-47.0	-27.0	22.0	5.0	79.0	1.0	-128.0	-77.0	121.24
80	29.0	36.0	19.0	-48.0	-4.0	4.0	1.0	127.0	106.49
81	58.0	59.0	12.0	-42.0	-4.0	21.0	-55.0	63.0	101.87
82	87.0	-7.0	-74.0	-11.0	61.0	11.0	-77.0	-24.0	106.48
83	90.0	-83.0	-58.0	5.0	32.0	-20.0	86.0	28.0	113.07
84	87.0	-91.0	45.0	-1.0	-67.0	-4.0	-128.0	9.0	118.86
85	-80.0	123.0	127.0	6.0	-18.0	-45.0	68.0	-56.0	115.69
86	17.0	127.0	50.0	-10.0	-3.0	30.0	9.0	38.0	113.07
87	-128.0	127.0	106.0	28.0	13.0	7.0	-45.0	-1.0	129.31
