0	-128.0	-84.0	74.0	-53.0	-25.0	-17.0	-79.0	21.0	92.25
1	-11.0	-128.0	-120.0	-35.0	-28.0	-13.0	2.0	-13.0	95.31
2	60.0	-85.0	75.0	-3.0	3.0	-14.0	-19.0	-32.0	93.12
3	89.0	-17.0	-17.0	127.0	7.0	46.0	-98.0	64.0	95.31
4	-116.0	35.0	-88.0	-42.0	-8.0	44.0	-91.0	43.0	90.32
5	-85.0	-4.0	-116.0	-20.0	-13.0	-19.0	45.0	-4.0	93.99
6	-26.0	54.0	5.0	-32.0	39.0	24.0	-102.0	6.0	69.73
7	4.0	-63.0	-16.0	24.0	14.0	-44.0	18.0	5.0	51.41
8	-73.0	110.0	127.0	-1.0	-31.0	72.0	3.0	-39.0	48.89
9	-76.0	-114.0	-11.0	-13.0	-7.0	4.0	7.0	109.0	62.65
10	102.0	5.0	-14.0	12.0	-24.0	22.0	-11.0	-35.0	55.38
11	60.0	-80.0	-83.0	-7.0	20.0	11.0	-19.0	24.0	48.24
12	-57.0	-100.0	4.0	18.0	9.0	21.0	-19.0	-67.0	48.43
13	-21.0	-75.0	39.0	17.0	107.0	-10.0	-28.0	-2.0	47.93
14	-128.0	-63.0	-91.0	-22.0	10.0	8.0	-12.0	34.0	61.09
15	110.0	102.0	-21.0	-12.0	-1.0	-12.0	17.0	-61.0	58.63
16	21.0	-52.0	127.0	127.0	-13.0	-28.0	84.0	89.0	48.43
17	-128.0	-12.0	27.0	-26.0	-10.0	11.0	-28.0	25.0	62.63
18	-62.0	-107.0	-128.0	-62.0	25.0	39.0	-19.0	37.0	64.14
19	103.0	96.0	-42.0	-6.0	9.0	-1.0	18.0	-65.0	63.42
20	81.0	-64.0	-21.0	50.0	-31.0	-18.0	32.0	-7.0	69.73
21	-97.0	-64.0	127.0	9.0	-12.0	-8.0	77.0	-37.0	50.0
22	-74.0	-87.0	127.0	62.0	20.0	-23.0	-6.0	-9.0	62.9
23	54.0	-44.0	-12.0	22.0	6.0	35.0	-100.0	-30.0	48.89
24	16.0	-95.0	-22.0	-24.0	-26.0	41.0	-53.0	-89.0	50.0
25	91.0	-38.0	21.0	29.0	-5.0	9.0	19.0	15.0	63.42
26	0.0	18.0	73.0	19.0	-4.0	0.0	-22.0	101.0	48.89
27	-128.0	-77.0	-13.0	-26.0	-5.0	-52.0	33.0	43.0	58.63
28	-49.0	-128.0	-94.0	-111.0	15.0	-34.0	45.0	-83.0	55.38
29	34.0	92.0	20.0	127.0	2.0	-10.0	-1.0	-67.0	62.87
30	88.0	73.0	-6.0	-27.0	19.0	-3.0	58.0	-14.0	82.04
31	127.0	62.0	127.0	-47.0	-11.0	-8.0	9.0	-53.0	63.58
32	24.0	-102.0	-43.0	-39.0	-5.0	-19.0	-4.0	5.0	61.09
33	-98.0	-3.0	-65.0	17.0	-19.0	-16.0	-10.0	58.0	63.3
34	-128.0	113.0	-86.0	119.0	-16.0	25.0	-28.0	-126.0	62.63
35	41.0	-51.0	-21.0	-9.0	-26.0	-3.0	0.0	15.0	63.3
36	86.0	-39.0	-15.0	-98.0	-5.0	15.0	9.0	79.0	91.91
37	84.0	98.0	-7.0	7.0	14.0	-14.0	-68.0	-7.0	91.91
38	-122.0	8.0	49.0	5.0	-3.0	-6.0	-6.0	2.0	96.81
39	52.0	-63.0	-6.0	127.0	2.0	30.0	121.0	-94.0	98.06
40	-124.0	-75.0	-76.0	-109.0	3.0	-39.0	-31.0	-20.0	98.06
41	-11.0	83.0	68.0	-65.0	9.0	34.0	3.0	53.0	95.83
42	-81.0	-19.0	-1.0	83.0	30.0	-1.0	31.0	-1.0	96.81
43	-83.0	-34.0	-46.0	-45.0	20.0	-8.0	107.0	18.0	103.8
44	97.0	72.0	127.0	-110.0	-26.0	7.0	5.0	-4.0	98.45
45	-98.0	-101.0	-116.0	37.0	-10.0	0.0	1.0	-107.0	99.07
46	101.0	-112.0	16.0	52.0	1.0	10.0	-5.0	-83.0	101.74
47	2.0	-24.0	127.0	19.0	-2.0	-3.0	-19.0	-37.0	117.02
48	108.0	-57.0	-7.0	-23.0	0.0	-26.0	11.0	-14.0	106.91
49	-123.0	-13.0	-31.0	-73.0	7.0	35.0	43.0	-3.0	123.06
50	-98.0	127.0	68.0	127.0	-41.0	-28.0	-16.0	41.0	127.22
51	-94.0	-14.0	18.0	-89.0	-1.0	11.0	9.0	-39.0	117.02
52	-96.0	-48.0	-8.0	-20.0	9.0	19.0	4.0	-44.0	120.7
53	75.0	-100.0	52.0	114.0	19.0	34.0	9.0	-83.0	120.7
54	8.0	90.0	14.0	-11.0	-10.0	42.0	16.0	-31.0	126.2
55	-73.0	120.0	-16.0	-32.0	32.0	-13.0	-9.0	1.0	126.46
56	-113.0	66.0	-86.0	18.0	-21.0	-13.0	-20.0	25.0	126.63
57	56.0	-5.0	67.0	-75.0	20.0	7.0	-63.0	-46.0	127.92
58	40.0	-19.0	-88.0	84.0	8.0	-1.0	-34.0	83.0	127.34
59	38.0	-38.0	16.0	45.0	-1.0	-5.0	-8.0	-67.0	126.2
60	64.0	-39.0	-58.0	-12.0	27.0	-12.0	-74.0	-21.0	106.91
61	-28.0	79.0	-95.0	-64.0	19.0	28.0	48.0	-11.0	115.56
62	27.0	3.0	127.0	12.0	34.0	36.0	-98.0	-15.0	118.78
63	-112.0	-19.0	-30.0	17.0	20.0	-17.0	-6.0	-14.0	109.95
64	-44.0	-119.0	-69.0	-32.0	-33.0	11.0	11.0	99.0	118.15
65	27.0	-69.0	-11.0	-51.0	10.0	1.0	10.0	-82.0	119.45
66	-21.0	-119.0	12.0	-17.0	-10.0	9.0	20.0	-80.0	121.11
67	-17.0	-24.0	-8.0	-55.0	-7.0	-3.0	-97.0	-13.0	130.3
68	-128.0	25.0	-21.0	-13.0	29.0	-10.0	4.0	-16.0	128.27
69	-93.0	105.0	-128.0	-31.0	9.0	14.0	-19.0	14.0	125.4
70	-118.0	-68.0	73.0	-22.0	14.0	42.0	-41.0	50.0	115.56
71	94.0	74.0	8.0	4.0	20.0	-39.0	15.0	-27.0	120.71
72	-66.0	-62.0	12.0	-1.0	-7.0	-15.0	-44.0	56.0	121.11
73	125.0	114.0	-13.0	63.0	-22.0	-103.0	49.0	115.0	105.62
74	127.0	61.0	14.0	127.0	2.0	11.0	-3.0	-11.0	125.29
75	-81.0	-128.0	-114.0	54.0	-34.0	41.0	-4.0	34.0	124.37
76	-94.0	-11.0	-34.0	-10.0	10.0	22.0	8.0	-82.0	128.27
77	32.0	-104.0	-7.0	15.0	15.0	-5.0	119.0	-23.0	126.63
78	78.0	-128.0	66.0	8.0	28.0	-112.0	11.0	42.0	122.35
79	-79.0	4.0	63.0	80.0	4.0	-17.0	15.0	14.0	120.71
80	24.0	83.0	16.0	91.0	-29.0	3.0	-5.0	28.0	115.2
81	127.0	74.0	-128.0	-10.0	-18.0	-29.0	-13.0	16.0	99.07
82	-21.0	96.0	24.0	-128.0	-34.0	-2.0	-5.0	18.0	115.2
83	4.0	-24.0	86.0	52.0	26.0	74.0	-17.0	-20.0	97.15
84	109.0	-40.0	28.0	50.0	20.0	36.0	-27.0	84.0	97.75
85	101.0	127.0	-60.0	-7.0	-20.0	18.0	-2.0	25.0	103.8
86	39.0	-54.0	-76.0	-22.0	-6.0	7.0	-102.0	-80.0	93.12
