0	-93.0	127.0	95.0	15.0	6.0	-6.0	-29.0	28.0	94.61
1	28.0	18.0	-30.0	24.0	-10.0	7.0	-24.0	-24.0	87.12
2	36.0	88.0	-47.0	-11.0	-6.0	-4.0	-4.0	16.0	72.95
3	127.0	19.0	-52.0	-16.0	0.0	-12.0	-10.0	75.0	70.34
4	-94.0	-36.0	-111.0	-31.0	1.0	30.0	7.0	-32.0	67.37
5	-8.0	-92.0	32.0	-47.0	0.0	-4.0	-2.0	-17.0	67.15
6	127.0	92.0	-2.0	29.0	-9.0	6.0	-6.0	99.0	60.17
7	-101.0	-44.0	127.0	9.0	0.0	-11.0	7.0	11.0	57.73
8	-25.0	-91.0	-96.0	-29.0	-3.0	3.0	-16.0	15.0	55.85
9	34.0	127.0	94.0	-18.0	9.0	19.0	-19.0	-6.0	58.65
10	93.0	-128.0	-128.0	-11.0	-1.0	-7.0	2.0	21.0	57.73
11	-82.0	75.0	-14.0	37.0	-3.0	2.0	2.0	30.0	62.12
12	107.0	17.0	106.0	-47.0	1.0	7.0	6.0	-44.0	56.68
13	51.0	22.0	-47.0	102.0	-12.0	-15.0	-76.0	5.0	58.46
14	-37.0	-69.0	38.0	-29.0	0.0	-8.0	7.0	12.0	54.81
15	92.0	31.0	104.0	68.0	5.0	-18.0	-4.0	38.0	54.14
16	9.0	4.0	42.0	-35.0	5.0	11.0	13.0	-50.0	55.85
17	-55.0	-98.0	52.0	-122.0	7.0	13.0	-38.0	-21.0	54.14
18	127.0	-128.0	13.0	18.0	-1.0	-16.0	-8.0	-14.0	55.21
19	-28.0	18.0	54.0	-17.0	-5.0	-2.0	-6.0	-2.0	58.65
20	-69.0	-91.0	16.0	-17.0	6.0	6.0	-4.0	-16.0	60.17
21	10.0	78.0	65.0	34.0	10.0	-10.0	-13.0	-1.0	63.27
22	9.0	-7.0	40.0	-70.0	-12.0	7.0	0.0	-11.0	62.41
23	127.0	-86.0	-75.0	37.0	1.0	-22.0	19.0	12.0	62.41
24	-128.0	7.0	105.0	-11.0	-10.0	-25.0	-22.0	65.0	90.3
25	-60.0	56.0	37.0	62.0	3.0	-2.0	-25.0	38.0	69.94
26	108.0	-65.0	-42.0	78.0	10.0	2.0	13.0	-112.0	87.12
27	-125.0	-73.0	34.0	22.0	-22.0	-24.0	-6.0	-28.0	70.34
28	-111.0	77.0	-95.0	8.0	13.0	-1.0	-10.0	17.0	65.96
29	-87.0	43.0	-119.0	-5.0	-7.0	-8.0	11.0	27.0	72.95
30	34.0	-83.0	-8.0	8.0	-2.0	-34.0	-8.0	-3.0	93.44
31	127.0	2.0	-9.0	54.0	-13.0	14.0	-8.0	-27.0	102.05
32	38.0	-5.0	-29.0	21.0	-4.0	-4.0	7.0	41.0	91.22
33	127.0	-51.0	53.0	66.0	11.0	2.0	-18.0	-104.0	70.04
34	45.0	46.0	40.0	54.0	0.0	-2.0	24.0	-12.0	67.58
35	-66.0	4.0	-112.0	13.0	-16.0	-22.0	7.0	-14.0	67.58
36	66.0	-88.0	51.0	15.0	7.0	5.0	4.0	24.0	93.29
37	-100.0	92.0	59.0	27.0	26.0	5.0	-6.0	-43.0	91.22
38	-105.0	35.0	58.0	-53.0	-33.0	11.0	21.0	-37.0	94.61
39	87.0	-84.0	-102.0	36.0	-5.0	6.0	-82.0	5.0	93.29
40	-10.0	50.0	60.0	3.0	11.0	-12.0	-25.0	31.0	94.76
41	17.0	22.0	-71.0	17.0	-9.0	-5.0	9.0	32.0	99.58
42	-58.0	70.0	-3.0	-7.0	-1.0	-10.0	-7.0	84.0	102.41
43	37.0	12.0	-41.0	0.0	6.0	3.0	-5.0	-13.0	106.17
44	-55.0	-23.0	68.0	-10.0	-11.0	34.0	33.0	-34.0	107.85
45	-41.0	53.0	15.0	-19.0	-6.0	2.0	12.0	58.0	106.79
46	-64.0	-47.0	93.0	-53.0	11.0	-25.0	12.0	-13.0	113.78
47	57.0	-126.0	-13.0	-114.0	20.0	-4.0	6.0	44.0	113.31
48	-80.0	56.0	-97.0	78.0	4.0	0.0	6.0	24.0	119.05
49	-33.0	127.0	-24.0	-4.0	-15.0	1.0	23.0	-19.0	127.91
50	26.0	34.0	30.0	-20.0	-17.0	11.0	7.0	5.0	135.39
51	-96.0	127.0	-34.0	28.0	19.0	-15.0	-1.0	49.0	130.78
52	-69.0	-62.0	34.0	-54.0	3.0	-1.0	-11.0	-6.0	137.21
53	29.0	64.0	40.0	-59.0	12.0	21.0	15.0	7.0	133.03
54	113.0	54.0	-79.0	47.0	5.0	-18.0	-7.0	-128.0	135.48
55	-35.0	44.0	51.0	7.0	-13.0	-1.0	-20.0	-6.0	136.67
56	-92.0	-65.0	-13.0	61.0	-7.0	-9.0	-13.0	-36.0	131.57
57	28.0	-112.0	10.0	32.0	1.0	-13.0	-18.0	29.0	135.39
58	127.0	-73.0	-23.0	-7.0	3.0	-2.0	1.0	30.0	134.34
59	107.0	-66.0	37.0	27.0	17.0	-10.0	-5.0	-35.0	137.51
60	-43.0	-128.0	-100.0	25.0	5.0	-10.0	-17.0	-4.0	137.89
61	113.0	-24.0	62.0	-27.0	-9.0	5.0	-5.0	6.0	137.89
62	-62.0	-128.0	-39.0	-7.0	-13.0	16.0	0.0	6.0	138.0
63	127.0	113.0	87.0	27.0	2.0	-2.0	-16.0	12.0	137.95
64	67.0	79.0	99.0	-102.0	28.0	-8.0	22.0	35.0	137.51
65	-94.0	-116.0	16.0	53.0	3.0	10.0	2.0	86.0	136.67
66	53.0	0.0	46.0	3.0	-12.0	-4.0	-4.0	49.0	131.57
67	-20.0	-92.0	88.0	-41.0	-26.0	14.0	4.0	10.0	133.03
68	126.0	-84.0	-23.0	50.0	-1.0	-9.0	0.0	-45.0	123.52
69	53.0	6.0	-40.0	16.0	6.0	7.0	8.0	22.0	109.1
70	127.0	27.0	-5.0	87.0	-7.0	-11.0	-10.0	3.0	109.04
71	-128.0	31.0	39.0	41.0	-25.0	-7.0	-3.0	9.0	107.85
72	66.0	68.0	12.0	10.0	-3.0	0.0	2.0	-25.0	115.91
73	-59.0	-32.0	-112.0	73.0	-3.0	-14.0	-4.0	18.0	124.19
74	-128.0	95.0	78.0	16.0	-13.0	9.0	-15.0	-18.0	124.19
75	87.0	-40.0	2.0	-6.0	-8.0	-2.0	8.0	-81.0	128.96
76	-83.0	90.0	45.0	17.0	-2.0	-11.0	-20.0	-9.0	128.96
77	1.0	-128.0	-38.0	-35.0	-16.0	-7.0	21.0	8.0	126.04
78	59.0	-128.0	85.0	-29.0	-6.0	6.0	-66.0	37.0	123.52
79	-23.0	127.0	0.0	16.0	-23.0	4.0	-8.0	58.0	111.62
80	88.0	-39.0	-36.0	4.0	8.0	-17.0	-29.0	27.0	109.1
81	-12.0	-54.0	23.0	-128.0	6.0	18.0	2.0	-68.0	113.78
82	-67.0	114.0	-71.0	127.0	-6.0	7.0	-26.0	32.0	106.73
83	-4.0	-22.0	67.0	-21.0	16.0	-3.0	1.0	-7.0	106.73
84	88.0	-123.0	-39.0	50.0	-17.0	-13.0	-15.0	-23.0	104.05
85	108.0	-128.0	50.0	62.0	-3.0	1.0	-17.0	-18.0	104.58
86	-83.0	-103.0	31.0	-20.0	12.0	5.0	-19.0	23.0	104.58
87	-93.0	-70.0	12.0	34.0	-10.0	1.0	9.0	-26.0	102.05
