0	-90.0	-2.0	13.0	82.0	0.0	29.0	77.0	29.0	109.21
1	-15.0	115.0	-18.0	13.0	38.0	12.0	127.0	80.0	115.0
2	124.0	-37.0	-33.0	-30.0	18.0	1.0	-118.0	-87.0	117.26
3	-20.0	-31.0	92.0	-29.0	-16.0	31.0	-120.0	-18.0	131.58
4	-30.0	34.0	-88.0	34.0	-101.0	19.0	-82.0	33.0	137.57
5	-58.0	3.0	6.0	76.0	2.0	48.0	15.0	-7.0	125.49
6	-78.0	126.0	44.0	-64.0	33.0	-128.0	28.0	-1.0	126.12
7	127.0	55.0	3.0	45.0	26.0	-1.0	66.0	-4.0	133.54
8	41.0	8.0	-128.0	-4.0	-10.0	29.0	69.0	14.0	141.82
9	-73.0	68.0	48.0	-5.0	-22.0	5.0	-43.0	-64.0	145.33
10	-15.0	-21.0	10.0	-29.0	43.0	66.0	26.0	-47.0	145.82
11	85.0	-46.0	-54.0	-7.0	13.0	-6.0	-82.0	-15.0	146.21
12	21.0	-47.0	33.0	24.0	-8.0	80.0	-76.0	-1.0	146.41
13	-71.0	31.0	-128.0	-29.0	6.0	14.0	-45.0	127.0	146.41
14	117.0	-128.0	18.0	-76.0	-6.0	-13.0	-65.0	-52.0	143.92
15	96.0	-7.0	32.0	-95.0	-15.0	43.0	101.0	-35.0	146.31
16	98.0	19.0	12.0	1.0	-18.0	-6.0	-61.0	64.0	145.82
17	-128.0	84.0	-24.0	7.0	-10.0	-19.0	49.0	-37.0	139.62
18	81.0	97.0	-52.0	2.0	-15.0	25.0	66.0	-4.0	143.88
19	-54.0	-56.0	47.0	-57.0	-6.0	10.0	-20.0	16.0	132.68
20	116.0	59.0	84.0	-33.0	12.0	32.0	-31.0	18.0	120.42
21	-98.0	108.0	-25.0	24.0	-29.0	-55.0	-4.0	-80.0	129.58
22	8.0	-120.0	19.0	11.0	-16.0	0.0	-73.0	-52.0	128.52
23	-98.0	2.0	12.0	-20.0	5.0	-5.0	-11.0	27.0	122.68
24	23.0	60.0	110.0	-10.0	-15.0	8.0	40.0	78.0	123.87
25	100.0	91.0	-25.0	-6.0	-9.0	0.0	21.0	-21.0	132.68
26	-73.0	-78.0	-88.0	-33.0	25.0	57.0	-83.0	4.0	140.99
27	126.0	-33.0	34.0	14.0	-16.0	-5.0	-118.0	50.0	137.76
28	-91.0	105.0	65.0	4.0	9.0	7.0	81.0	5.0	137.76
29	48.0	4.0	-20.0	-69.0	-4.0	-8.0	-42.0	-105.0	143.88
30	-74.0	-42.0	40.0	0.0	29.0	-46.0	-19.0	27.0	140.99
31	6.0	-94.0	-2.0	-6.0	-8.0	26.0	85.0	-7.0	133.54
32	85.0	102.0	-111.0	-38.0	11.0	15.0	5.0	-25.0	135.6
33	107.0	-128.0	-95.0	20.0	5.0	57.0	51.0	-16.0	123.87
34	98.0	87.0	84.0	-10.0	24.0	3.0	3.0	-6.0	127.34
35	102.0	39.0	-52.0	23.0	3.0	-5.0	-77.0	-7.0	126.98
36	9.0	115.0	-46.0	-5.0	-4.0	-6.0	48.0	-12.0	118.65
37	-29.0	-76.0	6.0	-15.0	23.0	127.0	-66.0	-45.0	117.26
38	10.0	-43.0	-10.0	26.0	7.0	-78.0	-1.0	-72.0	116.67
39	-96.0	0.0	-18.0	-28.0	-6.0	-13.0	40.0	101.0	109.21
40	123.0	-91.0	-68.0	31.0	39.0	-5.0	-128.0	-10.0	113.64
41	30.0	-128.0	-14.0	-22.0	-24.0	-47.0	75.0	7.0	113.64
42	-110.0	127.0	30.0	-44.0	-11.0	-1.0	103.0	6.0	118.65
43	35.0	127.0	37.0	-128.0	8.0	11.0	-78.0	10.0	111.2
44	29.0	-28.0	-71.0	2.0	-6.0	30.0	87.0	18.0	108.23
45	15.0	-89.0	-56.0	20.0	7.0	32.0	69.0	23.0	105.35
46	-104.0	127.0	-11.0	-1.0	-3.0	-30.0	17.0	-19.0	101.4
47	-5.0	10.0	-80.0	-6.0	3.0	17.0	-89.0	-15.0	103.59
48	127.0	56.0	-15.0	-106.0	0.0	-47.0	100.0	-80.0	100.48
49	30.0	92.0	-7.0	50.0	14.0	7.0	-88.0	27.0	93.18
50	40.0	-89.0	0.0	16.0	-4.0	43.0	2.0	25.0	82.01
51	127.0	80.0	44.0	-57.0	-16.0	-3.0	58.0	7.0	93.0
52	25.0	-128.0	6.0	-6.0	-7.0	5.0	-7.0	8.0	92.83
53	-13.0	127.0	-12.0	-21.0	38.0	3.0	86.0	74.0	65.42
54	105.0	-36.0	-27.0	-84.0	-9.0	-7.0	-125.0	7.0	68.28
55	127.0	27.0	95.0	-42.0	14.0	40.0	-21.0	-59.0	65.27
56	-96.0	62.0	49.0	-22.0	7.0	-39.0	91.0	7.0	69.31
57	107.0	17.0	-112.0	41.0	8.0	46.0	-3.0	-42.0	65.27
58	-51.0	64.0	26.0	-74.0	-11.0	25.0	33.0	-16.0	50.15
59	-45.0	45.0	-83.0	33.0	4.0	-44.0	-118.0	23.0	43.38
60	107.0	8.0	-5.0	-18.0	-11.0	16.0	-57.0	11.0	41.77
61	48.0	-100.0	-8.0	-31.0	8.0	-12.0	-10.0	-15.0	41.76
62	127.0	-114.0	48.0	-14.0	31.0	20.0	-21.0	-12.0	41.77
63	76.0	20.0	127.0	-10.0	-5.0	-57.0	-78.0	-19.0	44.86
64	3.0	-87.0	-8.0	-14.0	-27.0	17.0	13.0	8.0	42.41
65	-128.0	-36.0	-15.0	-20.0	3.0	8.0	-2.0	32.0	44.86
66	127.0	21.0	25.0	-23.0	-12.0	13.0	15.0	29.0	50.15
67	-12.0	-99.0	116.0	-10.0	48.0	22.0	-40.0	-13.0	64.49
68	26.0	80.0	-8.0	-14.0	-49.0	-13.0	114.0	73.0	68.28
69	-30.0	-41.0	0.0	31.0	-24.0	31.0	46.0	2.0	69.95
70	-28.0	43.0	-26.0	8.0	-11.0	-57.0	-71.0	127.0	71.81
71	52.0	127.0	0.0	8.0	-43.0	-1.0	-2.0	-2.0	71.81
72	-76.0	-44.0	81.0	-128.0	24.0	-41.0	-80.0	85.0	93.18
73	9.0	-27.0	-36.0	-2.0	5.0	-8.0	127.0	-9.0	98.87
74	102.0	-8.0	-99.0	93.0	8.0	52.0	12.0	0.0	99.52
75	-59.0	-115.0	-3.0	-5.0	8.0	-68.0	4.0	-25.0	99.58
76	-92.0	-86.0	14.0	-13.0	44.0	-1.0	-14.0	-36.0	94.04
77	63.0	127.0	-128.0	11.0	-12.0	15.0	-43.0	9.0	97.27
78	90.0	127.0	3.0	91.0	21.0	-9.0	-48.0	7.0	94.04
79	-87.0	-91.0	15.0	-6.0	-23.0	-20.0	32.0	-9.0	99.58
80	-47.0	42.0	-59.0	31.0	-5.0	-53.0	-53.0	40.0	98.76
81	-110.0	50.0	-5.0	-6.0	-6.0	-10.0	-8.0	-36.0	99.33
82	84.0	6.0	-3.0	-31.0	3.0	26.0	-88.0	38.0	99.33
83	-9.0	5.0	-103.0	10.0	-13.0	-26.0	58.0	-9.0	100.48
