0	-14.0	6.0	-19.0	14.0	15.0	10.0	0.0	-9.0	120.3
1	-31.0	-58.0	-68.0	16.0	3.0	-16.0	12.0	-23.0	120.16
2	68.0	86.0	-84.0	7.0	15.0	-6.0	6.0	72.0	124.34
3	-21.0	63.0	-27.0	-36.0	3.0	4.0	-11.0	2.0	121.98
4	-128.0	-46.0	-5.0	-17.0	16.0	-1.0	-15.0	41.0	124.41
5	49.0	-128.0	-5.0	8.0	3.0	-7.0	-16.0	-33.0	121.0
6	-85.0	32.0	-6.0	-66.0	5.0	-22.0	26.0	37.0	124.41
7	115.0	46.0	38.0	41.0	0.0	-3.0	-1.0	3.0	121.0
8	-56.0	80.0	16.0	-43.0	15.0	13.0	-2.0	7.0	120.32
9	-74.0	127.0	-38.0	14.0	4.0	-21.0	40.0	7.0	120.16
10	-5.0	1.0	-114.0	37.0	-11.0	2.0	-16.0	13.0	119.39
11	5.0	32.0	66.0	-14.0	-13.0	-4.0	-9.0	-15.0	117.22
12	-1.0	107.0	-27.0	-10.0	-5.0	34.0	1.0	-23.0	115.88
13	-113.0	-51.0	73.0	22.0	-6.0	-7.0	-27.0	-11.0	112.81
14	10.0	37.0	-39.0	-20.0	-15.0	5.0	7.0	15.0	107.11
15	-87.0	-21.0	42.0	36.0	12.0	26.0	16.0	15.0	112.81
16	99.0	-85.0	-77.0	-70.0	-1.0	16.0	37.0	-51.0	110.83
17	-120.0	60.0	-8.0	-15.0	30.0	-11.0	37.0	32.0	114.01
18	-107.0	72.0	9.0	43.0	30.0	4.0	-28.0	-6.0	97.61
19	-16.0	-120.0	-1.0	-30.0	7.0	12.0	8.0	49.0	88.75
20	49.0	-102.0	-5.0	0.0	5.0	-12.0	-18.0	-37.0	99.83
21	95.0	-103.0	38.0	-30.0	-10.0	-1.0	21.0	-30.0	103.92
22	45.0	127.0	10.0	28.0	11.0	-3.0	-10.0	-18.0	88.75
23	-38.0	-76.0	-128.0	-64.0	9.0	3.0	-10.0	47.0	76.98
24	57.0	30.0	61.0	0.0	13.0	16.0	-6.0	34.0	70.63
25	-69.0	111.0	-29.0	-65.0	-2.0	10.0	-16.0	-12.0	80.78
26	48.0	-92.0	11.0	17.0	10.0	22.0	17.0	-48.0	83.01
27	111.0	-34.0	-50.0	10.0	19.0	-24.0	-4.0	-3.0	87.61
28	-26.0	-9.0	32.0	11.0	4.0	10.0	0.0	81.0	70.63
29	-4.0	-34.0	37.0	9.0	-1.0	-3.0	-8.0	-5.0	65.94
30	-32.0	-128.0	120.0	31.0	-10.0	9.0	4.0	-5.0	68.13
31	74.0	91.0	-94.0	24.0	-1.0	3.0	-8.0	2.0	80.78
32	25.0	-92.0	-37.0	0.0	7.0	5.0	24.0	-33.0	72.78
33	88.0	-94.0	-24.0	19.0	-3.0	29.0	7.0	-23.0	62.62
34	38.0	93.0	-49.0	-17.0	2.0	-4.0	-6.0	22.0	49.31
35	-128.0	6.0	-24.0	54.0	15.0	1.0	-8.0	25.0	51.73
36	-9.0	41.0	-65.0	-36.0	-8.0	-28.0	-9.0	7.0	55.25
37	-37.0	1.0	87.0	-4.0	-3.0	1.0	-1.0	7.0	47.82
38	-85.0	-9.0	27.0	-13.0	-10.0	22.0	16.0	-20.0	47.87
39	26.0	6.0	125.0	-9.0	20.0	14.0	-4.0	-3.0	39.98
40	-20.0	58.0	-32.0	-1.0	10.0	5.0	1.0	16.0	42.42
41	-1.0	-84.0	108.0	-1.0	1.0	-7.0	-10.0	-23.0	46.12
42	88.0	-112.0	-46.0	8.0	6.0	-12.0	-3.0	6.0	54.33
43	48.0	112.0	-11.0	0.0	0.0	-12.0	-3.0	-31.0	47.87
44	106.0	36.0	-42.0	25.0	-28.0	8.0	-15.0	30.0	54.06
45	-128.0	41.0	-2.0	-39.0	-3.0	9.0	5.0	88.0	42.79
46	-68.0	-105.0	-2.0	2.0	-10.0	-3.0	-7.0	-55.0	42.42
47	86.0	-29.0	37.0	-31.0	-8.0	7.0	-4.0	38.0	37.72
48	49.0	-39.0	76.0	-33.0	-11.0	18.0	-11.0	42.0	37.72
49	69.0	55.0	6.0	5.0	7.0	-2.0	5.0	-42.0	38.54
50	-128.0	58.0	-42.0	-18.0	-2.0	27.0	17.0	0.0	39.13
51	62.0	-55.0	-40.0	5.0	-8.0	-1.0	2.0	11.0	57.0
52	-40.0	33.0	102.0	-28.0	18.0	5.0	-10.0	24.0	55.25
53	67.0	103.0	-11.0	-55.0	16.0	0.0	-16.0	21.0	56.31
54	63.0	-47.0	-69.0	-22.0	-3.0	-5.0	12.0	-65.0	58.18
55	66.0	-6.0	-1.0	1.0	28.0	-12.0	19.0	-6.0	65.94
56	-16.0	11.0	-46.0	35.0	-12.0	2.0	-12.0	17.0	64.82
57	-93.0	-14.0	92.0	17.0	21.0	19.0	23.0	75.0	62.62
58	12.0	22.0	27.0	-15.0	-23.0	-17.0	5.0	3.0	57.0
59	-17.0	72.0	10.0	5.0	-20.0	27.0	24.0	-2.0	64.82
60	96.0	-46.0	-29.0	-72.0	18.0	13.0	2.0	-45.0	61.11
61	23.0	-35.0	-29.0	37.0	-1.0	8.0	7.0	3.0	65.17
62	28.0	-27.0	1.0	-5.0	28.0	0.0	0.0	37.0	76.37
63	-5.0	127.0	45.0	8.0	-22.0	-1.0	4.0	-37.0	68.85
64	48.0	27.0	-50.0	17.0	42.0	2.0	2.0	-41.0	79.13
65	18.0	-72.0	11.0	9.0	3.0	17.0	-11.0	9.0	72.82
66	-128.0	-29.0	18.0	21.0	-25.0	9.0	-5.0	-22.0	79.13
67	43.0	-11.0	-17.0	-47.0	-15.0	-2.0	-8.0	-1.0	84.25
68	-8.0	6.0	5.0	30.0	-9.0	22.0	2.0	21.0	87.61
69	93.0	74.0	36.0	-57.0	22.0	-14.0	-7.0	27.0	92.59
70	118.0	-68.0	8.0	31.0	1.0	-1.0	14.0	15.0	94.18
71	3.0	26.0	-83.0	-36.0	1.0	-6.0	-20.0	-45.0	109.66
72	-58.0	-44.0	-16.0	83.0	20.0	5.0	6.0	-5.0	99.83
73	-95.0	123.0	-18.0	-22.0	-2.0	-9.0	2.0	23.0	109.66
74	-20.0	58.0	59.0	38.0	-23.0	-7.0	1.0	20.0	112.68
75	109.0	-98.0	-39.0	-15.0	-13.0	4.0	8.0	20.0	114.01
76	4.0	25.0	-13.0	-24.0	32.0	-3.0	2.0	1.0	114.53
77	28.0	21.0	13.0	-16.0	-5.0	9.0	-23.0	18.0	117.22
78	-45.0	12.0	-2.0	20.0	3.0	13.0	-26.0	23.0	118.55
79	15.0	18.0	10.0	127.0	-18.0	1.0	-1.0	-2.0	117.35
80	-13.0	-54.0	46.0	4.0	7.0	-2.0	-4.0	10.0	119.53
81	127.0	-27.0	41.0	104.0	10.0	-17.0	-17.0	-27.0	119.53
