0	61.0	127.0	92.0	33.0	11.0	-15.0	-5.0	0.0	76.12
1	-101.0	-57.0	32.0	-36.0	6.0	3.0	0.0	-16.0	76.12
2	19.0	127.0	-128.0	75.0	-13.0	-16.0	-16.0	-33.0	83.24
3	103.0	69.0	-67.0	-35.0	6.0	-16.0	-20.0	2.0	78.27
4	-128.0	-81.0	-109.0	100.0	21.0	20.0	11.0	-12.0	76.47
5	10.0	58.0	-75.0	-94.0	15.0	-6.0	11.0	36.0	77.46
6	52.0	-35.0	-82.0	-47.0	1.0	-6.0	-3.0	-47.0	75.67
7	-128.0	-128.0	4.0	-19.0	-5.0	12.0	-14.0	-1.0	77.27
8	73.0	83.0	57.0	2.0	-1.0	15.0	-6.0	25.0	78.27
9	127.0	-14.0	23.0	-8.0	1.0	-3.0	0.0	-2.0	93.36
10	127.0	65.0	-15.0	-54.0	-9.0	13.0	10.0	20.0	77.27
11	-78.0	-119.0	12.0	30.0	10.0	-14.0	-11.0	-8.0	102.32
12	11.0	-97.0	19.0	-74.0	-13.0	-11.0	-6.0	8.0	101.23
13	-97.0	57.0	-3.0	-16.0	-4.0	-2.0	5.0	-7.0	77.06
14	-99.0	106.0	-90.0	-88.0	3.0	11.0	5.0	-28.0	102.25
15	38.0	-44.0	-49.0	30.0	-12.0	-9.0	-21.0	-51.0	106.69
16	116.0	-128.0	-53.0	8.0	-20.0	11.0	3.0	-28.0	106.52
17	-20.0	-67.0	86.0	-9.0	6.0	4.0	-3.0	18.0	107.25
18	79.0	68.0	91.0	7.0	-20.0	-34.0	-2.0	36.0	110.95
19	74.0	90.0	-48.0	-9.0	1.0	12.0	-7.0	-8.0	106.65
20	99.0	-75.0	89.0	20.0	27.0	12.0	0.0	102.0	112.78
21	-125.0	-7.0	-10.0	-27.0	-11.0	15.0	-8.0	-67.0	107.75
22	-13.0	69.0	-65.0	127.0	14.0	-3.0	-2.0	-29.0	113.67
23	75.0	-107.0	37.0	6.0	-9.0	-18.0	8.0	-70.0	120.06
24	50.0	5.0	2.0	37.0	-2.0	9.0	-12.0	-120.0	125.28
25	21.0	-41.0	-56.0	-128.0	-1.0	-5.0	-1.0	33.0	127.44
26	93.0	46.0	-78.0	-98.0	3.0	-26.0	-1.0	5.0	126.32
27	-55.0	71.0	-116.0	2.0	-15.0	5.0	-3.0	22.0	131.76
28	52.0	28.0	37.0	37.0	7.0	-10.0	-10.0	37.0	134.64
29	11.0	79.0	-2.0	-21.0	-13.0	-5.0	11.0	15.0	129.25
30	-128.0	127.0	20.0	127.0	21.0	10.0	0.0	-32.0	131.69
31	-9.0	-12.0	38.0	-26.0	4.0	-7.0	-8.0	5.0	127.95
32	-66.0	92.0	-128.0	16.0	2.0	-17.0	5.0	13.0	134.77
33	-60.0	-66.0	11.0	-31.0	-3.0	-6.0	-22.0	-7.0	134.74
34	-114.0	127.0	-128.0	-21.0	-6.0	-10.0	-1.0	32.0	136.57
35	-74.0	-94.0	-61.0	24.0	7.0	10.0	6.0	-55.0	135.22
36	-9.0	-9.0	16.0	-48.0	8.0	5.0	1.0	33.0	136.52
37	62.0	-119.0	121.0	1.0	-15.0	23.0	-5.0	-4.0	131.18
38	-53.0	80.0	-36.0	114.0	9.0	6.0	8.0	-64.0	136.52
39	-70.0	121.0	-85.0	-61.0	-15.0	-17.0	-20.0	59.0	136.05
40	-6.0	63.0	127.0	99.0	23.0	26.0	-14.0	-47.0	136.01
41	-128.0	-111.0	-33.0	-41.0	-4.0	-33.0	-6.0	-12.0	136.01
42	-128.0	90.0	14.0	62.0	7.0	-11.0	-4.0	-2.0	134.74
43	77.0	-128.0	-128.0	-42.0	6.0	9.0	2.0	-62.0	129.25
44	-121.0	100.0	23.0	-97.0	-3.0	-11.0	-11.0	9.0	125.28
45	122.0	-19.0	-41.0	-22.0	-15.0	-2.0	7.0	-22.0	127.95
46	-99.0	-128.0	-17.0	-9.0	-6.0	32.0	2.0	-53.0	123.83
47	31.0	-109.0	29.0	28.0	4.0	-22.0	0.0	-10.0	122.22
48	111.0	89.0	40.0	-86.0	-3.0	2.0	-14.0	55.0	119.32
49	57.0	-83.0	-59.0	25.0	15.0	-11.0	-11.0	3.0	118.07
50	-66.0	-128.0	21.0	30.0	-4.0	-15.0	14.0	-94.0	113.67
51	-102.0	75.0	-119.0	-11.0	-11.0	-18.0	-3.0	-39.0	109.01
52	-93.0	-5.0	-1.0	-25.0	-15.0	11.0	22.0	-58.0	115.42
53	108.0	-53.0	16.0	99.0	-17.0	4.0	23.0	11.0	124.07
54	6.0	97.0	-15.0	-40.0	0.0	-5.0	-15.0	-57.0	119.32
55	-128.0	9.0	-7.0	-3.0	1.0	2.0	4.0	33.0	126.38
56	83.0	40.0	94.0	-104.0	2.0	-4.0	-10.0	54.0	120.06
57	101.0	-18.0	-86.0	-6.0	-11.0	23.0	-6.0	37.0	109.01
58	17.0	-21.0	114.0	7.0	9.0	-12.0	-2.0	22.0	109.22
59	-128.0	0.0	-128.0	5.0	3.0	-15.0	9.0	-95.0	111.98
60	-121.0	26.0	-91.0	13.0	-23.0	6.0	-1.0	-33.0	101.61
61	0.0	-21.0	-97.0	-81.0	15.0	8.0	30.0	36.0	83.24
62	52.0	-21.0	56.0	12.0	-8.0	7.0	-18.0	-2.0	74.72
63	-28.0	-116.0	106.0	13.0	-7.0	19.0	16.0	36.0	76.02
64	127.0	-10.0	-18.0	17.0	5.0	1.0	-4.0	6.0	72.37
65	123.0	-67.0	122.0	-57.0	7.0	1.0	-13.0	-2.0	75.27
66	127.0	27.0	-33.0	6.0	-7.0	1.0	4.0	-5.0	75.42
67	-128.0	85.0	127.0	17.0	10.0	-4.0	16.0	-24.0	73.96
68	-48.0	68.0	10.0	-33.0	-4.0	17.0	-7.0	-40.0	72.37
69	107.0	-123.0	30.0	-128.0	-22.0	10.0	-29.0	-14.0	73.96
70	97.0	123.0	40.0	80.0	16.0	-11.0	0.0	-25.0	75.67
71	-18.0	-85.0	34.0	-17.0	8.0	-7.0	-1.0	4.0	73.25
72	127.0	-128.0	7.0	-25.0	-1.0	-8.0	-3.0	-78.0	74.86
73	9.0	119.0	-128.0	44.0	8.0	26.0	-8.0	41.0	85.94
74	-128.0	-114.0	-8.0	38.0	-3.0	-18.0	26.0	-56.0	101.23
75	4.0	-4.0	-31.0	46.0	-2.0	22.0	-3.0	-46.0	106.65
76	-128.0	37.0	-100.0	78.0	-9.0	-21.0	6.0	18.0	103.87
77	49.0	-35.0	-52.0	12.0	0.0	-6.0	1.0	-86.0	102.32
78	48.0	-69.0	23.0	-28.0	9.0	15.0	-1.0	-48.0	106.52
79	14.0	-128.0	-52.0	127.0	19.0	3.0	-1.0	-16.0	103.86
80	90.0	61.0	127.0	21.0	-16.0	-3.0	13.0	69.0	85.94
81	35.0	-62.0	-68.0	-22.0	0.0	3.0	-11.0	-85.0	73.25
82	-1.0	12.0	-22.0	-38.0	-13.0	0.0	5.0	-29.0	72.77
