0	-26.0	63.0	3.0	0.0	-19.0	-23.0	-13.0	-11.0	60.36
1	-119.0	-3.0	-46.0	-19.0	27.0	-22.0	-70.0	108.0	31.72
2	113.0	7.0	-18.0	-90.0	-7.0	-9.0	-47.0	-42.0	31.71
3	-89.0	-96.0	1.0	-17.0	-4.0	9.0	27.0	105.0	43.78
4	36.0	16.0	52.0	-49.0	9.0	-7.0	12.0	-8.0	49.38
5	-49.0	25.0	78.0	-6.0	10.0	-3.0	-95.0	-10.0	35.33
6	56.0	-99.0	0.0	-13.0	-18.0	4.0	66.0	71.0	30.79
7	127.0	123.0	1.0	73.0	-15.0	-10.0	-2.0	0.0	41.36
8	-68.0	30.0	-30.0	21.0	11.0	45.0	-11.0	43.0	50.62
9	107.0	-91.0	64.0	-93.0	11.0	4.0	-17.0	54.0	36.95
10	33.0	80.0	3.0	31.0	-30.0	4.0	2.0	24.0	49.38
11	-128.0	17.0	-127.0	18.0	17.0	27.0	2.0	-20.0	41.41
12	127.0	-23.0	11.0	-24.0	-6.0	6.0	-1.0	-116.0	31.72
13	-52.0	-32.0	-128.0	-9.0	9.0	-16.0	61.0	111.0	39.21
14	127.0	-104.0	-56.0	5.0	-8.0	22.0	-24.0	-51.0	31.49
15	26.0	127.0	-27.0	-4.0	28.0	18.0	-12.0	-57.0	30.79
16	-114.0	-87.0	-12.0	3.0	-11.0	-5.0	-4.0	29.0	30.36
17	42.0	-55.0	-95.0	7.0	5.0	-31.0	12.0	-89.0	30.69
18	-128.0	38.0	85.0	2.0	-63.0	4.0	8.0	93.0	61.77
19	65.0	-107.0	0.0	-7.0	16.0	-5.0	-8.0	-14.0	74.65
20	-7.0	-10.0	-68.0	6.0	36.0	21.0	-15.0	21.0	76.3
21	-112.0	54.0	81.0	-5.0	-19.0	5.0	-29.0	44.0	73.55
22	66.0	127.0	-30.0	-128.0	-14.0	-20.0	28.0	-18.0	82.65
23	51.0	-33.0	102.0	15.0	4.0	-10.0	-9.0	-20.0	80.72
24	-24.0	-28.0	-128.0	-74.0	-3.0	36.0	5.0	1.0	83.32
25	-51.0	-27.0	57.0	-12.0	3.0	-24.0	6.0	-11.0	89.78
26	34.0	22.0	-54.0	13.0	-18.0	25.0	1.0	-42.0	101.33
27	127.0	56.0	83.0	6.0	28.0	4.0	27.0	28.0	111.98
28	-48.0	-60.0	-39.0	-111.0	9.0	4.0	-11.0	-32.0	88.08
29	127.0	-73.0	-25.0	16.0	18.0	-5.0	-36.0	15.0	87.71
30	-10.0	-47.0	-36.0	116.0	-1.0	-24.0	108.0	-5.0	89.78
31	57.0	-22.0	30.0	7.0	0.0	-6.0	12.0	-54.0	106.11
32	-67.0	87.0	-32.0	-19.0	-7.0	8.0	-31.0	7.0	94.79
33	-128.0	-119.0	44.0	4.0	29.0	24.0	53.0	-10.0	120.4
34	-64.0	19.0	-29.0	6.0	-18.0	-42.0	-1.0	-38.0	97.1
35	104.0	90.0	6.0	-9.0	1.0	15.0	3.0	46.0	94.66
36	-55.0	68.0	-76.0	1.0	-13.0	22.0	-98.0	-20.0	104.73
37	-88.0	81.0	-56.0	-35.0	-14.0	0.0	127.0	-28.0	115.18
38	-95.0	57.0	56.0	-3.0	1.0	-40.0	-4.0	118.0	116.42
39	127.0	-75.0	-128.0	-19.0	1.0	37.0	79.0	25.0	125.12
40	44.0	-15.0	-100.0	12.0	19.0	3.0	-14.0	-38.0	111.98
41	41.0	-30.0	-11.0	-14.0	-15.0	-48.0	-2.0	-14.0	108.03
42	125.0	-66.0	-66.0	-1.0	19.0	31.0	-19.0	-60.0	125.53
43	10.0	82.0	6.0	-123.0	5.0	-43.0	-8.0	89.0	125.53
44	-51.0	45.0	77.0	73.0	-7.0	9.0	91.0	-18.0	115.18
45	56.0	-60.0	52.0	91.0	9.0	-18.0	-5.0	-10.0	125.06
46	-105.0	-66.0	15.0	2.0	-19.0	-25.0	83.0	-16.0	125.12
47	81.0	-43.0	5.0	-26.0	-7.0	16.0	-59.0	37.0	109.95
48	127.0	33.0	18.0	-31.0	4.0	18.0	-14.0	-47.0	114.75
49	125.0	-66.0	-78.0	1.0	5.0	-10.0	-47.0	8.0	125.14
50	47.0	52.0	27.0	9.0	-23.0	-26.0	22.0	-49.0	124.9
51	-4.0	-69.0	-39.0	-13.0	18.0	13.0	-65.0	-90.0	122.13
52	127.0	28.0	-26.0	16.0	-19.0	-14.0	-43.0	-15.0	125.14
53	14.0	127.0	-29.0	-32.0	-2.0	6.0	-11.0	-2.0	127.86
54	13.0	-128.0	127.0	89.0	6.0	-30.0	14.0	-67.0	127.25
55	75.0	-1.0	7.0	-16.0	15.0	7.0	102.0	-24.0	127.86
56	-80.0	-115.0	1.0	108.0	11.0	-57.0	85.0	12.0	116.42
57	127.0	127.0	19.0	-21.0	46.0	20.0	14.0	-26.0	101.42
58	93.0	23.0	-40.0	96.0	2.0	-9.0	-62.0	73.0	97.1
59	64.0	-128.0	52.0	-19.0	-36.0	12.0	10.0	61.0	94.66
60	59.0	64.0	7.0	99.0	1.0	10.0	-74.0	23.0	83.32
61	-78.0	126.0	31.0	-5.0	3.0	23.0	0.0	2.0	74.65
62	79.0	-28.0	-127.0	-34.0	-18.0	-27.0	-33.0	-11.0	73.55
63	22.0	127.0	2.0	-20.0	14.0	14.0	32.0	58.0	82.65
64	9.0	13.0	127.0	-32.0	8.0	-13.0	-84.0	-45.0	65.29
65	127.0	-43.0	-32.0	-31.0	12.0	-2.0	15.0	-3.0	64.62
66	63.0	45.0	98.0	-29.0	6.0	-11.0	16.0	-30.0	68.82
67	-44.0	15.0	-8.0	6.0	-2.0	7.0	-71.0	51.0	69.96
68	-31.0	-106.0	58.0	-25.0	-23.0	-13.0	24.0	-30.0	65.29
69	-111.0	41.0	3.0	40.0	21.0	26.0	-66.0	65.0	64.62
70	-92.0	-101.0	57.0	-22.0	-21.0	-46.0	-19.0	-51.0	50.62
71	-92.0	48.0	-56.0	14.0	9.0	17.0	2.0	-35.0	50.18
72	123.0	-63.0	-23.0	7.0	18.0	21.0	-19.0	-1.0	36.95
73	93.0	-47.0	-102.0	-8.0	-12.0	36.0	7.0	11.0	55.63
74	-114.0	-54.0	63.0	2.0	-14.0	-5.0	83.0	-33.0	50.99
75	127.0	92.0	-90.0	-128.0	2.0	-1.0	-14.0	-49.0	43.78
76	93.0	-40.0	-48.0	72.0	15.0	-21.0	6.0	-12.0	41.36
77	57.0	-123.0	-60.0	-15.0	-1.0	-2.0	2.0	28.0	31.71
78	62.0	-29.0	15.0	26.0	5.0	-33.0	-9.0	-54.0	28.65
79	72.0	-78.0	-68.0	-50.0	-5.0	28.0	-3.0	13.0	29.65
80	-62.0	-69.0	9.0	127.0	8.0	4.0	-128.0	63.0	41.17
81	48.0	-12.0	-30.0	5.0	9.0	-6.0	11.0	4.0	28.65
82	-61.0	32.0	-44.0	3.0	19.0	-6.0	29.0	-63.0	48.37
83	69.0	-69.0	50.0	17.0	-29.0	-15.0	-57.0	68.0	38.6
84	63.0	117.0	-5.0	-10.0	4.0	1.0	16.0	35.0	28.23
85	127.0	-55.0	27.0	34.0	-10.0	9.0	-8.0	39.0	39.21
86	7.0	24.0	4.0	-6.0	-39.0	18.0	9.0	-63.0	60.36
87	66.0	127.0	-60.0	18.0	3.0	-25.0	-4.0	23.0	41.17
88	9.0	23.0	-44.0	-42.0	-3.0	72.0	-23.0	-82.0	43.12
