0	-119.0	-1.0	102.0	-29.0	18.0	-3.0	-8.0	-28.0	127.25
1	104.0	87.0	-32.0	73.0	5.0	22.0	-1.0	44.0	122.13
2	47.0	-55.0	58.0	-16.0	-6.0	-15.0	79.0	-14.0	125.53
3	-10.0	-69.0	-30.0	14.0	2.0	-20.0	0.0	-89.0	116.42
4	127.0	-27.0	-39.0	-13.0	-5.0	-5.0	8.0	-15.0	127.86
5	66.0	127.0	-40.0	116.0	0.0	36.0	-11.0	-18.0	125.53
6	127.0	-66.0	-56.0	-9.0	-7.0	-46.0	-36.0	-30.0	111.98
7	125.0	-63.0	-102.0	1.0	18.0	-10.0	32.0	-47.0	94.66
8	-114.0	64.0	-11.0	91.0	-3.0	0.0	-70.0	-20.0	89.78
9	63.0	57.0	1.0	-34.0	19.0	3.0	-71.0	-14.0	83.32
10	-105.0	52.0	-44.0	-10.0	4.0	-42.0	-4.0	-33.0	101.33
11	34.0	-29.0	-5.0	-49.0	-39.0	36.0	3.0	118.0	82.65
12	107.0	127.0	27.0	6.0	9.0	8.0	29.0	-90.0	69.96
13	42.0	-28.0	57.0	-128.0	-19.0	9.0	28.0	-24.0	68.82
14	33.0	-73.0	-25.0	17.0	8.0	18.0	-65.0	15.0	64.62
15	72.0	81.0	78.0	34.0	-18.0	-24.0	6.0	-30.0	74.65
16	36.0	-106.0	63.0	-9.0	9.0	16.0	-12.0	-11.0	73.55
17	-111.0	-69.0	-48.0	16.0	-18.0	-23.0	22.0	-51.0	60.36
18	-92.0	23.0	0.0	3.0	2.0	4.0	-17.0	-2.0	60.36
19	127.0	19.0	-90.0	15.0	-7.0	-48.0	-19.0	0.0	35.33
20	79.0	-78.0	52.0	-1.0	28.0	72.0	66.0	28.0	31.71
21	-52.0	127.0	1.0	-5.0	8.0	-24.0	2.0	23.0	31.71
22	127.0	23.0	6.0	-74.0	-7.0	-27.0	-19.0	-12.0	29.65
23	64.0	-101.0	-68.0	12.0	11.0	4.0	2.0	-32.0	31.72
24	-62.0	126.0	-8.0	-21.0	3.0	12.0	1.0	-10.0	30.79
25	44.0	-119.0	-46.0	-5.0	-1.0	4.0	-66.0	93.0	28.23
26	59.0	25.0	11.0	-31.0	1.0	1.0	16.0	-42.0	28.65
27	-51.0	-10.0	-95.0	89.0	-13.0	25.0	-23.0	-63.0	30.36
28	-64.0	-128.0	-32.0	-19.0	27.0	-31.0	-8.0	105.0	28.65
29	56.0	-99.0	-128.0	108.0	-23.0	20.0	-84.0	11.0	30.69
30	26.0	45.0	7.0	-3.0	-7.0	-10.0	2.0	-38.0	50.62
31	93.0	-115.0	1.0	73.0	16.0	-5.0	-1.0	37.0	43.78
32	127.0	-30.0	-54.0	-35.0	14.0	4.0	12.0	13.0	41.17
33	-31.0	-15.0	-36.0	7.0	1.0	-13.0	16.0	24.0	50.18
34	13.0	56.0	-30.0	5.0	12.0	-13.0	-59.0	12.0	43.12
35	-7.0	92.0	-56.0	7.0	-10.0	-10.0	102.0	-51.0	41.36
36	-49.0	-43.0	15.0	-50.0	11.0	18.0	-57.0	89.0	49.38
37	62.0	-123.0	6.0	-20.0	-19.0	4.0	-2.0	-116.0	50.99
38	93.0	127.0	-18.0	-19.0	36.0	13.0	-15.0	23.0	49.38
39	69.0	-32.0	57.0	6.0	-36.0	21.0	108.0	-26.0	41.17
40	51.0	54.0	-12.0	-31.0	-2.0	-6.0	-95.0	-57.0	30.79
41	-88.0	38.0	127.0	6.0	17.0	-2.0	24.0	-60.0	38.6
42	125.0	30.0	50.0	18.0	4.0	-2.0	-14.0	-8.0	39.21
43	127.0	123.0	-60.0	7.0	-2.0	-57.0	-9.0	-18.0	41.36
44	57.0	-47.0	-78.0	-12.0	46.0	23.0	-4.0	29.0	50.62
45	57.0	41.0	7.0	40.0	-18.0	21.0	-29.0	71.0	43.78
46	-67.0	-128.0	15.0	-17.0	21.0	-11.0	2.0	-54.0	36.95
47	65.0	22.0	31.0	3.0	5.0	7.0	-43.0	8.0	41.41
48	-68.0	127.0	-76.0	-7.0	-15.0	-5.0	83.0	61.0	31.72
49	9.0	-60.0	81.0	-6.0	19.0	6.0	-11.0	-20.0	31.49
50	-48.0	-55.0	-29.0	21.0	4.0	15.0	27.0	73.0	48.37
51	56.0	-69.0	30.0	-25.0	-63.0	5.0	10.0	35.0	36.95
52	66.0	63.0	5.0	5.0	15.0	-5.0	-4.0	-10.0	39.21
53	10.0	7.0	-44.0	-93.0	11.0	-9.0	-62.0	21.0	55.63
54	-128.0	-87.0	3.0	-6.0	1.0	-22.0	-2.0	-5.0	61.77
55	63.0	-3.0	-60.0	2.0	-15.0	-14.0	-19.0	-67.0	65.29
56	-61.0	-96.0	3.0	2.0	28.0	-25.0	15.0	4.0	65.29
57	123.0	-54.0	-56.0	-32.0	-11.0	31.0	-13.0	43.0	64.62
58	22.0	68.0	-30.0	1.0	3.0	-7.0	-3.0	58.0	74.65
59	127.0	-33.0	2.0	-15.0	-12.0	-18.0	12.0	-10.0	73.55
60	41.0	13.0	77.0	-32.0	-18.0	45.0	-128.0	-20.0	76.3
61	113.0	24.0	-66.0	13.0	-14.0	14.0	127.0	-16.0	83.32
62	-78.0	-104.0	85.0	-123.0	6.0	7.0	9.0	68.0	82.65
63	7.0	127.0	-127.0	-14.0	-8.0	24.0	83.0	-54.0	97.1
64	-26.0	-66.0	56.0	-42.0	-19.0	-30.0	14.0	7.0	104.73
65	127.0	90.0	0.0	72.0	29.0	6.0	-47.0	-49.0	94.79
66	-44.0	16.0	-29.0	2.0	-29.0	37.0	11.0	-45.0	80.72
67	-95.0	-107.0	-128.0	-8.0	-14.0	-21.0	-24.0	25.0	87.71
68	-51.0	17.0	19.0	18.0	3.0	10.0	12.0	54.0	88.08
69	-128.0	-28.0	44.0	0.0	15.0	22.0	85.0	65.0	94.66
70	-114.0	80.0	-128.0	127.0	6.0	-26.0	-14.0	28.0	101.42
71	127.0	-40.0	27.0	4.0	9.0	-33.0	-98.0	-35.0	108.03
72	-92.0	48.0	-26.0	16.0	5.0	4.0	6.0	-1.0	97.1
73	75.0	32.0	-68.0	-111.0	5.0	18.0	91.0	1.0	106.11
74	-89.0	15.0	52.0	6.0	18.0	17.0	-14.0	-38.0	89.78
75	127.0	28.0	9.0	99.0	-4.0	-1.0	14.0	2.0	109.95
76	-4.0	-43.0	18.0	-24.0	10.0	27.0	-9.0	-11.0	124.9
77	-80.0	-23.0	-27.0	-19.0	-30.0	-16.0	-8.0	-82.0	115.18
78	81.0	117.0	127.0	26.0	-21.0	4.0	-47.0	39.0	115.18
79	-112.0	-66.0	-39.0	-4.0	-23.0	-25.0	-5.0	-42.0	125.12
80	-55.0	-91.0	64.0	-22.0	19.0	28.0	53.0	46.0	116.42
81	-128.0	-60.0	-23.0	31.0	9.0	-40.0	-31.0	-49.0	111.98
82	14.0	-75.0	3.0	-128.0	-3.0	9.0	61.0	-3.0	125.12
83	127.0	-22.0	4.0	-90.0	9.0	-43.0	27.0	51.0	120.4
84	-24.0	82.0	-127.0	-19.0	-14.0	9.0	-11.0	-63.0	114.75
85	93.0	-47.0	83.0	96.0	9.0	-6.0	7.0	63.0	125.14
86	48.0	33.0	-100.0	-13.0	1.0	-6.0	-33.0	-11.0	125.14
87	9.0	45.0	98.0	-26.0	-19.0	-9.0	-74.0	111.0	125.06
88	127.0	-12.0	52.0	9.0	-1.0	26.0	5.0	108.0	127.86
