0	-44.0	-36.0	-63.0	102.0	4.0	-2.0	-2.0	-1.0	56.37
1	71.0	-95.0	34.0	-21.0	-19.0	-11.0	-4.0	65.0	54.23
2	-31.0	-24.0	-38.0	-58.0	-2.0	-25.0	-4.0	-7.0	51.02
3	-91.0	127.0	58.0	-14.0	0.0	6.0	-9.0	54.0	50.86
4	127.0	-76.0	43.0	-48.0	9.0	2.0	11.0	-46.0	50.79
5	-13.0	-128.0	-105.0	-50.0	-3.0	-12.0	5.0	30.0	50.04
6	111.0	-33.0	-29.0	18.0	-6.0	-2.0	-4.0	14.0	50.79
7	-60.0	-87.0	83.0	-127.0	6.0	5.0	-3.0	-40.0	50.04
8	127.0	18.0	31.0	27.0	-6.0	-30.0	2.0	-32.0	40.49
9	53.0	-83.0	-44.0	69.0	-46.0	0.0	11.0	16.0	38.07
10	92.0	-63.0	52.0	61.0	7.0	-4.0	3.0	14.0	33.52
11	-99.0	-38.0	53.0	-120.0	9.0	-11.0	-4.0	-15.0	33.07
12	117.0	54.0	113.0	9.0	-1.0	19.0	-18.0	-12.0	33.92
13	103.0	88.0	108.0	29.0	5.0	0.0	5.0	-11.0	33.52
14	-123.0	-103.0	11.0	39.0	-9.0	8.0	22.0	32.0	32.9
15	-51.0	65.0	-45.0	-58.0	-8.0	5.0	6.0	-21.0	32.9
16	48.0	59.0	100.0	-57.0	6.0	14.0	5.0	-67.0	36.09
17	89.0	11.0	-11.0	59.0	8.0	-8.0	-10.0	-35.0	34.39
18	-6.0	24.0	-9.0	8.0	3.0	-5.0	26.0	-1.0	36.09
19	3.0	91.0	-128.0	-18.0	12.0	-18.0	7.0	-3.0	40.49
20	12.0	-128.0	70.0	41.0	1.0	-2.0	2.0	-70.0	37.49
21	-109.0	9.0	-102.0	19.0	-11.0	2.0	2.0	7.0	38.12
22	24.0	98.0	-68.0	-11.0	2.0	12.0	21.0	15.0	49.24
23	-81.0	-70.0	-74.0	-13.0	-12.0	5.0	-5.0	12.0	42.82
24	-28.0	59.0	42.0	47.0	10.0	3.0	10.0	56.0	49.24
25	37.0	48.0	12.0	-28.0	-26.0	-27.0	8.0	-94.0	54.23
26	-57.0	22.0	-43.0	-30.0	-5.0	16.0	-7.0	5.0	65.69
27	-76.0	7.0	108.0	0.0	6.0	37.0	5.0	10.0	71.92
28	38.0	127.0	18.0	-78.0	24.0	-15.0	23.0	47.0	75.55
29	46.0	-24.0	-11.0	4.0	-5.0	-3.0	-4.0	14.0	72.7
30	65.0	-7.0	98.0	-39.0	10.0	30.0	1.0	39.0	63.94
31	-16.0	-30.0	108.0	47.0	8.0	4.0	5.0	-25.0	61.42
32	105.0	127.0	16.0	6.0	-14.0	-28.0	-8.0	-13.0	56.08
33	92.0	114.0	53.0	64.0	-5.0	41.0	12.0	-25.0	56.28
34	-128.0	-18.0	61.0	27.0	4.0	-8.0	-27.0	0.0	77.83
35	3.0	-30.0	33.0	-8.0	-6.0	-46.0	-14.0	4.0	68.53
36	-14.0	-128.0	2.0	12.0	-3.0	16.0	1.0	86.0	78.76
37	127.0	64.0	-23.0	-33.0	7.0	6.0	-51.0	-9.0	88.68
38	96.0	11.0	16.0	-4.0	2.0	7.0	2.0	-81.0	88.68
39	-43.0	-43.0	15.0	34.0	-15.0	5.0	-30.0	34.0	95.12
40	-78.0	67.0	-91.0	20.0	5.0	13.0	11.0	-7.0	97.35
41	-77.0	71.0	68.0	127.0	10.0	2.0	0.0	14.0	95.12
42	-116.0	4.0	-17.0	-39.0	-20.0	0.0	-2.0	-25.0	108.29
43	127.0	127.0	-72.0	-20.0	-23.0	-17.0	12.0	16.0	106.18
44	-2.0	84.0	-36.0	3.0	40.0	9.0	-13.0	-2.0	101.48
45	-38.0	96.0	101.0	44.0	-9.0	1.0	2.0	8.0	100.01
46	-128.0	-4.0	-121.0	-76.0	-33.0	-3.0	3.0	-38.0	91.65
47	62.0	-103.0	12.0	1.0	-5.0	-7.0	2.0	1.0	80.1
48	-57.0	25.0	41.0	-5.0	-4.0	6.0	1.0	30.0	83.62
49	10.0	127.0	52.0	4.0	0.0	-2.0	10.0	-77.0	86.2
50	66.0	64.0	-27.0	-47.0	-17.0	-8.0	4.0	59.0	84.5
51	-92.0	88.0	-71.0	-1.0	8.0	3.0	-4.0	-73.0	94.4
52	39.0	19.0	-8.0	4.0	-8.0	-14.0	9.0	54.0	86.2
53	19.0	-107.0	116.0	-100.0	-5.0	10.0	-8.0	-35.0	97.35
54	127.0	67.0	-70.0	-21.0	-16.0	7.0	-41.0	23.0	113.22
55	1.0	43.0	4.0	28.0	17.0	10.0	2.0	-7.0	108.29
56	35.0	-105.0	93.0	3.0	-4.0	9.0	3.0	-51.0	116.37
57	5.0	87.0	-49.0	-49.0	-15.0	0.0	-14.0	4.0	117.67
58	-26.0	-59.0	2.0	12.0	24.0	-11.0	-1.0	-38.0	113.22
59	-128.0	-128.0	92.0	56.0	4.0	3.0	-3.0	-22.0	110.23
60	-128.0	-45.0	11.0	59.0	-18.0	-3.0	-7.0	21.0	117.67
61	11.0	-30.0	-68.0	-6.0	1.0	-3.0	-20.0	40.0	118.51
62	-128.0	61.0	-4.0	8.0	28.0	1.0	10.0	12.0	114.76
63	14.0	50.0	-20.0	38.0	0.0	-23.0	-6.0	85.0	119.93
64	40.0	34.0	-51.0	-9.0	11.0	8.0	9.0	100.0	120.78
65	45.0	-23.0	-65.0	-31.0	-6.0	-4.0	-3.0	20.0	121.15
66	-65.0	100.0	26.0	-28.0	-21.0	25.0	13.0	39.0	121.15
67	65.0	75.0	-27.0	4.0	-7.0	14.0	20.0	15.0	121.16
68	127.0	23.0	20.0	-1.0	8.0	-6.0	-3.0	-16.0	120.33
69	127.0	39.0	-48.0	6.0	-7.0	-38.0	-2.0	30.0	119.93
70	127.0	-28.0	19.0	-100.0	24.0	13.0	9.0	-23.0	118.51
71	-49.0	-84.0	46.0	-66.0	-3.0	9.0	-8.0	61.0	118.09
72	-56.0	-9.0	56.0	-17.0	2.0	-17.0	5.0	6.0	101.48
73	10.0	9.0	-20.0	-44.0	34.0	1.0	22.0	5.0	100.85
74	111.0	64.0	-56.0	73.0	8.0	-9.0	-5.0	10.0	91.65
75	64.0	24.0	-90.0	70.0	7.0	8.0	-6.0	-24.0	75.9
76	21.0	106.0	-21.0	-27.0	-20.0	-17.0	-10.0	17.0	58.06
77	-19.0	-103.0	-128.0	37.0	1.0	12.0	10.0	15.0	60.77
78	72.0	45.0	87.0	27.0	8.0	8.0	2.0	11.0	56.28
79	77.0	-9.0	0.0	-97.0	9.0	24.0	-9.0	31.0	60.77
80	-80.0	-16.0	123.0	-2.0	8.0	0.0	-4.0	-23.0	77.83
81	20.0	-1.0	-9.0	9.0	-6.0	0.0	10.0	10.0	80.1
82	95.0	-23.0	-102.0	-17.0	-4.0	11.0	-16.0	41.0	66.94
83	124.0	127.0	28.0	-120.0	-8.0	-9.0	-11.0	-22.0	63.94
84	-22.0	7.0	57.0	-5.0	5.0	-4.0	8.0	26.0	72.7
85	-64.0	-47.0	-128.0	92.0	2.0	-9.0	6.0	42.0	71.92
