0	-56.0	-105.0	-29.0	73.0	8.0	10.0	3.0	-3.0	121.16
1	111.0	11.0	53.0	38.0	9.0	-17.0	5.0	41.0	121.15
2	11.0	-38.0	12.0	6.0	6.0	-4.0	-4.0	12.0	120.78
3	124.0	-128.0	-102.0	-21.0	-21.0	-9.0	20.0	-32.0	119.93
4	89.0	98.0	2.0	4.0	12.0	3.0	-3.0	-35.0	113.22
5	-26.0	67.0	-20.0	-17.0	-6.0	-7.0	-9.0	10.0	117.67
6	10.0	-128.0	-48.0	-31.0	8.0	3.0	-7.0	12.0	113.22
7	72.0	-47.0	-71.0	-48.0	2.0	14.0	-9.0	30.0	121.15
8	103.0	88.0	-65.0	37.0	-4.0	0.0	-3.0	86.0	118.51
9	-77.0	84.0	0.0	102.0	-16.0	12.0	2.0	30.0	118.51
10	111.0	100.0	11.0	4.0	11.0	16.0	-16.0	47.0	116.37
11	-19.0	24.0	-102.0	-100.0	10.0	1.0	-18.0	1.0	117.67
12	-43.0	-18.0	101.0	47.0	-4.0	-46.0	-4.0	26.0	118.09
13	48.0	64.0	-43.0	-14.0	-5.0	13.0	9.0	-40.0	119.93
14	77.0	127.0	-90.0	-11.0	-26.0	4.0	-8.0	34.0	120.33
15	64.0	67.0	108.0	-120.0	-1.0	-14.0	-1.0	14.0	108.29
16	-80.0	-59.0	-4.0	-17.0	-19.0	-27.0	9.0	-35.0	108.29
17	95.0	23.0	-20.0	-50.0	7.0	9.0	-8.0	32.0	106.18
18	71.0	-1.0	61.0	92.0	8.0	-8.0	6.0	-22.0	95.12
19	127.0	-76.0	93.0	-20.0	-3.0	-30.0	5.0	-22.0	77.83
20	10.0	127.0	52.0	8.0	-8.0	25.0	-30.0	-7.0	88.68
21	-44.0	-9.0	-8.0	27.0	-6.0	-3.0	11.0	85.0	77.83
22	3.0	-23.0	31.0	34.0	-6.0	-4.0	2.0	-11.0	75.55
23	127.0	91.0	2.0	39.0	-5.0	-8.0	21.0	15.0	71.92
24	-57.0	-70.0	83.0	44.0	1.0	8.0	-3.0	0.0	65.69
25	-14.0	127.0	-128.0	-33.0	-8.0	-3.0	-41.0	61.0	72.7
26	-65.0	43.0	57.0	19.0	10.0	-2.0	23.0	54.0	94.4
27	-51.0	4.0	34.0	4.0	-20.0	11.0	9.0	14.0	86.2
28	12.0	-36.0	56.0	-66.0	-6.0	-23.0	12.0	-1.0	97.35
29	-38.0	22.0	98.0	59.0	5.0	2.0	-10.0	100.0	101.48
30	65.0	9.0	92.0	47.0	9.0	-2.0	11.0	40.0	91.65
31	45.0	75.0	-121.0	-6.0	5.0	16.0	-20.0	-25.0	97.35
32	-123.0	-95.0	-36.0	56.0	-20.0	5.0	-2.0	39.0	100.01
33	-92.0	64.0	46.0	-47.0	-5.0	14.0	2.0	16.0	75.9
34	-16.0	127.0	-105.0	-39.0	-8.0	-18.0	-4.0	56.0	72.7
35	92.0	19.0	-23.0	-5.0	8.0	-12.0	0.0	-77.0	91.65
36	-2.0	-45.0	-17.0	6.0	-5.0	1.0	2.0	54.0	84.5
37	1.0	11.0	33.0	-28.0	4.0	0.0	3.0	-38.0	80.1
38	127.0	-63.0	-9.0	-127.0	7.0	-9.0	-6.0	42.0	68.53
39	19.0	-43.0	-74.0	12.0	-23.0	-4.0	-27.0	-21.0	71.92
40	65.0	59.0	108.0	70.0	-6.0	0.0	11.0	-70.0	61.42
41	-99.0	-30.0	87.0	27.0	40.0	9.0	10.0	-9.0	38.12
42	66.0	96.0	-27.0	-97.0	0.0	5.0	-13.0	5.0	49.24
43	127.0	88.0	16.0	69.0	-14.0	24.0	-14.0	59.0	50.04
44	62.0	-87.0	42.0	127.0	1.0	8.0	5.0	-12.0	40.49
45	14.0	87.0	-9.0	18.0	10.0	-38.0	22.0	6.0	50.86
46	-128.0	-7.0	70.0	-4.0	2.0	2.0	-6.0	7.0	49.24
47	-91.0	114.0	43.0	8.0	-11.0	6.0	-5.0	-25.0	50.04
48	-57.0	7.0	-38.0	-120.0	7.0	-11.0	2.0	21.0	40.49
49	-60.0	45.0	-27.0	-18.0	4.0	-6.0	-14.0	-67.0	42.82
50	-22.0	34.0	116.0	27.0	0.0	0.0	4.0	31.0	34.39
51	92.0	-103.0	-63.0	64.0	2.0	9.0	1.0	-1.0	36.09
52	-31.0	-9.0	20.0	-44.0	34.0	0.0	-3.0	-24.0	33.52
53	-128.0	-103.0	-56.0	20.0	-9.0	-15.0	-10.0	-46.0	33.92
54	53.0	-24.0	53.0	28.0	17.0	5.0	2.0	-13.0	37.49
55	21.0	-30.0	41.0	-49.0	24.0	7.0	-4.0	-51.0	50.79
56	96.0	54.0	-11.0	-27.0	-46.0	-11.0	-4.0	30.0	60.77
57	-64.0	-128.0	28.0	-1.0	-18.0	-2.0	10.0	-2.0	56.28
58	127.0	-28.0	-45.0	4.0	28.0	30.0	-51.0	-7.0	58.06
59	-109.0	39.0	-11.0	-100.0	-3.0	0.0	-4.0	23.0	56.28
60	-128.0	59.0	-44.0	-13.0	8.0	-5.0	8.0	-25.0	50.79
61	-13.0	-33.0	68.0	-5.0	-4.0	-3.0	8.0	65.0	54.23
62	39.0	-128.0	-91.0	-28.0	5.0	-8.0	2.0	4.0	38.07
63	24.0	-84.0	18.0	-1.0	-15.0	-11.0	22.0	14.0	33.52
64	-78.0	-103.0	108.0	-9.0	-7.0	8.0	10.0	14.0	32.9
65	105.0	18.0	113.0	41.0	-7.0	-28.0	-4.0	-38.0	32.9
66	-28.0	50.0	-70.0	-76.0	0.0	-2.0	-2.0	8.0	33.07
67	35.0	48.0	52.0	-39.0	-17.0	13.0	10.0	-15.0	36.09
68	127.0	-83.0	58.0	12.0	-5.0	-25.0	5.0	-16.0	54.23
69	127.0	7.0	11.0	61.0	9.0	12.0	5.0	17.0	51.02
70	3.0	-107.0	-51.0	9.0	8.0	37.0	5.0	10.0	56.08
71	5.0	64.0	4.0	0.0	6.0	5.0	-8.0	15.0	60.77
72	-128.0	65.0	-128.0	3.0	24.0	2.0	1.0	20.0	56.37
73	-76.0	25.0	15.0	-78.0	-12.0	6.0	-5.0	15.0	63.94
74	-6.0	24.0	-21.0	-57.0	-15.0	-17.0	-7.0	11.0	63.94
75	-81.0	-16.0	12.0	3.0	24.0	41.0	7.0	5.0	66.94
76	37.0	-23.0	-68.0	1.0	8.0	10.0	3.0	-73.0	78.76
77	-116.0	61.0	-49.0	59.0	-9.0	1.0	-11.0	39.0	80.1
78	-49.0	127.0	-128.0	-58.0	-3.0	3.0	26.0	-81.0	83.62
79	46.0	106.0	26.0	-2.0	6.0	-9.0	10.0	-7.0	86.2
80	127.0	-4.0	19.0	9.0	-33.0	-17.0	-2.0	-94.0	88.68
81	-128.0	71.0	-68.0	-8.0	3.0	6.0	6.0	4.0	95.12
82	40.0	-30.0	16.0	-30.0	-2.0	19.0	2.0	10.0	100.85
83	38.0	-24.0	123.0	-58.0	2.0	-3.0	1.0	-23.0	101.48
84	117.0	9.0	100.0	29.0	4.0	8.0	13.0	-23.0	110.23
85	20.0	127.0	-72.0	-21.0	1.0	7.0	12.0	16.0	114.76
